2.4877784164137604,7.367939246005518,5.433588898047195,-2.2984529545234254,-4.375199878429633,-8.602165689569345,-4.25314709786783,-6.628075159397444,-0.47915318819690544,-4.782483432477584,-5.510025454408667,-4.056565118781785,1.753132447636154
7.367939246005518,37.00038597343583,29.80700711446277,-4.510419686807305,-8.659382971470944,-26.772284624379356,-8.861745971768508,-16.473169033937744,5.548791328721646,-15.98542616845278,-5.835707776200584,-13.295128838221652,9.495948234626441
5.433588898047195,29.80700711446277,32.944058099137514,14.344426384246841,1.125509084021073,-12.134891911633432,-6.965739390878804,-8.992199172908236,1.5975830134293714,-5.2259880802706205,-0.37928833856852834,-5.1524717464146015,3.5550353984889087
-2.2984529545234254,-4.510419686807305,14.344426384246841,44.25278197898068,29.20598841427031,29.933826102827588,4.55112974532014,12.897902676770473,-4.457573596960534,20.963132441582115,11.913131068323047,14.869095837467537,-11.303209145195185
-4.375199878429633,-8.659382971470944,1.125509084021073,29.20598841427031,43.361474473069414,43.91681629872362,19.944057048572287,19.33468354614154,3.055401049916222,13.319191801007033,17.28563760409478,9.115924912398874,-8.32218447827427
-8.602165689569345,-26.772284624379356,-12.134891911633432,29.933826102827588,43.91681629872362,73.66353222994819,43.14394504551388,42.21418061822731,5.598963210743242,23.26002151885679,19.146779044421013,16.03007758925559,-11.169623935249838
-4.25314709786783,-8.861745971768508,-6.965739390878804,4.55112974532014,19.944057048572287,43.14394504551388,56.5031869663866,47.31715192999448,19.144353269088985,9.432459699192847,8.945478608290374,3.91556213487152,-0.8716546183140853
-6.628075159397444,-16.473169033937744,-8.992199172908236,12.897902676770473,19.33468354614154,42.21418061822731,47.31715192999448,66.73431734700924,36.806517959100056,30.054639295307314,20.14507589953952,11.15569605568289,-6.145016662273418
-0.47915318819690544,5.548791328721646,1.5975830134293714,-4.457573596960534,3.055401049916222,5.598963210743242,19.144353269088985,36.806517959100056,56.48484978732655,36.260903538577644,19.734327151914318,5.594008481161881,6.207302218402845
-4.782483432477584,-15.98542616845278,-5.2259880802706205,20.963132441582115,13.319191801007033,23.26002151885679,9.432459699192847,30.054639295307314,36.260903538577644,72.47237149799754,48.04714791817862,36.428340641512634,2.9713821420719824
-5.510025454408667,-5.835707776200584,-0.37928833856852834,11.913131068323047,17.28563760409478,19.146779044421013,8.945478608290374,20.14507589953952,19.734327151914318,48.04714791817862,77.52866842266846,50.1193361285726,22.211103374455913
-4.056565118781785,-13.295128838221652,-5.1524717464146015,14.869095837467537,9.115924912398874,16.03007758925559,3.91556213487152,11.15569605568289,5.594008481161881,36.428340641512634,50.1193361285726,74.29434901501429,43.10167356922551
1.753132447636154,9.495948234626441,3.5550353984889087,-11.303209145195185,-8.32218447827427,-11.169623935249838,-0.8716546183140853,-6.145016662273418,6.207302218402845,2.9713821420719824,22.211103374455913,43.10167356922551,66.97769292002903
