2.899343932679627,5.947804024076653,5.396468229246052,-6.080865946649226,-13.671924341394416,7.254609484741694,0.4262762752216478,-5.713203722907815,-0.8266076748357423,-2.608243924451963,-7.502750432817805,-4.086343958214958,-1.1087206798420488
5.947804024076653,40.57091285647225,14.513371551884772,-33.09009327708317,-5.499594165047379,-18.060542911513817,23.347880395704035,-0.44596257919074317,13.701941809488488,-15.208900677938967,16.09254465047116,-12.050891153643377,7.689052166591812
5.396468229246052,14.513371551884772,27.46537302875944,15.062116269387978,-18.434674638135952,17.46065385518569,-0.037755854191920964,-3.659994106703394,-3.575955110179966,-2.0185401904743725,-16.06173995582084,-6.390231272767263,-6.371364774233596
-6.080865946649226,-33.09009327708317,15.062116269387978,95.28569536797619,61.18102162613087,22.10799733571065,-20.573435843824345,12.594656989330506,-18.698221371621376,12.944293258364674,-18.096511256877744,1.2174092789031383,-27.29742699424033
-13.671924341394416,-5.499594165047379,-18.434674638135952,61.18102162613087,191.08543771228992,-49.511445106513456,25.944291908889888,35.61087482863753,10.768703666583503,-10.232295089884968,61.17142437829033,-13.14117473848905,-16.640467838092835
7.254609484741694,-18.060542911513817,17.46065385518569,22.10799733571065,-49.511445106513456,124.47119108020861,8.237361202549161,-7.565737021100442,-5.363152361036389,18.324985028892463,-59.21300039317364,3.4596247708233996,-8.184491807846728
0.4262762752216478,23.347880395704035,-0.037755854191920964,-20.573435843824345,25.944291908889888,8.237361202549161,67.56076994256784,41.03263167852997,26.546781711836537,-4.101191608686015,22.89611348813829,-8.436588559762077,2.3597805596849932
-5.713203722907815,-0.44596257919074317,-3.659994106703394,12.594656989330506,35.61087482863753,-7.565737021100442,41.03263167852997,64.68579270267078,36.04593540240233,14.930970048853059,24.285070770454634,6.374478253523883,-0.7321073960012519
-0.8266076748357423,13.701941809488488,-3.575955110179966,-18.698221371621376,10.768703666583503,-5.363152361036389,26.546781711836537,36.04593540240233,58.762569246404034,30.6602891410739,34.923391173547365,12.893226206598241,21.482556571649663
-2.608243924451963,-15.208900677938967,-2.0185401904743725,12.944293258364674,-10.232295089884968,18.324985028892463,-4.101191608686015,14.930970048853059,30.6602891410739,63.57108696061533,29.077332196195886,35.940078085796124,24.536356734264814
-7.502750432817805,16.09254465047116,-16.06173995582084,-18.096511256877744,61.17142437829033,-59.21300039317364,22.89611348813829,24.285070770454634,34.923391173547365,29.077332196195886,107.40987702468671,45.92810147566411,46.0839063099098
-4.086343958214958,-12.050891153643377,-6.390231272767263,1.2174092789031383,-13.14117473848905,3.4596247708233996,-8.436588559762077,6.374478253523883,12.893226206598241,35.940078085796124,45.92810147566411,74.81630609919367,59.643372601377905
-1.1087206798420488,7.689052166591812,-6.371364774233596,-27.29742699424033,-16.640467838092835,-8.184491807846728,2.3597805596849932,-0.7321073960012519,21.482556571649663,24.536356734264814,46.0839063099098,59.643372601377905,79.86561494996309
