3.8566053890839296,2.8068185446345204,-3.4928411855885018,-7.871120619570925,3.6062109158028575,-6.28570862270639,-0.26856491001929217,-4.182383418444418,4.877582265459742,0.2412947579635842,5.221525600625517,4.586688100738268,3.02821885465122
2.8068185446345204,55.08094386911393,27.553172391625527,-18.226820228131793,42.06860506963893,-16.67603783310011,13.632253113925993,-7.848757073966877,33.97196912801998,-18.902872122009907,26.804895267624957,-5.987788186424911,1.2609173255087558
-3.4928411855885018,27.553172391625527,88.03795073655546,92.64666849083173,-35.73437338386086,42.58752167080612,10.669986363972225,24.89298297346506,-19.66613785556587,48.38069938039154,-0.8512890739782017,-10.823107416284774,-4.285760221880521
-7.871120619570925,-18.226820228131793,92.64666849083173,162.93502846376512,-61.869559037256025,81.84283418482259,5.069645659436203,47.46733159265255,-59.12134513416936,83.30001695617992,-29.084501933055165,-5.264064792741302,-11.70447184620847
3.6062109158028575,42.06860506963893,-35.73437338386086,-61.869559037256025,156.12221217616622,-20.463366331696346,20.098774641696515,-12.331439560188384,66.959013699276,-74.28565095160593,27.747708587086777,11.494667078421383,-2.5093403699206354
-6.28570862270639,-16.67603783310011,42.58752167080612,81.84283418482259,-20.463366331696346,99.17553398897758,37.57324271879797,35.89918220022619,-31.423189231712808,42.15287835613385,-22.41024970784933,-11.198572610031093,-0.10417310802623231
-0.26856491001929217,13.632253113925993,10.669986363972225,5.069645659436203,20.098774641696515,37.57324271879797,62.64989589921104,36.56341108539747,17.047984964383037,1.750975793110698,5.937779275593992,-5.476706061360192,2.1718866753855655
-4.182383418444418,-7.848757073966877,24.89298297346506,47.46733159265255,-12.331439560188384,35.89918220022619,36.56341108539747,72.10073396628029,23.315238623576228,33.62454316812791,-7.926766945535508,-0.28603286483277524,-6.009191156478183
4.877582265459742,33.97196912801998,-19.66613785556587,-59.12134513416936,66.959013699276,-31.423189231712808,17.047984964383037,23.315238623576228,105.79949509864747,0.7990852347194783,39.259654919577734,9.322440217255487,8.119540230564125
0.2412947579635842,-18.902872122009907,48.38069938039154,83.30001695617992,-74.28565095160593,42.15287835613385,1.750975793110698,33.62454316812791,0.7990852347194783,130.01088036100677,29.62816960435616,17.68658632717564,8.846986989618573
5.221525600625517,26.804895267624957,-0.8512890739782017,-29.084501933055165,27.747708587086777,-22.41024970784933,5.937779275593992,-7.926766945535508,39.259654919577734,29.62816960435616,91.83163616180349,51.84108339713273,24.411355404292085
4.586688100738268,-5.987788186424911,-10.823107416284774,-5.264064792741302,11.494667078421383,-11.198572610031093,-5.476706061360192,-0.28603286483277524,9.322440217255487,17.68658632717564,51.84108339713273,77.72818652010223,44.46178332576217
3.02821885465122,1.2609173255087558,-4.285760221880521,-11.70447184620847,-2.5093403699206354,-0.10417310802623231,2.1718866753855655,-6.009191156478183,8.119540230564125,8.846986989618573,24.411355404292085,44.46178332576217,63.64213865955041
