12.050290404094406,3.9163537009258715,-3.1605849091054417,-10.03569389003006,-4.101074287090102,-5.814980336274098,2.645242881196548,3.659391383794333,9.571964393660759,-2.1075279106259406,-2.187830630264605,-5.324067292647783,0.21216572036498021
3.9163537009258715,60.12823214334017,4.543175172596108,-32.04498846500411,71.86194937390175,-52.346066024693506,30.003870435118,-11.375528209358164,14.263032968044838,-33.73224598659357,42.86053396609018,-13.180518519426965,-2.3450759156365715
-3.1605849091054417,4.543175172596108,30.440910857387475,26.16575248113175,-27.326678838609965,38.82952367319326,-2.6293260716956564,-2.1718478182686067,-16.779366911888207,10.60913851752974,-8.018076174257429,7.785806979003198,7.5048187163496065
-10.03569389003006,-32.04498846500411,26.16575248113175,74.62384292182246,-23.001342725656055,66.03710758665694,-23.95520068682435,-10.923659544581062,-54.32662375209128,21.88372109944955,-23.847289796057026,26.584494276774254,4.433687077105269
-4.101074287090102,71.86194937390175,-27.326678838609965,-23.001342725656055,226.77202377976153,-96.55010439792558,42.83318541159553,-47.065052319368135,-20.12352349736527,-94.49423518499042,72.74077347245488,-10.01463251724356,-11.780692677004774
-5.814980336274098,-52.346066024693506,38.82952367319326,66.03710758665694,-96.55010439792558,185.06064567236902,-1.9534056371277413,-19.343406532129148,-72.21714797173203,43.957503861592464,-37.621318439251326,39.14185469273681,30.748527975615808
2.645242881196548,30.003870435118,-2.6293260716956564,-23.95520068682435,42.83318541159553,-1.9534056371277413,92.53779219858536,37.586608832152365,19.26675777094038,-5.900637010627425,46.64503247557311,3.22335265808453,5.580238101834606
3.659391383794333,-11.375528209358164,-2.1718478182686067,-10.923659544581062,-47.065052319368135,-19.343406532129148,37.586608832152365,175.40155737717458,192.1583044829233,88.8139083696147,-21.666897145619306,-31.069640169423423,-26.80749509959771
9.571964393660759,14.263032968044838,-16.779366911888207,-54.32662375209128,-20.12352349736527,-72.21714797173203,19.26675777094038,192.1583044829233,310.6386322905667,115.86564340423918,-32.854811882394756,-79.41737451636553,-35.15613667076472
-2.1075279106259406,-33.73224598659357,10.60913851752974,21.88372109944955,-94.49423518499042,43.957503861592464,-5.900637010627425,88.8139083696147,115.86564340423918,162.45765665720214,18.963651269035214,21.80209316911935,-0.2292830814422966
-2.187830630264605,42.86053396609018,-8.018076174257429,-23.847289796057026,72.74077347245488,-37.621318439251326,46.64503247557311,-21.666897145619306,-32.854811882394756,18.963651269035214,179.7156140321568,101.55596576581415,29.304637783766115
-5.324067292647783,-13.180518519426965,7.785806979003198,26.584494276774254,-10.01463251724356,39.14185469273681,3.22335265808453,-31.069640169423423,-79.41737451636553,21.80209316911935,101.55596576581415,146.8876347400218,61.23452425964012
0.21216572036498021,-2.3450759156365715,7.5048187163496065,4.433687077105269,-11.780692677004774,30.748527975615808,5.580238101834606,-26.80749509959771,-35.15613667076472,-0.2292830814422966,29.304637783766115,61.23452425964012,74.35205546042785
