2.0893864115722884,1.860542718845761,-1.2991969191876296,-5.044084612616491,-1.2586633959452236,-3.2991688438603592,2.1686147539510134,-1.7606639955115482,0.17868104279526445,-2.1972755381814113,-0.13189696143736102,-0.8320219786083677,-0.5728969446694624
1.860542718845761,42.064303824629825,11.358825168474784,-27.401079490047557,39.536917837025406,-19.4558307229959,9.163988851698692,-8.175118516521561,24.271959436473622,-33.47943864756071,16.637645949494257,-3.670697619633808,4.238621588013358
-1.2991969191876296,11.358825168474784,46.471949847364144,52.72449759662046,-23.22640779539701,31.224401291065593,3.4655143532041497,12.967271108958853,-19.474217580227513,17.874360126111586,-14.270819416453877,1.8805455724303903,15.377083189515625
-5.044084612616491,-27.401079490047557,52.72449759662046,120.93475308933002,-33.23261614970287,66.77662988844729,-4.828530350538326,31.029485962462203,-41.06399998017639,58.22567879807604,-35.36188868414751,13.530332310013225,21.131115933475893
-1.2586633959452236,39.536917837025406,-23.22640779539701,-33.23261614970287,178.49521439904552,-21.84019229870979,5.276090898903605,-4.68059902573841,85.56895745353417,-58.88039830979039,31.950788184250147,15.59554260550404,6.660104907037178
-3.2991688438603592,-19.4558307229959,31.224401291065593,66.77662988844729,-21.84019229870979,85.37464181085107,23.712464893060456,22.466196164513637,-22.60120466811381,47.46006563466984,-20.026278898383705,0.34231977138746056,18.360497497200058
2.1686147539510134,9.163988851698692,3.4655143532041497,-4.828530350538326,5.276090898903605,23.712464893060456,53.02192642934255,27.899821344454608,11.82747934558633,3.154100505620865,7.570726872955617,-1.4282692354943411,3.2857909074299783
-1.7606639955115482,-8.175118516521561,12.967271108958853,31.029485962462203,-4.68059902573841,22.466196164513637,27.899821344454608,58.8109471630909,25.977397111301322,25.70186833606002,-1.589502774215175,11.240117462043257,3.122853874435444
0.17868104279526445,24.271959436473622,-19.474217580227513,-41.06399998017639,85.56895745353417,-22.60120466811381,11.82747934558633,25.977397111301322,106.39206958376363,4.271526496082774,37.51835802355668,9.200071746962,4.484963532837327
-2.1972755381814113,-33.47943864756071,17.874360126111586,58.22567879807604,-58.88039830979039,47.46006563466984,3.154100505620865,25.70186833606002,4.271526496082774,115.22176930645404,18.809883243038314,17.14967981431659,15.91814406293503
-0.13189696143736102,16.637645949494257,-14.270819416453877,-35.36188868414751,31.950788184250147,-20.026278898383705,7.570726872955617,-1.589502774215175,37.51835802355668,18.809883243038314,81.1637763335181,40.47554195809231,13.593670966741838
-0.8320219786083677,-3.670697619633808,1.8805455724303903,13.530332310013225,15.59554260550404,0.34231977138746056,-1.4282692354943411,11.240117462043257,9.200071746962,17.14967981431659,40.47554195809231,69.12810284346605,43.09641175403931
-0.5728969446694624,4.238621588013358,15.377083189515625,21.131115933475893,6.660104907037178,18.360497497200058,3.2857909074299783,3.122853874435444,4.484963532837327,15.91814406293503,13.593670966741838,43.09641175403931,67.88631224685314
