5.3109486582933,15.267342999507163,-1.0839701367833163,-19.607661097203007,4.627184636051299,-9.0869256291046,6.0654403324263475,-8.342616057171961,7.273042680418106,-11.140809464299242,0.04955721696249434,-2.072521547823856,1.3180747662361014
15.267342999507163,86.2118156868287,24.456083684493755,-64.25554974195295,23.423189346013054,-30.749444512902766,21.384770760364027,-29.683664510257103,30.956948298539146,-46.7200215613423,16.009785654064057,-4.562728378158778,16.811042461192105
-1.0839701367833163,24.456083684493755,51.43630909090213,50.38544097835013,-14.148759069541306,24.165629242094383,8.396723853465593,16.90841537393495,-11.313828343896066,23.65338253251874,8.341534257378981,13.483927094243134,18.135674490493635
-19.607661097203007,-64.25554974195295,50.38544097835013,166.5800205080775,-23.36123424177908,80.69906985553594,-5.702410966651493,70.35252768941713,-43.160122773051114,95.55614944932589,-0.7220248520975396,34.86032830471621,11.180669617457042
4.627184636051299,23.423189346013054,-14.148759069541306,-23.36123424177908,103.54883737787922,7.901226304792526,23.851644027118216,9.07168293190911,59.79908164251198,-27.289164204380594,23.625170262100365,17.21044040704806,10.545170581071947
-9.0869256291046,-30.749444512902766,24.165629242094383,80.69906985553594,7.901226304792526,78.88817488125422,24.297164778836926,42.592440004439275,-8.971665317324465,56.21775659180404,8.400886660302525,16.809965329894826,15.531123050969034
6.0654403324263475,21.384770760364027,8.396723853465593,-5.702410966651493,23.851644027118216,24.297164778836926,57.265515266938195,31.474581057269134,28.074472122347924,1.4630133882814325,9.482637526619623,10.023533850381913,14.028016622025756
-8.342616057171961,-29.683664510257103,16.90841537393495,70.35252768941713,9.07168293190911,42.592440004439275,31.474581057269134,88.85458734612867,27.541728115931882,45.990639543190035,6.636696715450445,29.16927296836319,11.609901625112327
7.273042680418106,30.956948298539146,-11.313828343896066,-43.160122773051114,59.79908164251198,-8.971665317324465,28.074472122347924,27.541728115931882,91.44890270603747,0.5201292801390442,25.954383404627233,9.728842710392858,11.947354939109385
-11.140809464299242,-46.7200215613423,23.65338253251874,95.55614944932589,-27.289164204380594,56.21775659180404,1.4630133882814325,45.990639543190035,0.5201292801390442,118.89082435805157,31.26414110353461,24.296035884569548,9.834440328127334
0.04955721696249434,16.009785654064057,8.341534257378981,-0.7220248520975396,23.625170262100365,8.400886660302525,9.482637526619623,6.636696715450445,25.954383404627233,31.26414110353461,68.71630510681604,39.40252435901343,24.223617732036296
-2.072521547823856,-4.562728378158778,13.483927094243134,34.86032830471621,17.21044040704806,16.809965329894826,10.023533850381913,29.16927296836319,9.728842710392858,24.296035884569548,39.40252435901343,78.40462158632255,47.19671172185636
1.3180747662361014,16.811042461192105,18.135674490493635,11.180669617457042,10.545170581071947,15.531123050969034,14.028016622025756,11.609901625112327,11.947354939109385,9.834440328127334,24.223617732036296,47.19671172185636,64.15399433069594
