4.117180633254718,1.1175907161558685,-4.655428015494623,-11.50173620027739,-6.304840817165164,-5.5681073465305175,1.0186389843863524,-7.842430524293945,-3.7776194827882548,-1.4234770191851844,4.750567288410489,4.375152799991353,4.991649732051665
1.1175907161558685,44.69835665888697,5.305023672181889,-39.004226110649064,44.103276010379574,-21.040361720775227,15.48288326962648,-12.505399250881691,25.84962528692988,-35.09557604142337,18.81337158478299,-7.463278110794841,0.08568893167065725
-4.655428015494623,5.305023672181889,34.66316941832508,36.63161512214056,-29.905925723861557,29.5176336509522,0.08067615317186333,7.354134441458951,-14.771710899259068,24.51525713318586,-6.83220402909375,-6.248194343121705,0.8826848563631003
-11.50173620027739,-39.004226110649064,36.63161512214056,123.30725082734001,-3.127122029597854,53.898598176133355,-13.302884060774673,54.65670152615325,-13.0627028589765,51.6424237021215,-35.3024618230754,2.0982890645129606,-17.07868953520699
-6.304840817165164,44.103276010379574,-29.905925723861557,-3.127122029597854,279.41334938631377,-40.980618412384175,21.871039953385868,53.514795564815444,129.66888151470332,-102.94803806826907,10.588813070199096,4.176781284333597,-40.699606040543834
-5.5681073465305175,-21.040361720775227,29.5176336509522,53.898598176133355,-40.980618412384175,110.70943482973858,43.216949747681845,30.590146986097714,-24.87893496272337,39.26244004769927,-41.88583598996698,-32.819490088464114,-1.7731204891587535
1.0186389843863524,15.48288326962648,0.08067615317186333,-13.302884060774673,21.871039953385868,43.216949747681845,79.42779321101855,38.37383462879258,16.521969984341776,-17.051085885980132,-17.127596649136077,-28.09773549208212,-5.929235508751852
-7.842430524293945,-12.505399250881691,7.354134441458951,54.65670152615325,53.514795564815444,30.590146986097714,38.37383462879258,107.08483241221204,57.5229051737742,-2.233523148262338,-36.42385761129993,-9.47289565921964,-28.140126306854718
-3.7776194827882548,25.84962528692988,-14.771710899259068,-13.0627028589765,129.66888151470332,-24.87893496272337,16.521969984341776,57.5229051737742,120.89715150466694,-16.35743601787806,20.710842828988856,7.298733644503606,-11.074518590235398
-1.4234770191851844,-35.09557604142337,24.51525713318586,51.6424237021215,-102.94803806826907,39.26244004769927,-17.051085885980132,-2.233523148262338,-16.35743601787806,137.6989965036514,46.96512937635516,33.99428471383386,31.171191009475987
4.750567288410489,18.81337158478299,-6.83220402909375,-35.3024618230754,10.588813070199096,-41.88583598996698,-17.127596649136077,-36.42385761129993,20.710842828988856,46.96512937635516,127.22131972263315,80.07235481324419,40.27665228205181
4.375152799991353,-7.463278110794841,-6.248194343121705,2.0982890645129606,4.176781284333597,-32.819490088464114,-28.09773549208212,-9.47289565921964,7.298733644503606,33.99428471383386,80.07235481324419,103.50753240724345,54.264079711722054
4.991649732051665,0.08568893167065725,0.8826848563631003,-17.07868953520699,-40.699606040543834,-1.7731204891587535,-5.929235508751852,-28.140126306854718,-11.074518590235398,31.171191009475987,40.27665228205181,54.264079711722054,75.58318776883016
