2.992452285683202,-0.002333393692130478,-6.266175875601963,-11.772490693806787,-3.570318869828426,-3.654972901993941,0.18038318928437397,-6.679959697842635,-0.8507189726632937,-2.4114353438543503,-1.4215342698132551,-1.7454662388351205,2.6036282605377497
-0.002333393692130478,58.86128695878628,27.064141742680622,-32.28509927931108,3.3097680828611673,-17.144815372036955,16.053061815988013,-16.152242656659382,6.69731542700059,-21.017274182544835,21.803947239745316,-17.9196273133629,13.569738069016683
-6.266175875601963,27.064141742680622,76.6096119267202,46.080033861953666,-78.82638015778625,45.82259501980861,-29.63378999073053,5.529405502402523,6.863752054748076,13.584165046340848,0.6603153066378353,6.713557316194952,6.9822025718707215
-11.772490693806787,-32.28509927931108,46.080033861953666,120.5137306413731,3.069642785996489,34.67430674110258,-22.663211012709777,45.443921558008235,-10.583435556812622,38.05788927688963,-7.163480795357201,29.692663992775323,-22.83869463217795
-3.570318869828426,3.3097680828611673,-78.82638015778625,3.069642785996489,271.3329178242213,-100.22367268985039,94.24466302154124,32.376127871978994,-11.046471437227298,-21.639370091017405,43.351711034347666,-9.124998946060789,-27.076988635385216
-3.654972901993941,-17.144815372036955,45.82259501980861,34.67430674110258,-100.22367268985039,187.70382833208598,-28.709702243061503,3.216988148803696,37.49018941585641,6.3477079946357255,-38.013528345401426,15.410333932617476,29.777572233875706
0.18038318928437397,16.053061815988013,-29.63378999073053,-22.663211012709777,94.24466302154124,-28.709702243061503,92.23940934606014,33.45349014784557,-2.4262516726405043,-8.592161726324225,15.9019277876606,-10.43383043333136,-2.1364345708870474
-6.679959697842635,-16.152242656659382,5.529405502402523,45.443921558008235,32.376127871978994,3.216988148803696,33.45349014784557,80.02171147361949,32.2530453000377,26.987467325096734,8.873222762103966,13.625212554179726,-10.630513532610113
-0.8507189726632937,6.69731542700059,6.863752054748076,-10.583435556812622,-11.046471437227298,37.49018941585641,-2.4262516726405043,32.2530453000377,97.14766674604357,29.400248486743095,20.409838728694936,6.494373538662014,18.78395708736693
-2.4114353438543503,-21.017274182544835,13.584165046340848,38.05788927688963,-21.639370091017405,6.3477079946357255,-8.592161726324225,26.987467325096734,29.400248486743095,83.36140401816147,31.758514405584503,32.846489214244755,-1.1237328351406726
-1.4215342698132551,21.803947239745316,0.6603153066378353,-7.163480795357201,43.351711034347666,-38.013528345401426,15.9019277876606,8.873222762103966,20.409838728694936,31.758514405584503,90.88847280082507,35.81263807452343,15.845959786424267
-1.7454662388351205,-17.9196273133629,6.713557316194952,29.692663992775323,-9.124998946060789,15.410333932617476,-10.43383043333136,13.625212554179726,6.494373538662014,32.846489214244755,35.81263807452343,71.21478821859725,35.02079226246704
2.6036282605377497,13.569738069016683,6.9822025718707215,-22.83869463217795,-27.076988635385216,29.777572233875706,-2.1364345708870474,-10.630513532610113,18.78395708736693,-1.1237328351406726,15.845959786424267,35.02079226246704,67.44518995447413
