1.7842415624078456,-0.49517112479372755,-4.422340279254983,-5.1213344919231245,4.663157364845039,-2.1589652881816868,0.3761416468449717,-2.585627494025911,2.2010002098648394,-2.2997605709171824,0.4628026669608004,1.0377652170693166,1.8211931084460744
-0.49517112479372755,55.179001647655376,17.20487093619146,-26.88777468469535,61.4254021333758,-22.89117288741877,12.892286682333845,-8.100690716948224,34.20253073504572,-35.67298493494693,25.00176649463996,-6.7965535827426296,0.44749227815334386
-4.422340279254983,17.20487093619146,54.70347952395953,61.42338639058273,-16.45803908024391,42.57091299103884,13.648957012900405,26.500462423771985,-7.205997658320635,33.51399199365161,-0.458369961690841,-3.843711251683741,0.34137134100436944
-5.1213344919231245,-26.88777468469535,61.42338639058273,132.98167516189264,-45.641812510695935,87.16512844908337,7.657249381788622,45.14476607556671,-38.99266540536343,87.57078072289559,-17.547470532265912,5.362454779220114,-2.2340492164936694
4.663157364845039,61.4254021333758,-16.45803908024391,-45.641812510695935,192.51449628983215,-26.121570648120734,13.029122066581742,-28.01131604674435,73.55301087602703,-62.151615295877,52.0788130736635,19.330518818188672,8.699093495412935
-2.1589652881816868,-22.89117288741877,42.57091299103884,87.16512844908337,-26.121570648120734,118.8780275849418,38.53257321415062,32.84181959077875,-23.443409271630713,79.33159296890334,2.8460586557937324,11.67527280402378,19.602772340822135
0.3761416468449717,12.892286682333845,13.648957012900405,7.657249381788622,13.029122066581742,38.53257321415062,72.51644031201535,43.52009253034345,16.535946135989345,13.217502188625572,27.004717263558334,15.850674185381848,18.999519041895457
-2.585627494025911,-8.100690716948224,26.500462423771985,45.14476607556671,-28.01131604674435,32.84181959077875,43.52009253034345,86.24372886638793,30.194769650223403,44.250052591973635,5.221129140371162,14.481207086555862,3.3644494372648297
2.2010002098648394,34.20253073504572,-7.205997658320635,-38.99266540536343,73.55301087602703,-23.443409271630713,16.535946135989345,30.194769650223403,105.54243459433202,8.488411751089894,35.58443832678894,9.078391680596054,11.495091657235834
-2.2997605709171824,-35.67298493494693,33.51399199365161,87.57078072289559,-62.151615295877,79.33159296890334,13.217502188625572,44.250052591973635,8.488411751089894,145.5318347339992,24.370567243554692,14.972270542510733,10.18658201202893
0.4628026669608004,25.00176649463996,-0.458369961690841,-17.547470532265912,52.0788130736635,2.8460586557937324,27.004717263558334,5.221129140371162,35.58443832678894,24.370567243554692,96.66992897904426,51.142020178070105,21.85596220172747
1.0377652170693166,-6.7965535827426296,-3.843711251683741,5.362454779220114,19.330518818188672,11.67527280402378,15.850674185381848,14.481207086555862,9.078391680596054,14.972270542510733,51.142020178070105,81.38533832577745,48.73432714455847
1.8211931084460744,0.44749227815334386,0.34137134100436944,-2.2340492164936694,8.699093495412935,19.602772340822135,18.999519041895457,3.3644494372648297,11.495091657235834,10.18658201202893,21.85596220172747,48.73432714455847,71.72695291339319
