3.062247404637657,3.485908323177394,-1.8531051439749173,-4.975918592609853,7.106705096462531,-8.251492940740118,-2.6754208941612427,-7.837032876214284,1.8083784146580706,-4.683578371263759,-1.3153060502639256,-2.9541142906507787,-3.258752758230407
3.485908323177394,58.43263140289692,31.259004559765444,-10.282575509463243,38.01794886043014,-1.0587789691943104,6.128864947951773,-20.63965461423575,5.001478733278159,-32.11169570270007,1.3502392999617991,-15.200839082202673,2.916114006521202
-1.8531051439749173,31.259004559765444,63.60561671114207,60.39287183944813,-24.289727879942603,52.23327108889786,9.625920850935236,12.663586813386688,-27.69117122301415,16.412233773056954,-22.23912312014894,-9.231785353384169,16.120307877739638
-4.975918592609853,-10.282575509463243,60.39287183944813,118.30247509890235,-26.763104164469976,72.94886776725004,6.728713708641072,34.079787787176265,-44.75456043095362,44.18206632873783,-41.66027699054892,-12.511675116548005,7.47667670517339
7.106705096462531,38.01794886043014,-24.289727879942603,-26.763104164469976,204.0255120006953,-49.41994626867566,-6.993553145717937,-40.24741591699188,57.03702783754222,-93.05902369883253,1.3210013262177676,-26.59169703213802,-30.758145422065198
-8.251492940740118,-1.0587789691943104,52.23327108889786,72.94886776725004,-49.41994626867566,150.18099701127372,53.61477936343674,37.1952416393832,-41.11060777009814,53.09366507580776,-33.34904226513552,-16.530036360415856,37.03228569811177
-2.6754208941612427,6.128864947951773,9.625920850935236,6.728713708641072,-6.993553145717937,53.61477936343674,88.43855063666042,65.04681211532532,1.9376183086137186,0.5732853842830259,5.6970178505539115,2.318021913028706,16.896493934439462
-7.837032876214284,-20.63965461423575,12.663586813386688,34.079787787176265,-40.24741591699188,37.1952416393832,65.04681211532532,122.41875251488078,37.10922615323727,35.20253209320272,3.8777979177620154,20.017564868065183,12.65529827277152
1.8083784146580706,5.001478733278159,-27.69117122301415,-44.75456043095362,57.03702783754222,-41.11060777009814,1.9376183086137186,37.10922615323727,123.35164753051014,19.526252941450835,24.889192619089187,6.16338009764175,-1.637908131574439
-4.683578371263759,-32.11169570270007,16.412233773056954,44.18206632873783,-93.05902369883253,53.09366507580776,0.5732853842830259,35.20253209320272,19.526252941450835,141.76668594795728,32.03249408078033,18.51027631175542,12.247485177361511
-1.3153060502639256,1.3502392999617991,-22.23912312014894,-41.66027699054892,1.3210013262177676,-33.34904226513552,5.6970178505539115,3.8777979177620154,24.889192619089187,32.03249408078033,118.20473394455779,72.62741904523729,-1.0075062525382283
-2.9541142906507787,-15.200839082202673,-9.231785353384169,-12.511675116548005,-26.59169703213802,-16.530036360415856,2.318021913028706,20.017564868065183,6.16338009764175,18.51027631175542,72.62741904523729,117.2067483693399,51.24794448295335
-3.258752758230407,2.916114006521202,16.120307877739638,7.47667670517339,-30.758145422065198,37.03228569811177,16.896493934439462,12.65529827277152,-1.637908131574439,12.247485177361511,-1.0075062525382283,51.24794448295335,103.96619953446071
