4.220206416207602,2.3872021730449786,-0.04086399090256196,-1.8256832583182776,1.6565031517168365,-5.517772644700745,-1.4671113847792114,-3.2814598098081134,1.6417642476433887,1.6886052885179657,3.6313921085675225,4.466949580112555,2.7695633255330945
2.3872021730449786,47.78294899732847,12.715474545541188,-28.86541884628101,49.75017401280075,-25.082815701551922,11.94834162259229,-4.381355977547275,37.38804425568797,-30.451092040903703,23.911748658984262,-4.030208083730366,-0.6180689734632019
-0.04086399090256196,12.715474545541188,60.187725544210686,58.55993962393546,-64.4010477161589,2.8660672017694986,-11.181640292658404,13.352712126357398,-21.494129926009972,41.03684055946893,0.5333392933068795,-3.9033281850454387,1.4122953761815553
-1.8256832583182776,-28.86541884628101,58.55993962393546,109.00830517332956,-96.43303056681154,36.35199999257908,-14.696276391633333,25.51256999500574,-54.09007619550116,79.84984530215563,-20.07995377585084,0.022500671419695764,-1.6767869695624247
1.6565031517168365,49.75017401280075,-64.4010477161589,-96.43303056681154,231.92275513131784,-0.44184258873936594,52.0960427864516,-6.668859054420861,107.9857951209021,-98.89973746241982,32.995452002834334,3.9413398106873863,-10.31778050987011
-5.517772644700745,-25.082815701551922,2.8660672017694986,36.35199999257908,-0.44184258873936594,102.656552013035,48.03428894910844,34.35909805289437,-5.421064183598813,41.53275462366744,-10.590791504745523,-0.2554649337764007,7.846616177941387
-1.4671113847792114,11.94834162259229,-11.181640292658404,-14.696276391633333,52.0960427864516,48.03428894910844,73.15629859843045,40.129516630603085,36.046044040762204,-3.8857376149813114,10.26857255687706,0.6632964208636415,3.5460825697303884
-3.2814598098081134,-4.381355977547275,13.352712126357398,25.51256999500574,-6.668859054420861,34.35909805289437,40.129516630603085,64.36624720871545,28.546494617307278,28.041253813844307,0.45408345499444114,2.493441514464527,-2.711672405802562
1.6417642476433887,37.38804425568797,-21.494129926009972,-54.09007619550116,107.9857951209021,-5.421064183598813,36.046044040762204,28.546494617307278,110.18246543853284,-15.777903526348956,34.16104124050893,3.387347489825723,2.041483465787636
1.6886052885179657,-30.451092040903703,41.03684055946893,79.84984530215563,-98.89973746241982,41.53275462366744,-3.8857376149813114,28.041253813844307,-15.777903526348956,130.4068733507911,20.129028828643545,19.606260545044396,17.24019353986514
3.6313921085675225,23.911748658984262,0.5333392933068795,-20.07995377585084,32.995452002834334,-10.590791504745523,10.26857255687706,0.45408345499444114,34.16104124050893,20.129028828643545,76.46735344748994,45.623940059737556,23.288379103049202
4.466949580112555,-4.030208083730366,-3.9033281850454387,0.022500671419695764,3.9413398106873863,-0.2554649337764007,0.6632964208636415,2.493441514464527,3.387347489825723,19.606260545044396,45.623940059737556,71.96438009481255,46.87758103012942
2.7695633255330945,-0.6180689734632019,1.4122953761815553,-1.6767869695624247,-10.31778050987011,7.846616177941387,3.5460825697303884,-2.711672405802562,2.041483465787636,17.24019353986514,23.288379103049202,46.87758103012942,67.42306315738071
