2.186385586928934,0.6644963854861596,-2.3291135287524356,-2.6991072788385257,3.0145397470071194,-4.207532753496112,-1.2674340531788935,-4.512605795741808,-2.5495123077790716,-2.3026253596542547,0.37574939666144686,0.5293112871957635,0.45268827353193924
0.6644963854861596,45.2204765058126,14.451118107286105,-17.859375062851203,43.477159450849875,-29.902209562517907,24.428993199963873,-7.663144718030425,6.971594119722647,-20.17639953245589,28.58082089578122,-16.978213654295608,1.2309323533050567
-2.3291135287524356,14.451118107286105,82.76257210231041,83.674197255284,-36.73313816754542,55.7772249958015,-27.96891483274883,-8.495154558576285,-18.16005577035431,6.277627423704136,-29.92751673506392,-1.1795212323888513,-1.2900982320075134
-2.6991072788385257,-17.859375062851203,83.674197255284,136.77683838042816,-32.63417640039181,78.79103128526053,-45.609964806102845,7.751022188256511,-31.568204743716905,22.322939456091763,-58.42784680306112,10.761618474503624,-16.16088383507955
3.0145397470071194,43.477159450849875,-36.73313816754542,-32.63417640039181,153.87993382532517,-71.69033505876526,62.02006857627111,16.58500344350063,10.415188853481272,-31.492906794666894,49.50499850695501,-20.54756944744144,-16.609810640506595
-4.207532753496112,-29.902209562517907,55.7772249958015,78.79103128526053,-71.69033505876526,145.50197206327573,-5.905950389525534,22.000004289381963,7.797766371933605,41.24302339639325,-42.35821566811597,23.69755257592157,11.608400730991606
-1.2674340531788935,24.428993199963873,-27.96891483274883,-45.609964806102845,62.02006857627111,-5.905950389525534,96.62139955351205,57.149450052329,44.75638762835895,4.869181757278955,44.53700780218968,-2.2344879429362043,5.6526819776057735
-4.512605795741808,-7.663144718030425,-8.495154558576285,7.751022188256511,16.58500344350063,22.000004289381963,57.149450052329,94.0424380511731,63.233726858183275,37.11001720147423,17.379752335727943,14.352516865495765,-1.5780234129463115
-2.5495123077790716,6.971594119722647,-18.16005577035431,-31.568204743716905,10.415188853481272,7.797766371933605,44.75638762835895,63.233726858183275,89.94856536974976,49.90984172252657,46.37057340053346,16.966592718349016,17.08926789630773
-2.3026253596542547,-20.17639953245589,6.277627423704136,22.322939456091763,-31.492906794666894,41.24302339639325,4.869181757278955,37.11001720147423,49.90984172252657,96.49716052375686,39.72372187758277,47.62647530341246,18.888621053875482
0.37574939666144686,28.58082089578122,-29.92751673506392,-58.42784680306112,49.50499850695501,-42.35821566811597,44.53700780218968,17.379752335727943,46.37057340053346,39.72372187758277,120.9601265614651,47.7078875397471,31.96040782727521
0.5293112871957635,-16.978213654295608,-1.1795212323888513,10.761618474503624,-20.54756944744144,23.69755257592157,-2.2344879429362043,14.352516865495765,16.966592718349016,47.62647530341246,47.7078875397471,83.32140804265953,49.239012819501795
0.45268827353193924,1.2309323533050567,-1.2900982320075134,-16.16088383507955,-16.609810640506595,11.608400730991606,5.6526819776057735,-1.5780234129463115,17.08926789630773,18.888621053875482,31.96040782727521,49.239012819501795,67.20014224646518
