1.1193593234959385,-0.39810885937506285,-2.7219984131411783,-3.488499575323943,1.8643641219128964,2.142421648931386,1.1605316954603129,-0.7093042767555464,2.6454579821862776,0.7701714221972397,1.7118598571310333,-0.1333835085769752,-0.2349108513701298
-0.39810885937506285,53.26038843126424,1.5627540093062064,-34.94141146970496,62.32918568289694,-55.08960354315971,32.2303872901284,-6.4926139617119825,12.61688252909135,-26.260852502530586,36.614495020692125,-12.31285746506441,1.8895300373920754
-2.7219984131411783,1.5627540093062064,36.39316368160563,29.227645178581742,-50.04638431942538,33.202681727149624,-10.758959350551903,7.426544943723065,-9.008539777694939,8.01657665702053,-13.551679979147668,12.543413599490403,14.01868134147699
-3.488499575323943,-34.94141146970496,29.227645178581742,65.75140169255154,-60.99269701022078,53.449993446515904,-32.837990940552785,10.695642500957014,-18.670643378404844,30.206527981278942,-37.557289898431584,15.625704215649867,5.658108881986864
1.8643641219128964,62.32918568289694,-50.04638431942538,-60.99269701022078,200.06958223737,-114.99845667811678,60.0685356571118,-9.637616679030671,27.501055184126546,-46.69503820142813,61.09057372210453,-33.80799489187462,-23.007483776034416
2.142421648931386,-55.08960354315971,33.202681727149624,53.449993446515904,-114.99845667811678,173.2007199322472,-27.488316918629256,5.138722742518739,-3.928128969851531,51.98967903664097,-37.33038719028682,32.1652998072943,16.185687466538152
1.1605316954603129,32.2303872901284,-10.758959350551903,-32.837990940552785,60.0685356571118,-27.488316918629256,87.04035203643383,34.26813947587707,16.449752236305674,-31.221635160623944,26.137662135912535,-7.150869421588433,-3.625725515581375
-0.7093042767555464,-6.4926139617119825,7.426544943723065,10.695642500957014,-9.637616679030671,5.138722742518739,34.26813947587707,69.46294400356481,32.16276344094567,-3.1530993539509207,-8.872052893331277,7.051029732619247,3.226544007038957
2.6454579821862776,12.61688252909135,-9.008539777694939,-18.670643378404844,27.501055184126546,-3.928128969851531,16.449752236305674,32.16276344094567,75.47938174035322,28.90431220971603,21.269952483139342,-1.3514961412645665,6.620463771876883
0.7701714221972397,-26.260852502530586,8.01657665702053,30.206527981278942,-46.69503820142813,51.98967903664097,-31.221635160623944,-3.1530993539509207,28.90431220971603,114.09881805628258,22.976725691237156,14.236968516775576,1.3800558690533837
1.7118598571310333,36.614495020692125,-13.551679979147668,-37.557289898431584,61.09057372210453,-37.33038719028682,26.137662135912535,-8.872052893331277,21.269952483139342,22.976725691237156,100.02425288219044,19.448356435147634,-0.6852332634181356
-0.1333835085769752,-12.31285746506441,12.543413599490403,15.625704215649867,-33.80799489187462,32.1652998072943,-7.150869421588433,7.051029732619247,-1.3514961412645665,14.236968516775576,19.448356435147634,65.63619921003776,36.989507868321894
-0.2349108513701298,1.8895300373920754,14.01868134147699,5.658108881986864,-23.007483776034416,16.185687466538152,-3.625725515581375,3.226544007038957,6.620463771876883,1.3800558690533837,-0.6852332634181356,36.989507868321894,68.96938142482304
