2.380037842497284,0.5464324009167956,-0.8253225675399787,-2.101848630352767,-0.6425998653380517,-3.5067602200258956,-1.9691173225102985,-3.8494150225125496,-1.7575187267493926,-0.4695291169109996,1.1951381498973859,1.7918612195057377,0.5510983822737354
0.5464324009167956,46.085542950810485,7.175801448086603,-24.99375026797514,48.78060891287117,-42.83150397495426,28.210217585747177,-6.2225764210404035,7.129116161590054,-16.054219080333283,27.189391358420554,-19.42338341404688,0.010264773759390276
-0.8253225675399787,7.175801448086603,40.04400225242691,33.591833063389906,-32.87101304651963,45.14602240131165,-8.14802033557851,4.956719515169424,5.0194759246274065,14.854275838311684,-10.826415899648179,3.5152983376079,2.8365967872966964
-2.101848630352767,-24.99375026797514,33.591833063389906,77.97699323339098,-21.90878107835924,63.41134925816979,-19.491647612448812,28.22791892316967,2.1817867788551224,28.631043665898165,-31.709657165031402,16.63907773890961,-7.962287944220791
-0.6425998653380517,48.78060891287117,-32.87101304651963,-21.90878107835924,176.81919340172232,-96.46837744654825,66.80436131762427,23.660764421889137,8.667709799830666,-32.18359636851711,42.556448775023036,-27.05796747580949,-17.576888247703263
-3.5067602200258956,-42.83150397495426,45.14602240131165,63.41134925816979,-96.46837744654825,168.69222581964033,-14.988829680721508,16.173880326957057,12.67255484172698,35.469197452235925,-43.09752931716807,23.52427227462178,15.21595059892837
-1.9691173225102985,28.210217585747177,-8.14802033557851,-19.491647612448812,66.80436131762427,-14.988829680721508,76.08882996011275,33.04569840158637,18.046044276573312,-6.709175247795818,22.985072426957682,-15.277363354312218,0.4018529034998829
-3.8494150225125496,-6.2225764210404035,4.956719515169424,28.22791892316967,23.660764421889137,16.173880326957057,33.04569840158637,70.64687045517611,38.6296701164966,19.264872331113395,-3.496467959757962,1.9020334755723516,-7.122117046075741
-1.7575187267493926,7.129116161590054,5.0194759246274065,2.1817867788551224,8.667709799830666,12.67255484172698,18.046044276573312,38.6296701164966,59.79223274057394,33.72350500169787,18.387348419779617,3.8727274035178656,8.029082537284962
-0.4695291169109996,-16.054219080333283,14.854275838311684,28.631043665898165,-32.18359636851711,35.469197452235925,-6.709175247795818,19.264872331113395,33.72350500169787,79.95912513036983,23.77637034032729,29.518829919439405,13.851128433728249
1.1951381498973859,27.189391358420554,-10.826415899648179,-31.709657165031402,42.556448775023036,-43.09752931716807,22.985072426957682,-3.496467959757962,18.387348419779617,23.77637034032729,88.35065741935759,31.342617963793657,24.46784108022334
1.7918612195057377,-19.42338341404688,3.5152983376079,16.63907773890961,-27.05796747580949,23.52427227462178,-15.277363354312218,1.9020334755723516,3.8727274035178656,29.518829919439405,31.342617963793657,73.35395080264327,44.0892372235582
0.5510983822737354,0.010264773759390276,2.8365967872966964,-7.962287944220791,-17.576888247703263,15.21595059892837,0.4018529034998829,-7.122117046075741,8.029082537284962,13.851128433728249,24.46784108022334,44.0892372235582,62.067745995846444
