4.119097050494381,8.856552298913408,2.846402284945699,-6.588418627961738,0.8518577799291532,-6.557502929311325,-0.3900807199839981,-8.183881078260548,2.2041893604214633,-1.681464291888577,1.6756600672076911,-0.2329723540958644,1.7397067487437297
8.856552298913408,70.16852062664788,28.023263178323695,-35.07221715170985,46.769564877716604,-36.61735269743738,1.8574755978927195,-27.291735717255754,35.43037451513915,-35.49911811014878,28.136400697042443,1.7259416449264162,10.717577404183999
2.846402284945699,28.023263178323695,72.37007619331462,82.13081918825583,-2.602531682326498,15.774901418795812,-11.785182276553886,6.549083008581985,-14.922712845163979,32.01781736830161,14.566202253405224,19.16190247365611,9.993884012604106
-6.588418627961738,-35.07221715170985,82.13081918825583,181.3419458936655,-32.15600126866281,71.51122832676559,-17.077545439706977,45.59067323669242,-60.335649014670004,88.261361652852,-5.26449210895633,31.759615991379544,1.6835953224288729
0.8518577799291532,46.769564877716604,-2.602531682326498,-32.15600126866281,117.14034399806997,-8.866755849877581,16.297611000830845,-5.894268887855038,52.161496942812995,-55.84046177300147,30.348346651142165,11.220650584860405,4.305762610074977
-6.557502929311325,-36.61735269743738,15.774901418795812,71.51122832676559,-8.866755849877581,80.63577654422038,26.238434682546945,37.570637315532736,-27.60379503000473,40.644116039843894,-13.386185482133403,4.592002638935308,-2.4865847721431877
-0.3900807199839981,1.8574755978927195,-11.785182276553886,-17.077545439706977,16.297611000830845,26.238434682546945,59.90970489395633,39.40692032515296,23.08100993151554,-7.979419560964894,-4.133115568300087,-7.6329272678668945,-4.721471493689428
-8.183881078260548,-27.291735717255754,6.549083008581985,45.59067323669242,-5.894268887855038,37.570637315532736,39.40692032515296,86.80513012798157,26.701637999427703,30.637500865689596,-9.836472594631676,4.616795717030212,-7.43860794872305
2.2041893604214633,35.43037451513915,-14.922712845163979,-60.335649014670004,52.161496942812995,-27.60379503000473,23.08100993151554,26.701637999427703,97.72583926899703,-6.579508398215192,28.617147435403087,-0.0931308432796482,8.157365895198962
-1.681464291888577,-35.49911811014878,32.01781736830161,88.261361652852,-55.84046177300147,40.644116039843894,-7.979419560964894,30.637500865689596,-6.579508398215192,123.18256809047485,28.93008512847435,28.061693279042412,12.312858609640642
1.6756600672076911,28.136400697042443,14.566202253405224,-5.26449210895633,30.348346651142165,-13.386185482133403,-4.133115568300087,-9.836472594631676,28.617147435403087,28.93008512847435,88.4873468925441,55.98843438800272,32.71294156640114
-0.2329723540958644,1.7259416449264162,19.16190247365611,31.759615991379544,11.220650584860405,4.592002638935308,-7.6329272678668945,4.616795717030212,-0.0931308432796482,28.061693279042412,55.98843438800272,81.51955047935857,50.802836009785096
1.7397067487437297,10.717577404183999,9.993884012604106,1.6835953224288729,4.305762610074977,-2.4865847721431877,-4.721471493689428,-7.43860794872305,8.157365895198962,12.312858609640642,32.71294156640114,50.802836009785096,64.99616569394439
