3.0485743353829826,6.103793535948773,8.185240219101374,2.446293242667889,-5.7287259278394655,-2.3507871023340576,-5.989542661078145,-9.944570016439453,-2.308584268956088,2.9560584576584588,-0.6073473878029315,1.7221973336718068,1.619161767266251
6.103793535948773,38.65503897291817,26.483725302441595,-5.142417270375548,9.39601143124152,-21.167825855799382,-1.9974232388058042,-21.936778514636117,2.202502238407964,-9.953790517494744,18.42760838915322,-5.343922625727414,7.4085093245796205
8.185240219101374,26.483725302441595,86.76094143315152,99.27315268215143,3.6985298100482833,34.606969527499196,-41.31079044402119,-38.354768017150164,-35.23017175492762,11.710216077465956,-15.245584454768943,24.739072815250967,14.15046952742278
2.446293242667889,-5.142417270375548,99.27315268215143,173.8256468305513,31.218254479827927,81.63971410563501,-51.92838071912818,-22.468541346161174,-60.45913674422504,17.750007943787736,-49.86852010052211,32.08916211132129,1.3324017279547404
-5.7287259278394655,9.39601143124152,3.6985298100482833,31.218254479827927,87.4623247375857,14.26027006712465,25.97144396468375,20.559545355874842,-5.546963508250797,-31.54508405386843,1.3145595783779924,-24.241107273716114,-18.91653744736636
-2.3507871023340576,-21.167825855799382,34.606969527499196,81.63971410563501,14.26027006712465,110.50372733464059,13.104234803908806,15.897130592503006,-17.979301960692403,23.291978026895517,-37.35413594972378,14.633154282034656,-6.995725260963852
-5.989542661078145,-1.9974232388058042,-41.31079044402119,-51.92838071912818,25.97144396468375,13.104234803908806,85.61054771963512,63.72250565717696,36.85421590894012,-9.682030865947098,17.17962338292349,-20.51666984390743,-10.659881998616779
-9.944570016439453,-21.936778514636117,-38.354768017150164,-22.468541346161174,20.559545355874842,15.897130592503006,63.72250565717696,89.95091008514973,49.45307549551041,5.274946623336079,7.452799438420364,-9.812579710556124,-9.570340972948104
-2.308584268956088,2.202502238407964,-35.23017175492762,-60.45913674422504,-5.546963508250797,-17.979301960692403,36.85421590894012,49.45307549551041,79.38628358121703,31.956498413655822,36.186521589910946,-7.747662617009448,0.26318237454430987
2.9560584576584588,-9.953790517494744,11.710216077465956,17.750007943787736,-31.54508405386843,23.291978026895517,-9.682030865947098,5.274946623336079,31.956498413655822,79.58331518255106,24.633896421185607,28.401680732027117,5.566160838728594
-0.6073473878029315,18.42760838915322,-15.245584454768943,-49.86852010052211,1.3145595783779924,-37.35413594972378,17.17962338292349,7.452799438420364,36.186521589910946,24.633896421185607,91.87401972597092,34.201483073323985,30.297456313789507
1.7221973336718068,-5.343922625727414,24.739072815250967,32.08916211132129,-24.241107273716114,14.633154282034656,-20.51666984390743,-9.812579710556124,-7.747662617009448,28.401680732027117,34.201483073323985,83.84213731237365,59.054721356220185
1.619161767266251,7.4085093245796205,14.15046952742278,1.3324017279547404,-18.91653744736636,-6.995725260963852,-10.659881998616779,-9.570340972948104,0.26318237454430987,5.566160838728594,30.297456313789507,59.054721356220185,73.39996975058932
