1.5071946541745256,3.2204393439132577,5.123453409764308,3.216289900036925,-2.56649653326409,-1.3915253426154999,0.196959657156927,0.20824070710691417,0.653092912822296,3.4059124402368175,1.062798063246437,-0.6748908401859801,-0.6158558477860882
3.2204393439132577,53.14314022343371,48.100327423017795,12.490193564305132,23.721197914433844,-14.515799220812,-0.6053539200583136,0.1465575529291661,22.55161032225395,-13.63128386656975,19.19064714394826,-7.919939590761399,-7.15221107537328
5.123453409764308,48.100327423017795,134.50739430225138,147.30561518522532,-35.87046805749431,6.3135557852631266,-27.911942450520044,13.374070507702516,-34.91974426431664,54.385030263682474,2.1090285667457636,-4.794165431328896,-27.436128555003872
3.216289900036925,12.490193564305132,147.30561518522532,218.85749054970944,-58.00022029961529,31.80753079827736,-42.61592226969073,16.890562104274636,-78.38130526006427,96.5962054652537,-16.12244028001894,5.198519931301904,-33.66770654586465
-2.56649653326409,23.721197914433844,-35.87046805749431,-58.00022029961529,110.77040764650712,0.6030714635156664,10.062233400953374,-16.559417413937375,50.46270499888437,-56.41414146077605,22.46987111878091,6.873332461254852,15.381661152026577
-1.3915253426154999,-14.515799220812,6.3135557852631266,31.80753079827736,0.6030714635156664,60.87721914978838,30.88194703242788,17.238444758945292,-17.637961531221478,23.056011159766292,-13.522201780714699,0.21715214376401937,0.17810090783307694
0.196959657156927,-0.6053539200583136,-27.911942450520044,-42.61592226969073,10.062233400953374,30.88194703242788,68.49211341847717,40.04626080682867,27.78565534240081,-10.076857906131883,1.6473885411556684,-2.2129798666333613,5.820456308190721
0.20824070710691417,0.1465575529291661,13.374070507702516,16.890562104274636,-16.559417413937375,17.238444758945292,40.04626080682867,64.05147683190735,29.98234496014478,25.756663319947986,1.6161837288970298,3.2226392451619392,-5.410010680508658
0.653092912822296,22.55161032225395,-34.91974426431664,-78.38130526006427,50.46270499888437,-17.637961531221478,27.78565534240081,29.98234496014478,107.17575518848084,-1.8321371624555678,35.24205947649655,3.4841109614253645,20.829669434533113
3.4059124402368175,-13.63128386656975,54.385030263682474,96.5962054652537,-56.41414146077605,23.056011159766292,-10.076857906131883,25.756663319947986,-1.8321371624555678,127.16190725966756,27.578187086966523,22.23694959256024,1.1183394810242657
1.062798063246437,19.19064714394826,2.1090285667457636,-16.12244028001894,22.46987111878091,-13.522201780714699,1.6473885411556684,1.6161837288970298,35.24205947649655,27.578187086966523,82.99857490555434,51.259644458327614,27.73036007528631
-0.6748908401859801,-7.919939590761399,-4.794165431328896,5.198519931301904,6.873332461254852,0.21715214376401937,-2.2129798666333613,3.2226392451619392,3.4841109614253645,22.23694959256024,51.259644458327614,75.12149097894316,46.48267408952512
-0.6158558477860882,-7.15221107537328,-27.436128555003872,-33.66770654586465,15.381661152026577,0.17810090783307694,5.820456308190721,-5.410010680508658,20.829669434533113,1.1183394810242657,27.73036007528631,46.48267408952512,68.84242185900777
