0.7044258426704247,1.3545057876801379,0.7353229544002349,-1.0396055564933289,-0.6856980625913919,-2.4620245234617166,-1.2877316957650975,-1.6741179667105095,1.1504815915505358,0.7152105301116597,1.1396774545770065,0.03298285412489502,0.5320811468358109
1.3545057876801379,46.267596554004456,15.735324973933325,-31.78981344965605,29.736990238679013,-26.646042932830746,-1.470342770483353,-10.615027457685438,38.75202936566735,-24.427333391902444,31.657952166192565,0.5540944346470388,12.61093263623376
0.7353229544002349,15.735324973933325,58.043075315606494,66.96273011953672,-21.0296511458804,1.4836319163965466,-16.348072007771947,3.3197640140633062,-22.474425471315257,23.8773480504276,3.951113503528589,7.503501125650803,2.863144922983376
-1.0396055564933289,-31.78981344965605,66.96273011953672,153.90016986360686,-34.88017077870133,53.586463052869036,-17.725866891387433,17.53067532755064,-88.46847803533778,54.778678862808555,-37.75599605626827,12.626584944507382,-17.57519412289032
-0.6856980625913919,29.736990238679013,-21.0296511458804,-34.88017077870133,114.06498343955685,26.753628999759943,23.512004436176,-7.686915244092523,31.344646294933952,-61.81953373481309,11.022133157823282,1.2586887207366735,-3.776567220486574
-2.4620245234617166,-26.646042932830746,1.4836319163965466,53.586463052869036,26.753628999759943,84.36833588751755,36.96726609525344,22.5469076533365,-39.8321735321179,5.728564273701925,-35.707560189009136,-4.718228664969702,-16.305992775865555
-1.2877316957650975,-1.470342770483353,-16.348072007771947,-17.725866891387433,23.512004436176,36.96726609525344,58.89199525854353,38.144968087617926,22.227617686897776,-10.664523196802856,-8.647687285516072,-10.38994008355199,-2.5384649566715174
-1.6741179667105095,-10.615027457685438,3.3197640140633062,17.53067532755064,-7.686915244092523,22.5469076533365,38.144968087617926,59.807172900464614,26.520095949889214,21.52496901084898,-10.072956529910321,-2.74744316045267,-2.8100904894699714
1.1504815915505358,38.75202936566735,-22.474425471315257,-88.46847803533778,31.344646294933952,-39.8321735321179,22.227617686897776,26.520095949889214,123.83100847783192,7.809238117017514,51.40143269402667,-1.244632115778009,23.34714536610457
0.7152105301116597,-24.427333391902444,23.8773480504276,54.778678862808555,-61.81953373481309,5.728564273701925,-10.664523196802856,21.52496901084898,7.809238117017514,110.61625250526222,27.75264047237525,21.92958809045457,9.091341186031377
1.1396774545770065,31.657952166192565,3.951113503528589,-37.75599605626827,11.022133157823282,-35.707560189009136,-8.647687285516072,-10.072956529910321,51.40143269402667,27.75264047237525,92.15000849437841,47.039066934719145,33.84248944756228
0.03298285412489502,0.5540944346470388,7.503501125650803,12.626584944507382,1.2586887207366735,-4.718228664969702,-10.38994008355199,-2.74744316045267,-1.244632115778009,21.92958809045457,47.039066934719145,65.58186045984412,38.719621299807365
0.5320811468358109,12.61093263623376,2.863144922983376,-17.57519412289032,-3.776567220486574,-16.305992775865555,-2.5384649566715174,-2.8100904894699714,23.34714536610457,9.091341186031377,33.84248944756228,38.719621299807365,57.998704479587424
