1.1939720932679403,-0.5676947205637907,-1.1977876802020129,-2.2853629433327627,-2.4041122123726746,-3.624970473862183,-0.8882855372877537,0.01211437568445826,0.39710841187780166,-1.7332192917726847,-1.8108932756469063,0.3263390679942293,1.4528262828538234
-0.5676947205637907,48.29926666124452,6.467437970656345,-29.820268651297244,67.33514100000028,-32.36325554730272,11.073346103572625,-8.157933425680366,30.177151701271598,-38.20802180052173,26.38704515774896,-4.623360929846198,-11.665562674660373
-1.1977876802020129,6.467437970656345,32.33337851543871,38.37970008439505,-16.57563490150889,30.097595957030993,-3.354975218986852,3.199177793791399,-16.15459445893998,18.606255833937322,-7.859994013173535,-5.488892101980909,-4.682154342606898
-2.2853629433327627,-29.820268651297244,38.37970008439505,98.68002675022846,-40.97190668577307,64.91355252859465,-7.955871237178999,11.486099075556828,-47.865724705353784,53.21872753104484,-27.295225351885602,-6.595158943415492,-9.917470575060884
-2.4041122123726746,67.33514100000028,-16.57563490150889,-40.97190668577307,218.4901987090715,-58.368587878748606,23.382998261386565,-7.754105517211803,76.00141220167997,-93.22986216394149,47.3505443481332,-0.4919811756593416,-38.057249571023455
-3.624970473862183,-32.36325554730272,30.097595957030993,64.91355252859465,-58.368587878748606,121.8251234583668,26.96495450296749,21.33599325583067,-39.804229809179034,56.45676864268195,-28.96739314801747,-9.635996677874592,9.443040804240434
-0.8882855372877537,11.073346103572625,-3.354975218986852,-7.955871237178999,23.382998261386565,26.96495450296749,73.61114192661762,41.65805304462385,17.02984428164001,-10.016933672673819,3.5866301606748396,-2.2959361023149305,7.755461050085986
0.01211437568445826,-8.157933425680366,3.199177793791399,11.486099075556828,-7.754105517211803,21.33599325583067,41.65805304462385,67.4975923208479,31.96273295748375,13.09742115413042,-6.12200128913042,6.140553094131206,6.701526141353459
0.39710841187780166,30.177151701271598,-16.15459445893998,-47.865724705353784,76.00141220167997,-39.804229809179034,17.02984428164001,31.96273295748375,109.57472675635346,-1.5703444660067503,34.31278046561204,9.770678722559666,10.803985522341039
-1.7332192917726847,-38.20802180052173,18.606255833937322,53.21872753104484,-93.22986216394149,56.45676864268195,-10.016933672673819,13.09742115413042,-1.5703444660067503,133.55686407538911,20.120537928786348,17.868841868602168,26.25833295428852
-1.8108932756469063,26.38704515774896,-7.859994013173535,-27.295225351885602,47.3505443481332,-28.96739314801747,3.5866301606748396,-6.12200128913042,34.31278046561204,20.120537928786348,95.75085890665034,48.723793184236456,10.806694534381712
0.3263390679942293,-4.623360929846198,-5.488892101980909,-6.595158943415492,-0.4919811756593416,-9.635996677874592,-2.2959361023149305,6.140553094131206,9.770678722559666,17.868841868602168,48.723793184236456,71.50034954305657,43.1894639890553
1.4528262828538234,-11.665562674660373,-4.682154342606898,-9.917470575060884,-38.057249571023455,9.443040804240434,7.755461050085986,6.701526141353459,10.803985522341039,26.25833295428852,10.806694534381712,43.1894639890553,77.32775822056452
