1.8677961046260882,4.274621103837294,4.920936281443127,-2.7226234038253163,-12.887555928047464,2.2081317031238252,-2.3476233776952595,-2.9066175984905067,-1.4029259383309927,-1.1695393203576154,-5.92673056192609,-1.7579976881638413,-1.909095626385505
4.274621103837294,26.838981268028366,16.17774009105187,-11.066723219613607,-13.763466449240072,-20.25012803390596,0.7704309639559174,1.8143119652270197,4.775409746353977,-6.575638188676987,4.814677193763977,-5.271895265735141,-0.835941976076238
4.920936281443127,16.17774009105187,19.96906753363433,0.1525211308228383,-29.4701045997692,2.2219911177129306,-5.595297019328348,-2.4898617194518957,2.185633365658221,1.6877554225981835,-9.395378035743995,-0.9436520648283369,-1.6654687242722903
-2.7226234038253163,-11.066723219613607,0.1525211308228383,32.09479860272266,47.562282965438776,9.713589735510892,7.556184006164783,7.2255983428750366,3.9999649349989017,7.465749855838919,7.739839874182419,0.2666061183202154,-1.0861124293251414
-12.887555928047464,-13.763466449240072,-29.4701045997692,47.562282965438776,200.91793633586164,-33.32164179440042,45.10935763780782,33.34264701797276,11.885873160324158,-11.164953898226447,68.91587530696013,-14.025507827321034,-1.426433684076384
2.2081317031238252,-20.25012803390596,2.2219911177129306,9.713589735510892,-33.32164179440042,78.26967238567508,7.652547640809295,-1.8421731735355245,-2.6333757613398565,12.134396435171677,-31.915129061977126,9.33487182524236,0.016709873679108932
-2.3476233776952595,0.7704309639559174,-5.595297019328348,7.556184006164783,45.10935763780782,7.652547640809295,45.14021339594221,32.22913809904329,11.834638829708895,0.3123686534104756,17.25875336118571,-1.5625504404889927,0.4251501598188267
-2.9066175984905067,1.8143119652270197,-2.4898617194518957,7.2255983428750366,33.34264701797276,-1.8421731735355245,32.22913809904329,46.48725764735004,31.316238150567195,11.727426365698403,22.06993160047153,4.502792426297569,4.20908065479905
-1.4029259383309927,4.775409746353977,2.185633365658221,3.9999649349989017,11.885873160324158,-2.6333757613398565,11.834638829708895,31.316238150567195,45.54723048127266,28.371850417432267,24.08725374123814,11.19411225340788,10.132260486364004
-1.1695393203576154,-6.575638188676987,1.6877554225981835,7.465749855838919,-11.164953898226447,12.134396435171677,0.3123686534104756,11.727426365698403,28.371850417432267,53.545800403953706,24.26398657171869,24.65563571344682,17.037016764955126
-5.92673056192609,4.814677193763977,-9.395378035743995,7.739839874182419,68.91587530696013,-31.915129061977126,17.25875336118571,22.06993160047153,24.08725374123814,24.26398657171869,79.2096023292666,30.791883826299905,26.559787296181938
-1.7579976881638413,-5.271895265735141,-0.9436520648283369,0.2666061183202154,-14.025507827321034,9.33487182524236,-1.5625504404889927,4.502792426297569,11.19411225340788,24.65563571344682,30.791883826299905,54.53435003579612,40.71753683765856
-1.909095626385505,-0.835941976076238,-1.6654687242722903,-1.0861124293251414,-1.426433684076384,0.016709873679108932,0.4251501598188267,4.20908065479905,10.132260486364004,17.037016764955126,26.559787296181938,40.71753683765856,50.01797505496102
