0.6910612568143383,-0.3028838843124469,-0.38332775358876636,-0.6974583531454088,-0.8722132711918316,0.05619503359741318,0.3932854715620745,-0.5270186325892101,-0.6684767906035826,0.05746560738874764,0.20843157943862228,-0.08019841111678033,0.5839506188316921
-0.3028838843124469,60.78482336103138,23.46183109556242,-23.321596893257706,54.322396146246085,-23.341966217936662,23.487474053109487,-1.9643836410635842,29.73102443295828,-33.348934258934825,19.297791878534216,-5.370372484035194,-5.622971148955136
-0.38332775358876636,23.46183109556242,54.246987652412045,49.274797876921326,-28.616727351934173,42.83407923945642,17.79873506876323,18.698050137013972,-20.953231807143286,16.00541297189251,-11.706551823808804,-6.264068753704978,4.911940632044018
-0.6974583531454088,-23.321596893257706,49.274797876921326,101.81013763812372,-59.80143654692909,73.64308611408403,6.058634979697046,26.988105005816603,-49.54157136637037,56.46379029025472,-25.278155131878794,-0.3336162784571892,7.455152162143576
-0.8722132711918316,54.322396146246085,-28.616727351934173,-59.80143654692909,188.01620953922287,-62.890349685714064,14.42241776943947,-23.044740554697803,83.16445345462186,-65.50143109841768,53.99360890830253,22.57942706082842,-16.157972045731743
0.05619503359741318,-23.341966217936662,42.83407923945642,73.64308611408403,-62.890349685714064,126.82638812924039,43.83347794580931,20.317400948301373,-66.21733842132059,39.23463464271492,-20.765007416771255,-5.9893180208864845,16.528583038810822
0.3932854715620745,23.487474053109487,17.79873506876323,6.058634979697046,14.42241776943947,43.83347794580931,88.16900284513395,37.330134390414365,-11.78854925932408,-20.893798673462445,1.8201928579949052,0.679079793480211,5.923990710209346
-0.5270186325892101,-1.9643836410635842,18.698050137013972,26.988105005816603,-23.044740554697803,20.317400948301373,37.330134390414365,82.7962627449845,32.688974112002036,13.861087805317942,-22.1426201846728,2.27667303620794,2.924962619775607
-0.6684767906035826,29.73102443295828,-20.953231807143286,-49.54157136637037,83.16445345462186,-66.21733842132059,-11.78854925932408,32.688974112002036,144.0788785885186,20.39836827191178,27.30477497876596,-4.133858804554428,-13.814621312434761
0.05746560738874764,-33.348934258934825,16.00541297189251,56.46379029025472,-65.50143109841768,39.23463464271492,-20.893798673462445,13.861087805317942,20.39836827191178,140.4216597186845,27.318077006247883,-9.283043044972354,-8.048568766597546
0.20843157943862228,19.297791878534216,-11.706551823808804,-25.278155131878794,53.99360890830253,-20.765007416771255,1.8201928579949052,-22.1426201846728,27.30477497876596,27.318077006247883,102.21124270744231,43.23746786735236,-6.332156996561997
-0.08019841111678033,-5.370372484035194,-6.264068753704978,-0.3336162784571892,22.57942706082842,-5.9893180208864845,0.679079793480211,2.27667303620794,-4.133858804554428,-9.283043044972354,43.23746786735236,87.76336600887777,42.60130203583518
0.5839506188316921,-5.622971148955136,4.911940632044018,7.455152162143576,-16.157972045731743,16.528583038810822,5.923990710209346,2.924962619775607,-13.814621312434761,-8.048568766597546,-6.332156996561997,42.60130203583518,68.91773356574241
