0.8963721759754921,0.005181338144411787,-0.07895188331230484,-1.7020774303051154,-3.178551919643381,0.7135933015452068,0.6831135875330818,-1.1727967884904469,-1.0137907222193654,0.5264484786324096,-0.7900396287019146,-0.9564754228305524,0.5507373942781394
0.005181338144411787,49.66428188871405,3.990954284870503,-39.362675204366596,65.17988925678335,-29.032386950860232,16.295198699620563,-10.51356141751255,35.09305736719704,-42.172631682653815,21.7007698578756,-4.475658806384238,-1.0089190679942595
-0.07895188331230484,3.990954284870503,30.879639867777918,31.340780499399816,-34.17494505381633,17.31728797155674,-10.044908013650682,-3.2759118623436367,-18.251393891330462,22.785706948884602,-5.457998310571644,3.8228823150512325,15.561305252173877
-1.7020774303051154,-39.362675204366596,31.340780499399816,93.57788650051208,-57.66311334899413,43.73728776061948,-20.536322985064672,17.078465600795766,-49.4652380564708,53.43714478804575,-22.588444782297586,17.04415540267153,13.85700718407921
-3.178551919643381,65.17988925678335,-34.17494505381633,-57.66311334899413,235.67070373103326,-46.10093981768409,47.08349416386219,15.23205567912015,91.07180632311419,-114.05764745807156,41.30634304507736,10.022230784254392,-28.75846405380585
0.7135933015452068,-29.032386950860232,17.31728797155674,43.73728776061948,-46.10093981768409,101.59301054650723,37.920984739037365,25.715761243256892,-24.05511750180311,46.39360007124867,-27.375892278735222,-11.83255155811848,6.37447745106431
0.6831135875330818,16.295198699620563,-10.044908013650682,-20.536322985064672,47.08349416386219,37.920984739037365,88.44271216726975,50.6842098222826,39.23096805329318,-11.660532670810024,5.802465080751614,-16.08763807328522,-18.5875836979154
-1.1727967884904469,-10.51356141751255,-3.2759118623436367,17.078465600795766,15.23205567912015,25.715761243256892,50.6842098222826,84.8072154096566,46.58077443798146,18.482945600062653,3.941483905876074,5.7469135017520925,-19.988752810291395
-1.0137907222193654,35.09305736719704,-18.251393891330462,-49.4652380564708,91.07180632311419,-24.05511750180311,39.23096805329318,46.58077443798146,111.771521518404,-6.935291036062969,40.764097946596195,2.711866026120135,-12.982455471580193
0.5264484786324096,-42.172631682653815,22.785706948884602,53.43714478804575,-114.05764745807156,46.39360007124867,-11.660532670810024,18.482945600062653,-6.935291036062969,135.26087516806027,23.318274282802292,19.989455614371433,22.928981391880843
-0.7900396287019146,21.7007698578756,-5.457998310571644,-22.588444782297586,41.30634304507736,-27.375892278735222,5.802465080751614,3.941483905876074,40.764097946596195,23.318274282802292,91.43131171294486,53.04580405516576,12.8362398524936
-0.9564754228305524,-4.475658806384238,3.8228823150512325,17.04415540267153,10.022230784254392,-11.83255155811848,-16.08763807328522,5.7469135017520925,2.711866026120135,19.989455614371433,53.04580405516576,78.5622894936973,44.0392324512113
0.5507373942781394,-1.0089190679942595,15.561305252173877,13.85700718407921,-28.75846405380585,6.37447745106431,-18.5875836979154,-19.988752810291395,-12.982455471580193,22.928981391880843,12.8362398524936,44.0392324512113,76.78075307379248
