1.0120696505759486,-0.6207190179418671,-2.823487245344807,-2.6059340292080337,2.6239877704484074,-2.887192773764995,-1.3674148651511049,-1.0782391354409784,0.8958576125490009,-2.3648317656587756,0.03889190773526095,1.188310458539623,0.35306645079045307
-0.6207190179418671,56.495937803422734,7.251574661539841,-43.79332642103373,65.08541004847713,-35.19922375187154,14.078058686895124,-12.63949409456335,41.19219201830802,-41.988960690185564,30.947507724791794,-5.6220226216765345,-1.5771075106697015
-2.823487245344807,7.251574661539841,45.40324041931537,45.620572713797515,-43.89689512251825,31.465856900167385,3.058524447032102,8.378583127217512,-18.82812746179298,35.73917946181104,-4.508546021709869,-7.817086732305478,1.860379975647284
-2.6059340292080337,-43.79332642103373,45.620572713797515,105.09730512103671,-95.36594636581944,69.51339913689009,-4.600261600087151,25.202127413780254,-58.46810939856524,81.90608108777086,-32.556548555812746,-3.187636938376597,0.404633775078614
2.6239877704484074,65.08541004847713,-43.89689512251825,-95.36594636581944,180.3842919173855,-68.12480724295303,21.943810795048055,-15.329456896978652,87.4585742518295,-100.98743015214322,45.928177357773336,8.000293924464994,-8.739232147695281
-2.887192773764995,-35.19922375187154,31.465856900167385,69.51339913689009,-68.12480724295303,98.38146063530836,22.558057272612388,23.89503515097399,-39.668888255107845,66.26170598158608,-24.620995560205255,-10.219989670016767,4.437831870305636
-1.3674148651511049,14.078058686895124,3.058524447032102,-4.600261600087151,21.943810795048055,22.558057272612388,54.80894765873249,27.354115364836396,16.460830177936213,-1.5429449587071844,11.38992473268537,-3.5202940653375707,1.8616773494397831
-1.0782391354409784,-12.63949409456335,8.378583127217512,25.202127413780254,-15.329456896978652,23.89503515097399,27.354115364836396,55.880110074798786,20.683264243876057,26.64882486672376,-3.3504421543106773,7.2326914665222,0.8855196310275556
0.8958576125490009,41.19219201830802,-18.82812746179298,-58.46810939856524,87.4585742518295,-39.668888255107845,16.460830177936213,20.683264243876057,101.71617715283226,-19.992175616169828,40.03260337556314,9.814339929791494,5.45930864754082
-2.3648317656587756,-41.988960690185564,35.73917946181104,81.90608108777086,-100.98743015214322,66.26170598158608,-1.5429449587071844,26.64882486672376,-19.992175616169828,133.8566868092842,10.4290104605585,12.302836935443343,12.388583940335462
0.03889190773526095,30.947507724791794,-4.508546021709869,-32.556548555812746,45.928177357773336,-24.620995560205255,11.38992473268537,-3.3504421543106773,40.03260337556314,10.4290104605585,85.31416791706792,43.63654666901035,17.387565596880176
1.188310458539623,-5.6220226216765345,-7.817086732305478,-3.187636938376597,8.000293924464994,-10.219989670016767,-3.5202940653375707,7.2326914665222,9.814339929791494,12.302836935443343,43.63654666901035,68.7987658545856,42.29949240268815
0.35306645079045307,-1.5771075106697015,1.860379975647284,0.404633775078614,-8.739232147695281,4.437831870305636,1.8616773494397831,0.8855196310275556,5.45930864754082,12.388583940335462,17.387565596880176,42.29949240268815,63.22202549647845
