4.378784425723929,3.334475804172871,1.6035590765958034,0.9275109560731704,4.587416864965029,-5.777755337828569,-2.7281965598535645,-2.9944737144961224,3.1417847491297755,3.163940770410303,4.473356241921807,4.159112538058476,0.5259703893759907
3.334475804172871,56.70897255741785,25.724307189121372,-14.269255165111307,55.879753625836,-27.10263020207922,8.958604767994432,-4.267205818860283,35.90153564980909,-22.899597471447066,29.46556652043521,3.257759584573418,-2.6697450311966837
1.6035590765958034,25.724307189121372,70.04253606425071,72.83558500844629,-28.690229272552045,31.095650555952187,3.4303428446021003,23.324768105323564,-7.204077899805424,46.47872728407078,8.582755358911355,8.709940724540632,3.5726065019140107
0.9275109560731704,-14.269255165111307,72.83558500844629,127.59346732417067,-64.57992814819309,64.79059559011792,-0.3416990854136674,36.54134550861974,-39.926518962588574,85.3129902272304,-13.371163623186014,10.361382418628235,2.652388370055054
4.587416864965029,55.879753625836,-28.690229272552045,-64.57992814819309,171.8409211957249,-49.831372881537995,16.42492179917756,-18.936413696504257,71.72136704766989,-85.49190573210984,29.405288791403354,4.35051640689072,-12.657385529698361
-5.777755337828569,-27.10263020207922,31.095650555952187,64.79059559011792,-49.831372881537995,93.81716636249766,27.8236935023938,32.45062030877252,-29.41172747675918,50.242359247706766,-19.87026377614583,-2.8161610035556386,9.75223483698756
-2.7281965598535645,8.958604767994432,3.4303428446021003,-0.3416990854136674,16.42492179917756,27.8236935023938,59.27147572946531,36.41638012897598,15.900131530068105,-1.0826754832483036,6.489403428570463,-0.09700870882172645,3.6227117677171785
-2.9944737144961224,-4.267205818860283,23.324768105323564,36.54134550861974,-18.936413696504257,32.45062030877252,36.41638012897598,70.53477984544375,27.87396278509414,34.9602005831701,1.0532267640839135,7.1817084437522745,1.4502571350987508
3.1417847491297755,35.90153564980909,-7.204077899805424,-39.926518962588574,71.72136704766989,-29.41172747675918,15.900131530068105,27.87396278509414,99.05666326530894,1.793352819912375,36.96315987630579,10.453693997597998,6.2329518474615035
3.163940770410303,-22.899597471447066,46.47872728407078,85.3129902272304,-85.49190573210984,50.242359247706766,-1.0826754832483036,34.9602005831701,1.793352819912375,144.81390968746487,35.49506594465391,29.449404268529893,20.72337226167653
4.473356241921807,29.46556652043521,8.582755358911355,-13.371163623186014,29.405288791403354,-19.87026377614583,6.489403428570463,1.0532267640839135,36.96315987630579,35.49506594465391,95.52150712139722,57.446794292302855,22.74024959961417
4.159112538058476,3.257759584573418,8.709940724540632,10.361382418628235,4.35051640689072,-2.8161610035556386,-0.09700870882172645,7.1817084437522745,10.453693997597998,29.449404268529893,57.446794292302855,77.7874170640899,45.30165216465242
0.5259703893759907,-2.6697450311966837,3.5726065019140107,2.652388370055054,-12.657385529698361,9.75223483698756,3.6227117677171785,1.4502571350987508,6.2329518474615035,20.72337226167653,22.74024959961417,45.30165216465242,66.87417067890297
