4.412829622265177,-0.594702043827153,-4.566469784126847,-4.606562508231467,4.299523676228544,-8.071019369272227,-1.9955816256376777,-1.5381436004378606,5.2317759004866495,1.9653794210850426,5.634549234648092,5.5632144837808415,2.1305765699309163
-0.594702043827153,51.189834326512,21.4083370268685,-24.396994077516865,37.112034602212546,-27.015397451681014,6.03604530170649,-9.490474600306447,27.872128447652095,-32.0912022210397,18.005959024788076,-8.867140484179238,-0.6409029305819579
-4.566469784126847,21.4083370268685,68.36748892836539,59.89164385098164,-58.568014288430525,23.76118678237405,-3.316371914887473,10.082701045124354,-27.000865652275998,28.282519785291022,-15.461345954117984,-18.30694460108659,0.5010561366612881
-4.606562508231467,-24.396994077516865,59.89164385098164,108.51873654214182,-83.64122727734701,59.422256407426815,-2.9198895390415527,24.77301644845428,-57.8048491562832,66.7368499331608,-33.75806014049435,-10.350597521763648,-1.8126594165309409
4.299523676228544,37.112034602212546,-58.568014288430525,-83.64122727734701,184.36039227111215,-32.778736462848265,27.449786402078217,-11.556178730440607,81.61938862843083,-81.30464240907612,44.9622908794013,23.60660565401453,-5.026633607714413
-8.071019369272227,-27.015397451681014,23.76118678237405,59.422256407426815,-32.778736462848265,102.24680317251496,32.72601057166347,26.628324067407142,-31.25055670869572,42.36549060604246,-27.10020751319195,-13.785464545366485,0.7806610019950649
-1.9955816256376777,6.03604530170649,-3.316371914887473,-2.9198895390415527,27.449786402078217,32.72601057166347,57.572052008792156,32.6630830635282,20.136930116668736,1.8107355009850146,6.238571080441519,-3.243104428156598,-2.4855042946648327
-1.5381436004378606,-9.490474600306447,10.082701045124354,24.77301644845428,-11.556178730440607,26.628324067407142,32.6630830635282,58.930949849853555,24.14385728578464,27.254332274439218,-2.8008052689520526,1.7190527825405586,-3.6079200685665875
5.2317759004866495,27.872128447652095,-27.000865652275998,-57.8048491562832,81.61938862843083,-31.25055670869572,20.136930116668736,24.14385728578464,100.63910266798125,-8.24081935108958,41.32303516899789,14.74210875984029,6.797484469089395
1.9653794210850426,-32.0912022210397,28.282519785291022,66.7368499331608,-81.30464240907612,42.36549060604246,1.8107355009850146,27.254332274439218,-8.24081935108958,117.3742144797573,13.849051462856686,12.698007014852548,14.10998505959844
5.634549234648092,18.005959024788076,-15.461345954117984,-33.75806014049435,44.9622908794013,-27.10020751319195,6.238571080441519,-2.8008052689520526,41.32303516899789,13.849051462856686,83.90301770862908,52.343254671050055,22.25013252619689
5.5632144837808415,-8.867140484179238,-18.30694460108659,-10.350597521763648,23.60660565401453,-13.785464545366485,-3.243104428156598,1.7190527825405586,14.74210875984029,12.698007014852548,52.343254671050055,79.08044335591661,47.08630028251261
2.1305765699309163,-0.6409029305819579,0.5010561366612881,-1.8126594165309409,-5.026633607714413,0.7806610019950649,-2.4855042946648327,-3.6079200685665875,6.797484469089395,14.10998505959844,22.25013252619689,47.08630028251261,68.35308554063914
