2.564155180556587,2.287501316662104,-2.9389557019773034,-6.0137139864200515,3.285755997301502,-2.316151401600937,3.997200160833535,-2.63753261319661,0.7229951577417405,-1.9783085171003114,-0.5417471509641818,-1.3584262097993245,0.25874115840567136
2.287501316662104,37.65625497320136,14.030136787967614,-8.991744960208221,37.24142448054425,-19.544368310583508,21.930488758275555,1.3255648575075383,7.9945486207457215,-10.0683047754531,19.892933581615875,-10.650940931710746,1.2926236542865928
-2.9389557019773034,14.030136787967614,53.801483934599034,56.926306525765746,-15.354259140611255,49.224010838764045,-7.471194600648526,17.572984726856806,9.136775857840892,18.12377559758161,-3.421743528036406,9.751951155073641,1.5190690434486709
-6.0137139864200515,-8.991744960208221,56.926306525765746,108.39160860430488,10.20596037451032,68.24408821097369,-13.512776063760208,33.45881869343118,4.246430755479657,41.12500264743889,-9.2816056951804,24.538026780657756,-6.497772336922833
3.285755997301502,37.24142448054425,-15.354259140611255,10.20596037451032,166.12631530795673,-52.4633894052423,59.282329259296326,18.628594411380718,3.063578352211731,-2.6230855856831665,46.13911758687343,-8.229132400554198,-10.751484653262082
-2.316151401600937,-19.544368310583508,49.224010838764045,68.24408821097369,-52.4633894052423,131.556839624394,-7.9215944249333665,17.855180120282213,15.6873999876741,30.294570420844234,-21.507389545054053,29.669428468415006,15.264436723383303
3.997200160833535,21.930488758275555,-7.471194600648526,-13.512776063760208,59.282329259296326,-7.9215944249333665,71.17536067366693,33.17628432301633,19.429443373555795,2.602137982452468,21.634328043887177,-7.215017891884082,-0.21516529510508775
-2.63753261319661,1.3255648575075383,17.572984726856806,33.45881869343118,18.628594411380718,17.855180120282213,33.17628432301633,69.88098410843831,45.05598991734425,32.37597599380483,11.690370707784238,4.896095695228346,-3.774623045908661
0.7229951577417405,7.9945486207457215,9.136775857840892,4.246430755479657,3.063578352211731,15.6873999876741,19.429443373555795,45.05598991734425,68.75658928152811,40.15246853380445,18.410512777623918,3.719374445831601,7.473735496131223
-1.9783085171003114,-10.0683047754531,18.12377559758161,41.12500264743889,-2.6230855856831665,30.294570420844234,2.602137982452468,32.37597599380483,40.15246853380445,79.19624235917148,29.510523516236308,28.84488423672318,5.259841131043354
-0.5417471509641818,19.892933581615875,-3.421743528036406,-9.2816056951804,46.13911758687343,-21.507389545054053,21.634328043887177,11.690370707784238,18.410512777623918,29.510523516236308,82.8406472109451,36.535716210161745,17.763588236300905
-1.3584262097993245,-10.650940931710746,9.751951155073641,24.538026780657756,-8.229132400554198,29.669428468415006,-7.215017891884082,4.896095695228346,3.719374445831601,28.84488423672318,36.535716210161745,72.84599391561193,41.494710782951515
0.25874115840567136,1.2926236542865928,1.5190690434486709,-6.497772336922833,-10.751484653262082,15.264436723383303,-0.21516529510508775,-3.774623045908661,7.473735496131223,5.259841131043354,17.763588236300905,41.494710782951515,58.45802983702819
