1.9469277110850869,6.88246656488789,1.556566038224744,-5.446582576487528,1.2382948535732516,-1.2803668691768761,3.4955324235686844,-3.4045499560532817,2.2559765276926473,-1.2839846683420435,0.7223637341710015,-1.9539345174672162,0.9705994359540353
6.88246656488789,43.255286143039584,11.28172386025325,-25.19307009102709,24.306980131956845,-11.183245444808685,22.639082533101433,-8.027344351423732,15.220049249898771,-11.549729701038013,20.41920434088732,-9.343768553831527,6.212085613106954
1.556566038224744,11.28172386025325,19.519733948596766,19.17263757706664,6.863752028989741,18.007875119306632,9.536457462534532,7.397294240879733,5.323218052668472,10.109874053739771,2.552176738391234,7.155889319256572,3.7926067425206806
-5.446582576487528,-25.19307009102709,19.17263757706664,63.539672416254724,3.512200244131785,38.478143617199294,-4.717859233719646,24.068019866505814,-4.637772749759403,27.385756458660584,-10.978234137743085,20.778619841387002,-0.789279044224019
1.2382948535732516,24.306980131956845,6.863752028989741,3.512200244131785,58.98582784826469,3.484026539491858,26.139908324072277,11.665864695570184,15.33761751349592,-8.088922102965205,27.194229454353124,-3.8750857244487884,2.045282723137524
-1.2803668691768761,-11.183245444808685,18.007875119306632,38.478143617199294,3.484026539491858,62.07875968334515,22.08786586694978,20.77781009346666,6.061063926038445,25.125360133240488,-7.485392757638468,16.219321685157542,5.014989871584878
3.4955324235686844,22.639082533101433,9.536457462534532,-4.717859233719646,26.139908324072277,22.08786586694978,54.07140882663376,27.70721898550039,25.250966231157253,5.9952765099484235,17.656795816611194,0.3187783325181983,6.875149212099064
-3.4045499560532817,-8.027344351423732,7.397294240879733,24.068019866505814,11.665864695570184,20.77781009346666,27.70721898550039,58.84942646818665,35.344187464428686,22.643765271069313,9.502738836089003,10.984696438703438,3.5438820052950635
2.2559765276926473,15.220049249898771,5.323218052668472,-4.637772749759403,15.33761751349592,6.061063926038445,25.250966231157253,35.344187464428686,59.81732449309793,34.83921526127056,24.910699772814333,7.554743301053747,11.422531162380775
-1.2839846683420435,-11.549729701038013,10.109874053739771,27.385756458660584,-8.088922102965205,25.125360133240488,5.9952765099484235,22.643765271069313,34.83921526127056,70.55464756411628,26.983544716977267,30.49339902240988,14.165850598656116
0.7223637341710015,20.41920434088732,2.552176738391234,-10.978234137743085,27.194229454353124,-7.485392757638468,17.656795816611194,9.502738836089003,24.910699772814333,26.983544716977267,74.52797631035932,33.34472539668934,22.016735746528735
-1.9539345174672162,-9.343768553831527,7.155889319256572,20.778619841387002,-3.8750857244487884,16.219321685157542,0.3187783325181983,10.984696438703438,7.554743301053747,30.49339902240988,33.34472539668934,63.90366927225755,38.408718527300465
0.9705994359540353,6.212085613106954,3.7926067425206806,-0.789279044224019,2.045282723137524,5.014989871584878,6.875149212099064,3.5438820052950635,11.422531162380775,14.165850598656116,22.016735746528735,38.408718527300465,53.312441976704996
