2.5868591182109295,0.5460407639327599,-2.5308097902069746,-4.405267453814868,1.1604112252240655,-0.7244760921230865,2.222693654754648,-2.505874662519325,-0.6928672061134846,-2.1148685936261713,-0.09713005330711548,0.05433767811553772,0.3089452460242674
0.5460407639327599,47.400414432781496,8.267869533639606,-33.551377297997966,54.23212493138411,-25.812326585668693,13.521874680065183,-7.565502176161884,31.761955378985952,-34.30231542356523,24.209801448593364,-3.262850221098786,-2.7416259169664423
-2.5308097902069746,8.267869533639606,35.033563071016765,36.04053755701644,-24.325996744181552,30.745273803928644,5.091182229966699,11.355154091713516,-8.71529854273896,25.269587844981345,-4.898835212750037,-2.601309295378943,4.178650564365783
-4.405267453814868,-33.551377297997966,36.04053755701644,99.05360337587018,-41.76787478879991,55.09239514603342,-3.918042640919928,34.477771751539976,-27.958079293717287,64.94835524575997,-17.203893156048263,11.602940589655264,2.6401647191073496
1.1604112252240655,54.23212493138411,-24.325996744181552,-41.76787478879991,196.7058502588388,-64.73606922722978,14.786209616664589,11.62131742373644,88.94066784568132,-76.8577709978718,61.54861656622588,31.38272655212144,-15.910647771113947
-0.7244760921230865,-25.812326585668693,30.745273803928644,55.09239514603342,-64.73606922722978,97.10663070730473,25.396857495153704,17.30270167418078,-32.74934552757108,60.5197259953964,-18.441460293225354,-1.4975268637283659,20.607826403363482
2.222693654754648,13.521874680065183,5.091182229966699,-3.918042640919928,14.786209616664589,25.396857495153704,55.700739766922126,26.504429193397456,15.209797663262215,5.030622322913696,12.506562070724874,1.8577316043380014,7.7704285976146545
-2.505874662519325,-7.565502176161884,11.355154091713516,34.477771751539976,11.62131742373644,17.30270167418078,26.504429193397456,71.0789466368224,41.18520093061722,29.256793366425846,10.089334488670177,16.786783606179313,-2.5604239171903576
-0.6928672061134846,31.761955378985952,-8.71529854273896,-27.958079293717287,88.94066784568132,-32.74934552757108,15.209797663262215,41.18520093061722,103.63474559345929,0.4054747056833304,45.88947398693896,18.863036947084254,-1.1341726000279362
-2.1148685936261713,-34.30231542356523,25.269587844981345,64.94835524575997,-76.8577709978718,60.5197259953964,5.030622322913696,29.256793366425846,0.4054747056833304,122.50895023655676,13.413031761173997,16.41627992773687,20.47414694477954
-0.09713005330711548,24.209801448593364,-4.898835212750037,-17.203893156048263,61.54861656622588,-18.441460293225354,12.506562070724874,10.089334488670177,45.88947398693896,13.413031761173997,82.59100324085578,48.59596748512078,14.723922520701437
0.05433767811553772,-3.262850221098786,-2.601309295378943,11.602940589655264,31.38272655212144,-1.4975268637283659,1.8577316043380014,16.786783606179313,18.863036947084254,16.41627992773687,48.59596748512078,70.89186662853707,36.18513236621931
0.3089452460242674,-2.7416259169664423,4.178650564365783,2.6401647191073496,-15.910647771113947,20.607826403363482,7.7704285976146545,-2.5604239171903576,-1.1341726000279362,20.47414694477954,14.723922520701437,36.18513236621931,61.18467011143114
