0.3544084761944208,-1.1750481865508042,-1.817132110304272,-1.2305606411996595,0.6311138804101625,-1.458646401000971,0.6643773709544843,-0.24414542598122965,-0.800552093474217,0.24592120342645343,0.637984696694154,0.37599981526430587,-0.5254002505370479
-1.1750481865508042,52.67826282466628,9.117287697048624,-31.09003035636404,41.46459907369184,-28.92842546582171,21.781411498951222,-12.82258967546888,11.344947463654899,-27.913574935170214,11.409615572493989,-16.87392949732228,2.4115559390606833
-1.817132110304272,9.117287697048624,35.59676182752864,24.33477399277983,-41.88223554710428,49.87326907920284,-19.098093843492244,4.3986617827952585,4.589244585796876,-6.152117397448024,-11.259842060274083,0.09476223347237558,7.919589728938582
-1.2305606411996595,-31.09003035636404,24.33477399277983,64.0698137153062,-34.984701561616,40.109815623064236,-15.569538791216928,22.95790719039096,-8.954185665275334,32.43572788615023,-11.958602442586818,18.392947967166762,-1.293781481457192
0.6311138804101625,41.46459907369184,-41.88223554710428,-34.984701561616,182.18444077076575,-135.56424130550442,81.56093423724914,2.2851765214570676,1.0561717153705645,11.3305935057077,42.014957247349074,-7.5785174994396,-15.620558423832989
-1.458646401000971,-28.92842546582171,49.87326907920284,40.109815623064236,-135.56424130550442,207.3984827682013,-61.49283612037479,-1.2849132710444022,29.59449737924319,-22.272833786771788,-33.17517407139229,1.9766954388230602,31.220744461028808
0.6643773709544843,21.781411498951222,-19.098093843492244,-15.569538791216928,81.56093423724914,-61.49283612037479,89.96088744663216,26.721826890399587,-9.415591654830298,20.36054974053229,21.31347317250035,2.856654097705469,-12.793465781826495
-0.24414542598122965,-12.82258967546888,4.3986617827952585,22.95790719039096,2.2851765214570676,-1.2849132710444022,26.721826890399587,63.47086426593814,19.690503005717872,25.70014328718598,7.879316029667161,13.50258217069154,0.18464176150532166
-0.800552093474217,11.344947463654899,4.589244585796876,-8.954185665275334,1.0561717153705645,29.59449737924319,-9.415591654830298,19.690503005717872,84.09449619850585,7.055085130225521,8.382456865938694,-0.4750836424332449,25.860325067276325
0.24592120342645343,-27.913574935170214,-6.152117397448024,32.43572788615023,11.3305935057077,-22.272833786771788,20.36054974053229,25.70014328718598,7.055085130225521,108.27314828714806,28.324547486469363,31.08023052489685,6.402553247871546
0.637984696694154,11.409615572493989,-11.259842060274083,-11.958602442586818,42.014957247349074,-33.17517407139229,21.31347317250035,7.879316029667161,8.382456865938694,28.324547486469363,83.68655129312981,34.01277124336075,4.186361481528506
0.37599981526430587,-16.87392949732228,0.09476223347237558,18.392947967166762,-7.5785174994396,1.9766954388230602,2.856654097705469,13.50258217069154,-0.4750836424332449,31.08023052489685,34.01277124336075,65.78105929260681,26.867505047340615
-0.5254002505370479,2.4115559390606833,7.919589728938582,-1.293781481457192,-15.620558423832989,31.220744461028808,-12.793465781826495,0.18464176150532166,25.860325067276325,6.402553247871546,4.186361481528506,26.867505047340615,63.44285502618039
