4.820467245571199,7.13970336104411,-2.5770467202477647,-12.513465975812442,-1.5168754342393354,-10.283195609062613,0.9694809583465306,-8.054737023361255,0.23771426923651787,-2.951534268139995,0.45884315056542047,-2.3823583138443727,0.7645653984349293
7.13970336104411,60.21820567299565,13.430669234220835,-41.89074725171476,25.867793567674685,-45.668165750775856,23.16982643565166,-21.22112875891204,7.9014443173201565,-19.428942413341392,24.022450238204957,-16.827089718447226,6.407511557875493
-2.5770467202477647,13.430669234220835,51.89566652570644,37.40289853162694,-45.9402308492726,42.91579544737057,-17.5865793855216,1.126077548650616,6.345407868045786,19.160600830757364,-2.5474871637127987,12.70540570629625,8.233379588271683
-12.513465975812442,-41.89074725171476,37.40289853162694,101.69516954141386,-18.9275959788893,77.08355961939955,-24.250733639172594,40.40114613817083,0.8003917061186911,41.46679586971665,-16.92905446577099,26.592572065071778,-8.872779961119424
-1.5168754342393354,25.867793567674685,-45.9402308492726,-18.9275959788893,173.25628944364234,-63.11160256219097,73.23566392688635,27.983671017754034,5.565383376074423,-27.58057893266913,38.16929980731497,-26.139714245905314,-18.57860506284154
-10.283195609062613,-45.668165750775856,42.91579544737057,77.08355961939955,-63.11160256219097,170.08979251903276,-4.728985645626426,29.678114872929655,12.082809748851925,33.404989045404044,-31.368008952443105,27.139691833009657,15.050648483620211
0.9694809583465306,23.16982643565166,-17.5865793855216,-24.250733639172594,73.23566392688635,-4.728985645626426,85.5004679198802,34.213404500556116,10.494365086743223,-16.833093782132163,16.955387616879168,-13.285464084730888,0.7409183214298097
-8.054737023361255,-21.22112875891204,1.126077548650616,40.40114613817083,27.983671017754034,29.678114872929655,34.213404500556116,76.63757719475387,29.891676302602534,19.511990653611573,1.4470453545815136,7.482266626212106,-8.8416438284093
0.23771426923651787,7.9014443173201565,6.345407868045786,0.8003917061186911,5.565383376074423,12.082809748851925,10.494365086743223,29.891676302602534,57.73442851375897,33.62742164389128,18.992332042378113,4.294649465313316,7.729233063702089
-2.951534268139995,-19.428942413341392,19.160600830757364,41.46679586971665,-27.58057893266913,33.404989045404044,-16.833093782132163,19.511990653611573,33.62742164389128,83.28665730153178,28.35518485707337,32.50306192587012,6.785443779859041
0.45884315056542047,24.022450238204957,-2.5474871637127987,-16.92905446577099,38.16929980731497,-31.368008952443105,16.955387616879168,1.4470453545815136,18.992332042378113,28.35518485707337,85.84584030286535,33.503523592450215,18.96243725318567
-2.3823583138443727,-16.827089718447226,12.70540570629625,26.592572065071778,-26.139714245905314,27.139691833009657,-13.285464084730888,7.482266626212106,4.294649465313316,32.50306192587012,33.503523592450215,71.91020436111528,43.625445383253876
0.7645653984349293,6.407511557875493,8.233379588271683,-8.872779961119424,-18.57860506284154,15.050648483620211,0.7409183214298097,-8.8416438284093,7.729233063702089,6.785443779859041,18.96243725318567,43.625445383253876,68.70353305719252
