0.3561782326151708,-0.7159266653088551,-1.5581164094197604,-0.9716491116852184,1.6574581084793443,-1.404830311514958,-0.43730599159094624,-1.6044947591252847,-0.6959612243791511,-1.211069576286447,0.19791154896185667,-0.3754367271318242,-0.676087536479941
-0.7159266653088551,32.01328155791352,7.2027302428571485,-22.20202689826426,34.089677705373816,-16.59059053418428,4.796116825089675,1.9805781470687303,24.541076855883432,-25.35953823335856,15.570594109969022,0.046677642190170975,-0.2727173058724574
-1.5581164094197604,7.2027302428571485,23.261905477115896,20.38502339397849,-18.563661513436585,17.386215803896814,-1.0797625984437302,12.205760465001767,1.435519587435299,13.292609995982026,-10.2144136427462,4.272418863040515,11.17313456273649
-0.9716491116852184,-22.20202689826426,20.38502339397849,56.170638273679785,-41.695880924678406,35.36384050397794,2.6121236746504466,14.46536740731628,-23.77450982567771,40.223723910526395,-23.250773020189346,4.916871981600683,11.73756170024697
1.6574581084793443,34.089677705373816,-18.563661513436585,-41.695880924678406,119.53767440995813,-33.176359652327506,16.61566728296373,-9.195396265988476,39.72188260571414,-60.8274922559866,38.8439437892599,-0.28199045026775527,-18.648746457454674
-1.404830311514958,-16.59059053418428,17.386215803896814,35.36384050397794,-33.176359652327506,64.56548765279565,17.26293472775268,16.274895726415505,-10.433653369296595,40.111294726947946,-14.546301896172693,0.934871712561619,13.807904474342127
-0.43730599159094624,4.796116825089675,-1.0797625984437302,2.6121236746504466,16.61566728296373,17.26293472775268,45.887336283104275,31.755771742017068,13.256112310506095,3.939363866168429,12.584319706129484,5.516586528615398,0.05881115642461577
-1.6044947591252847,1.9805781470687303,12.205760465001767,14.46536740731628,-9.195396265988476,16.274895726415505,31.755771742017068,60.469267192736645,28.59197182920751,16.15515327325916,4.0497217850783205,15.676041069202169,5.419481359852899
-0.6959612243791511,24.541076855883432,1.435519587435299,-23.77450982567771,39.72188260571414,-10.433653369296595,13.256112310506095,28.59197182920751,71.34160157915464,6.1357419159130355,27.180679918265607,6.150532134118997,4.677566894822857
-1.211069576286447,-25.35953823335856,13.292609995982026,40.223723910526395,-60.8274922559866,40.111294726947946,3.939363866168429,16.15515327325916,6.1357419159130355,102.46557540373188,15.834775148108319,13.274683477522995,17.180989567997106
0.19791154896185667,15.570594109969022,-10.2144136427462,-23.250773020189346,38.8439437892599,-14.546301896172693,12.584319706129484,4.0497217850783205,27.180679918265607,15.834775148108319,84.24527681399705,36.3040207512628,-1.4696882343708904
-0.3754367271318242,0.046677642190170975,4.272418863040515,4.916871981600683,-0.28199045026775527,0.934871712561619,5.516586528615398,15.676041069202169,6.150532134118997,13.274683477522995,36.3040207512628,58.491379351748876,28.310915941342802
-0.676087536479941,-0.2727173058724574,11.17313456273649,11.73756170024697,-18.648746457454674,13.807904474342127,0.05881115642461577,5.419481359852899,4.677566894822857,17.180989567997106,-1.4696882343708904,28.310915941342802,53.85085170484666
