3.734773022707744,5.232768683993715,0.6807361155749604,-7.996448446245025,-5.090795983423561,-11.112488220694853,-5.43264836824095,-9.926218943278345,1.952995892232181,-0.42912985545398974,1.4632005798104823,0.6361108901205834,5.745018973238539
5.232768683993715,47.73795185995214,22.79735785240204,-29.83358796615222,9.631374075342354,-19.431975212606307,20.973599085040018,-7.05230805614443,30.805840866068237,-16.070942224110006,19.609643866747653,-20.859951733825014,15.340597530119432
0.6807361155749604,22.79735785240204,31.788166021347198,21.58883781135094,9.612429393120971,11.512937981647351,21.199918560705246,20.428391508657537,13.295987751240943,1.985995737133192,2.227796789643693,-8.124348642912148,-3.49325696841322
-7.996448446245025,-29.83358796615222,21.58883781135094,94.09905704349264,27.56340427555061,62.63278252350046,11.420366397546545,51.536628900760874,-19.714237977793974,27.394304435672606,-25.452686947968502,16.163434628617164,-33.1409663940115
-5.090795983423561,9.631374075342354,9.612429393120971,27.56340427555061,63.574439333111215,42.87588605848991,27.030784038312575,21.068058588964327,13.53646943203968,-2.0807474188120674,7.808416805200248,-5.1807585268964065,-7.1614432717793415
-11.112488220694853,-19.431975212606307,11.512937981647351,62.63278252350046,42.87588605848991,96.5537577306174,55.71698240534769,64.41573905471876,-2.2420027519412815,15.275487985834298,-20.165924785408944,0.739139872824283,-25.4382231776836
-5.43264836824095,20.973599085040018,21.199918560705246,11.420366397546545,27.030784038312575,55.71698240534769,89.18428232463746,74.28065016523519,38.41704288252999,2.131062556839606,4.522364089821085,-15.885513680793556,-9.29041221677709
-9.926218943278345,-7.05230805614443,20.428391508657537,51.536628900760874,21.068058588964327,64.41573905471876,74.28065016523519,112.89002484423295,47.15183383463263,34.64487316846224,-2.2035441533529596,1.341093375677371,-26.205155927781018
1.952995892232181,30.805840866068237,13.295987751240943,-19.714237977793974,13.53646943203968,-2.2420027519412815,38.41704288252999,47.15183383463263,94.92165978259742,48.774818562112955,44.668050478725334,0.27523497258738183,13.637841097853945
-0.42912985545398974,-16.070942224110006,1.985995737133192,27.394304435672606,-2.0807474188120674,15.275487985834298,2.131062556839606,34.64487316846224,48.774818562112955,94.65047237188853,54.105006367590065,46.98987216152518,3.497474155420642
1.4632005798104823,19.609643866747653,2.227796789643693,-25.452686947968502,7.808416805200248,-20.165924785408944,4.522364089821085,-2.2035441533529596,44.668050478725334,54.105006367590065,114.46015129500285,59.26192150073205,40.49924543451802
0.6361108901205834,-20.859951733825014,-8.124348642912148,16.163434628617164,-5.1807585268964065,0.739139872824283,-15.885513680793556,1.341093375677371,0.27523497258738183,46.98987216152518,59.26192150073205,93.65646856277138,49.044215600626636
5.745018973238539,15.340597530119432,-3.49325696841322,-33.1409663940115,-7.1614432717793415,-25.4382231776836,-9.29041221677709,-26.205155927781018,13.637841097853945,3.497474155420642,40.49924543451802,49.044215600626636,79.88861383301469
