0.7008431612577785,-0.211265450234137,0.14982196257551825,-1.110803064501494,-3.823167921249476,-0.5766510013385042,-1.6635720488273682,-2.313598625019833,-1.0730926069804678,2.161282207211945,0.9578062865999726,0.5718834693994433,1.5296432932910604
-0.211265450234137,49.60378402218039,1.3808341976438157,-41.83294340004238,68.63180468586852,-33.200807424074064,16.763539853561984,-10.761766501425685,33.81987568069341,-45.371456527488405,23.30588244828889,-5.057296310426605,-3.091126247456753
0.14982196257551825,1.3808341976438157,26.037733011039577,28.06467790828194,-28.216993448783843,21.688271311932535,-8.433803427379074,-2.591489756895725,-16.13867593444278,20.34215011918809,-5.0922712869480975,3.1494295902290275,9.131261890688686
-1.110803064501494,-41.83294340004238,28.06467790828194,89.89936006200082,-58.49765810398442,47.53939252406141,-17.39235461860085,17.857127523960152,-45.47487110191551,53.107570319551776,-24.873741174072755,14.671218710993202,9.636004278600987
-3.823167921249476,68.63180468586852,-28.216993448783843,-58.49765810398442,218.40693122342321,-66.12462361775562,42.69315835316273,16.08691201165001,85.83872870587017,-115.21394400226511,40.45222522922101,9.116816764638743,-21.805070848616324
-0.5766510013385042,-33.200807424074064,21.688271311932535,47.53939252406141,-66.12462361775562,104.39287797705674,31.119307725366813,26.792285757875284,-26.257418976272866,55.820863168445385,-28.415280360059715,-13.389965531169603,4.837322013599139
-1.6635720488273682,16.763539853561984,-8.433803427379074,-17.39235461860085,42.69315835316273,31.119307725366813,83.87274701932496,47.604355598526745,31.98828958538741,-15.506933726297467,-0.46379032618408494,-21.37528991875144,-15.089341800284034
-2.313598625019833,-10.761766501425685,-2.591489756895725,17.857127523960152,16.08691201165001,26.792285757875284,47.604355598526745,80.84234850552998,38.3581723118946,6.817375353647024,-9.479012597964493,-2.9228391436979724,-18.328092887358373
-1.0730926069804678,33.81987568069341,-16.13867593444278,-45.47487110191551,85.83872870587017,-26.257418976272866,31.98828958538741,38.3581723118946,99.33876043261705,-12.542910556107984,32.4277412754067,-0.8348076437397922,-10.930397068912088
2.161282207211945,-45.371456527488405,20.34215011918809,53.107570319551776,-115.21394400226511,55.820863168445385,-15.506933726297467,6.817375353647024,-12.542910556107984,138.84009957524827,18.62532086268227,16.019933318239932,19.052245593094323
0.9578062865999726,23.30588244828889,-5.0922712869480975,-24.873741174072755,40.45222522922101,-28.415280360059715,-0.46379032618408494,-9.479012597964493,32.4277412754067,18.62532086268227,84.50341227903027,46.35766531150994,16.421724707639108
0.5718834693994433,-5.057296310426605,3.1494295902290275,14.671218710993202,9.116816764638743,-13.389965531169603,-21.37528991875144,-2.9228391436979724,-0.8348076437397922,16.019933318239932,46.35766531150994,76.09559696850206,45.79116253721639
1.5296432932910604,-3.091126247456753,9.131261890688686,9.636004278600987,-21.805070848616324,4.837322013599139,-15.089341800284034,-18.328092887358373,-10.930397068912088,19.052245593094323,16.421724707639108,45.79116253721639,68.31929275153875
