4.3729524491862,3.652125261110425,-4.028710303761049,-12.865883891076924,-3.4961555765412244,-7.155246452795558,1.2571689331125722,-7.628962759860166,-1.0131741159175645,-4.835011068242202,1.6154156661412018,1.63421731994914,3.4014000366818213
3.652125261110425,57.976930806032044,8.609793834953951,-47.191936229106716,53.80968012373374,-30.460657413875293,15.04353013257051,-21.13846177375419,31.58146679416932,-42.19776379971618,22.842957513256035,-8.225312240827538,1.7675352738964258
-4.028710303761049,8.609793834953951,42.4208653167998,45.59254494416288,-29.21184830894036,34.558631487171056,1.7236206954102624,8.405275334279235,-16.182088385883077,30.825030680362225,-2.1705335939713177,-1.575283026349856,3.7798739584213124
-12.865883891076924,-47.191936229106716,45.59254494416288,137.85740807892643,-30.02611011758568,78.65915599339291,-0.7766945992514874,67.37461564866206,-26.819432670116207,69.81217020216533,-35.57128342216295,4.245996414618122,-13.374094805848573
-3.4961555765412244,53.80968012373374,-29.21184830894036,-30.02611011758568,237.74091047899338,-38.53717906403145,39.04676950483633,52.53661280744948,117.07413453914403,-107.34594815445428,5.971872337161282,-7.806741861018608,-36.61238558642801
-7.155246452795558,-30.460657413875293,34.558631487171056,78.65915599339291,-38.53717906403145,103.80583563485052,27.202052587216652,40.82336660363184,-25.061570789261673,51.83132775494185,-29.17038403373202,-5.859112567925251,5.71146979314919
1.2571689331125722,15.04353013257051,1.7236206954102624,-0.7766945992514874,39.04676950483633,27.202052587216652,61.53322584024937,41.360805682346026,25.722667157699284,-15.29537523550034,-4.655644231265267,-4.095138388407702,-0.031454288206884506
-7.628962759860166,-21.13846177375419,8.405275334279235,67.37461564866206,52.53661280744948,40.82336660363184,41.360805682346026,119.85032211211548,57.76177839927881,8.888906090472227,-28.576604575724495,7.682953494487659,-18.57339312829504
-1.0131741159175645,31.58146679416932,-16.182088385883077,-26.819432670116207,117.07413453914403,-25.061570789261673,25.722667157699284,57.76177839927881,114.33563410350465,-27.07815756432686,15.533496161293094,4.198710853837586,-6.866873862645747
-4.835011068242202,-42.19776379971618,30.825030680362225,69.81217020216533,-107.34594815445428,51.83132775494185,-15.29537523550034,8.888906090472227,-27.07815756432686,134.63264850976913,30.554272611150036,26.913153413256346,25.57603536329444
1.6154156661412018,22.842957513256035,-2.1705335939713177,-35.57128342216295,5.971872337161282,-29.17038403373202,-4.655644231265267,-28.576604575724495,15.533496161293094,30.554272611150036,98.44748193644125,49.46122827160795,29.673496029070233
1.63421731994914,-8.225312240827538,-1.575283026349856,4.245996414618122,-7.806741861018608,-5.859112567925251,-4.095138388407702,7.682953494487659,4.198710853837586,26.913153413256346,49.46122827160795,70.89514450447739,42.43121202938584
3.4014000366818213,1.7675352738964258,3.7798739584213124,-13.374094805848573,-36.61238558642801,5.71146979314919,-0.031454288206884506,-18.57339312829504,-6.866873862645747,25.57603536329444,29.673496029070233,42.43121202938584,68.94967191321113
