3.0352257254861255,8.819103715172915,-1.8655592541638597,-14.34867621466529,0.5317974687135705,-6.441396230647213,4.224290900388332,-7.177870515918004,2.026093315597315,-7.592511552570317,-0.32225056296301474,-2.133237609922109,1.850568902790364
8.819103715172915,66.84109782767598,27.928061395467733,-39.81016317457077,8.069503759316042,-14.137391839067531,24.274072352744174,-13.656386997893296,18.638763700699872,-26.990614918875398,13.89371028301865,-13.106968704163885,-4.080300150953333
-1.8655592541638597,27.928061395467733,68.88375840247508,71.55600239534658,-22.858755302576295,42.24354795851136,19.783970208562792,33.58359875788005,-9.465778750682594,42.54806395342332,7.166236829759626,-4.53110725095247,-17.38035845483914
-14.34867621466529,-39.81016317457077,71.55600239534658,169.7515996177259,-24.082213159488287,86.23865034494507,3.8818215843837023,72.05992200436643,-32.96305556446379,98.47495736341266,-1.8124480218574568,11.860596155735056,-22.852763043593743
0.5317974687135705,8.069503759316042,-22.858755302576295,-24.082213159488287,92.88169109842745,-0.3298746398104821,8.936331496315072,-2.9317956246233567,37.98814899374651,-39.904829198055516,18.095491506613136,10.230849289115458,5.312299786459625
-6.441396230647213,-14.137391839067531,42.24354795851136,86.23865034494507,-0.3298746398104821,87.97264311151778,39.088483515899696,47.54619133350663,-13.61918939166966,53.833141442656185,3.4776296874480943,0.867156429998624,-11.177900496765021
4.224290900388332,24.274072352744174,19.783970208562792,3.8818215843837023,8.936331496315072,39.088483515899696,70.52614195954735,36.53696246136269,13.899412816985349,6.306120471353439,7.88282496663261,-3.326248838532038,-3.0597166429155807
-7.177870515918004,-13.656386997893296,33.58359875788005,72.05992200436643,-2.9317956246233567,47.54619133350663,36.53696246136269,87.59383059332082,27.916998238700717,50.33374724545875,6.094884242273731,8.725947667997184,-7.6376033759869015
2.026093315597315,18.638763700699872,-9.465778750682594,-32.96305556446379,37.98814899374651,-13.61918939166966,13.899412816985349,27.916998238700717,78.73342569612947,5.9994241771894075,20.003850479838984,4.934985706959896,11.949836144352284
-7.592511552570317,-26.990614918875398,42.54806395342332,98.47495736341266,-39.904829198055516,53.833141442656185,6.306120471353439,50.33374724545875,5.9994241771894075,122.4964059283376,28.31851542670481,17.51354834337165,-4.251850457451786
-0.32225056296301474,13.89371028301865,7.166236829759626,-1.8124480218574568,18.095491506613136,3.4776296874480943,7.88282496663261,6.094884242273731,20.003850479838984,28.31851542670481,70.03286100980246,37.827900482587005,9.66554221300868
-2.133237609922109,-13.106968704163885,-4.53110725095247,11.860596155735056,10.230849289115458,0.867156429998624,-3.326248838532038,8.725947667997184,4.934985706959896,17.51354834337165,37.827900482587005,61.400050693466596,35.51315612278629
1.850568902790364,-4.080300150953333,-17.38035845483914,-22.852763043593743,5.312299786459625,-11.177900496765021,-3.0597166429155807,-7.6376033759869015,11.949836144352284,-4.251850457451786,9.66554221300868,35.51315612278629,65.20832769191007
