4.187189396541643,-1.6665574575303737,-6.615079797812723,-10.381896970103455,-2.4441857310701223,-4.2468175577751515,5.106068240709478,-0.5205674878631646,1.3947529912070387,-4.458469736553523,-2.228409465092658,1.4998608739217691,3.328208850117984
-1.6665574575303737,46.196969103581765,6.179323556037379,-30.530447031186092,58.11080996440617,-34.1074501202472,9.276448133553364,-9.37986136227787,31.27977005571043,-28.82904920402176,26.42176155179211,-0.34869323490708093,-8.59323522242649
-6.615079797812723,6.179323556037379,31.13134971630868,36.848246230886716,-18.619241557436364,23.844798762060805,-6.394285602559946,14.294148526596924,-2.2015971264244327,26.897326739395968,2.5044930615537195,1.311179331194711,2.7827011744484413
-10.381896970103455,-30.530447031186092,36.848246230886716,97.39061388224117,-39.05240574656117,59.42622690744704,-14.454550516148906,27.327255774548846,-24.882765841938664,67.03003603849554,-7.852201340446152,5.160527960781006,2.3345039667859693
-2.4441857310701223,58.11080996440617,-18.619241557436364,-39.05240574656117,202.0790445051893,-49.04584453065548,18.598545435607836,-22.429881057506414,70.54889566280679,-64.14649427926392,59.03136494135776,17.0858528810162,-23.98628175481753
-4.2468175577751515,-34.1074501202472,23.844798762060805,59.42622690744704,-49.04584453065548,101.61207864023496,20.057565554461412,30.161535025166437,-22.28586609684522,55.520774074647406,-11.911606940414913,3.0633466803260627,26.323202784151867
5.106068240709478,9.276448133553364,-6.394285602559946,-14.454550516148906,18.598545435607836,20.057565554461412,74.58647092092909,39.7872814929349,20.067891639654885,-3.5298067578222425,11.075655379827792,14.00133020685779,22.421572836266908
-0.5205674878631646,-9.37986136227787,14.294148526596924,27.327255774548846,-22.429881057506414,30.161535025166437,39.7872814929349,81.15018455029315,33.45660901800991,30.798638887644326,4.872016525792822,21.822314579447696,19.514578381532832
1.3947529912070387,31.27977005571043,-2.2015971264244327,-24.882765841938664,70.54889566280679,-22.28586609684522,20.067891639654885,33.45660901800991,94.4353030604554,12.18580007770464,38.16035656474448,17.03892181248897,9.166683946202099
-4.458469736553523,-28.82904920402176,26.897326739395968,67.03003603849554,-64.14649427926392,55.520774074647406,-3.5298067578222425,30.798638887644326,12.18580007770464,125.6913657034679,25.189963772582676,15.599009310397356,18.18614144275875
-2.228409465092658,26.42176155179211,2.5044930615537195,-7.852201340446152,59.03136494135776,-11.911606940414913,11.075655379827792,4.872016525792822,38.16035656474448,25.189963772582676,93.1931004908071,50.20714163910585,8.37100388750216
1.4998608739217691,-0.34869323490708093,1.311179331194711,5.160527960781006,17.0858528810162,3.0633466803260627,14.00133020685779,21.822314579447696,17.03892181248897,15.599009310397356,50.20714163910585,78.3411374786958,47.64997745429788
3.328208850117984,-8.59323522242649,2.7827011744484413,2.3345039667859693,-23.98628175481753,26.323202784151867,22.421572836266908,19.514578381532832,9.166683946202099,18.18614144275875,8.37100388750216,47.64997745429788,82.12386938030606
