2.082444376686234,-0.04649213223419263,-3.2488713995612306,-5.752388779202891,-0.23907889203876348,-0.6144886045880343,3.3950489152163703,-0.9534606887656051,0.7801415932239718,-2.2155287440135116,-1.3964450466463272,-1.5697245537413462,0.38570693207978424
-0.04649213223419263,47.378112813181495,8.288607038178945,-33.15163588880068,52.70515343742389,-29.935927854495418,11.062109115803235,-5.944388166138951,34.05631793899211,-33.497756440484935,22.76793552960583,-5.292104299636667,-5.475967548987948
-3.2488713995612306,8.288607038178945,36.19533011966679,38.733650603992366,-26.13093832082991,24.89990355124463,-2.601561366286304,10.13733717453108,-8.223338058692663,28.391936212328268,-2.618579535007443,-1.3928573247445397,2.4772453720321836
-5.752388779202891,-33.15163588880068,38.733650603992366,100.08915730320531,-51.21731958159844,53.40346698036739,-11.574993381674096,28.587201959651956,-32.28755288217684,70.4552119026219,-14.03681068073405,12.909722674175418,5.7391612949043695
-0.23907889203876348,52.70515343742389,-26.13093832082991,-51.21731958159844,179.52848840175903,-59.59916739240459,17.371124555095722,5.237168749096899,84.91707952858324,-73.0226927031451,56.42098548760529,26.424733908918064,-9.752184603057678
-0.6144886045880343,-29.935927854495418,24.89990355124463,53.40346698036739,-59.59916739240459,90.00227070572953,21.585132306637878,20.24272859235241,-29.332692668090846,59.75087575820008,-14.607284411650474,-0.5239860588438962,11.737284297423933
3.3950489152163703,11.062109115803235,-2.601561366286304,-11.574993381674096,17.371124555095722,21.585132306637878,61.86002761211477,32.560559579048125,20.616898958722672,2.2858263285309985,12.466122512886539,-3.500574741579086,-2.755878402880823
-0.9534606887656051,-5.944388166138951,10.13733717453108,28.587201959651956,5.237168749096899,20.24272859235241,32.560559579048125,70.42748037709646,41.3387436950802,32.70847227968694,10.987971276675664,13.372752659723925,-2.550724235856675
0.7801415932239718,34.05631793899211,-8.223338058692663,-32.28755288217684,84.91707952858324,-29.332692668090846,20.616898958722672,41.3387436950802,104.14047106790552,-0.3109658818272469,40.86598768872753,16.151305985101146,3.166250356662937
-2.2155287440135116,-33.497756440484935,28.391936212328268,70.4552119026219,-73.0226927031451,59.75087575820008,2.2858263285309985,32.70847227968694,-0.3109658818272469,118.75181364217596,12.95129343578805,18.713612249373295,18.89846893179378
-1.3964450466463272,22.76793552960583,-2.618579535007443,-14.03681068073405,56.42098548760529,-14.607284411650474,12.466122512886539,10.987971276675664,40.86598768872753,12.95129343578805,80.59800266667017,48.08056999263466,14.144678828180693
-1.5697245537413462,-5.292104299636667,-1.3928573247445397,12.909722674175418,26.424733908918064,-0.5239860588438962,-3.500574741579086,13.372752659723925,16.151305985101146,18.713612249373295,48.08056999263466,73.66070337364856,43.902572449484474
0.38570693207978424,-5.475967548987948,2.4772453720321836,5.7391612949043695,-9.752184603057678,11.737284297423933,-2.755878402880823,-2.550724235856675,3.166250356662937,18.89846893179378,14.144678828180693,43.902572449484474,66.65230658896303
