1.6392141550988704,-0.9910640649934146,-6.2563036759393755,-7.200417347433223,4.35719647291303,-3.950504522390601,-0.3874780592190282,-1.9444976369428086,2.9368041814678425,-3.8845824594573948,-0.17149204289506068,0.5037494124130961,-0.018791781885506478
-0.9910640649934146,60.72344813828238,19.15904085425662,-34.80646197175095,54.08084484099272,-30.52737594165426,15.360531426288466,-14.320665395246632,35.940302680939446,-35.70680213770898,30.16923510574634,-6.6676850714188065,2.1011387063775753
-6.2563036759393755,19.15904085425662,82.6076812914528,78.35026968616847,-72.92588980472026,35.17656590906086,1.202782093445352,17.422128263368094,-26.184513353026258,61.785163878210945,15.512666891967505,2.39013683565043,10.703897549569371
-7.200417347433223,-34.80646197175095,78.35026968616847,139.48013892881173,-113.6275834505456,75.73053978233276,-4.667869661034661,40.417726875432194,-63.81319822131817,104.16275807546188,-12.758007749168787,9.017921987065332,7.108406863229763
4.35719647291303,54.08084484099272,-72.92588980472026,-113.6275834505456,221.05026383470243,-53.05886573703097,33.905227755685424,-19.112734654183765,93.91297923077718,-128.8011847384983,15.177897471227793,-4.224426749703759,-12.498379988505194
-3.950504522390601,-30.52737594165426,35.17656590906086,75.73053978233276,-53.05886573703097,95.82879999628216,21.67600514006313,33.66838053905221,-35.37799955040127,56.18008114669906,-21.42431135898521,-2.475126679374036,6.157034102825324
-0.3874780592190282,15.360531426288466,1.202782093445352,-4.667869661034661,33.905227755685424,21.67600514006313,57.077811753821024,31.74552072822637,22.609410849982996,-7.460014824967752,6.470744888274229,-3.4392578640009615,-0.7803395922326882
-1.9444976369428086,-14.320665395246632,17.422128263368094,40.417726875432194,-19.112734654183765,33.66838053905221,31.74552072822637,68.45381965632279,20.630622760473397,35.84464480219054,-1.662617637242337,10.4381465049477,0.7546296984180666
2.9368041814678425,35.940302680939446,-26.184513353026258,-63.81319822131817,93.91297923077718,-35.37799955040127,22.609410849982996,20.630622760473397,106.08692530831497,-21.209711853317707,34.69518015856288,6.001862490186551,5.89801964697054
-3.8845824594573948,-35.70680213770898,61.785163878210945,104.16275807546188,-128.8011847384983,56.18008114669906,-7.460014824967752,35.84464480219054,-21.209711853317707,159.54904855001033,33.5965712293373,24.30658614509943,18.167233241734458
-0.17149204289506068,30.16923510574634,15.512666891967505,-12.758007749168787,15.177897471227793,-21.42431135898521,6.470744888274229,-1.662617637242337,34.69518015856288,33.5965712293373,84.84694824940843,40.881180200624485,20.36448937087355
0.5037494124130961,-6.6676850714188065,2.39013683565043,9.017921987065332,-4.224426749703759,-2.475126679374036,-3.4392578640009615,10.4381465049477,6.001862490186551,24.30658614509943,40.881180200624485,65.48961037129689,39.427432707106895
-0.018791781885506478,2.1011387063775753,10.703897549569371,7.108406863229763,-12.498379988505194,6.157034102825324,-0.7803395922326882,0.7546296984180666,5.89801964697054,18.167233241734458,20.36448937087355,39.427432707106895,61.265180038110465
