3.475125347804046,0.3028326277136745,-8.528548705718975,-10.966427718563285,3.788814404715165,-10.833066006389826,3.592420408509141,-6.453192070977403,-4.318160850999183,-2.6961543636160212,2.944275415414444,2.439076792447363,1.91706642588242
0.3028326277136745,46.71983174164157,32.796912558845456,-2.0861248697575356,14.656708279168992,-10.006300691813822,7.055141242155515,-8.440841026362524,3.948255910671016,-11.96229346943807,3.1114379496532782,-11.348280519876557,12.812811436104322
-8.528548705718975,32.796912558845456,108.34570295034135,88.06121599076077,-73.83210957143034,75.12923870961242,-42.76587552634441,12.084064306717217,5.685866823959271,3.8777535605462394,-36.02664044728102,0.08251889891345447,21.911855162069827
-10.966427718563285,-2.0861248697575356,88.06121599076077,126.50175181339968,-32.50717602479325,89.33125001476986,-28.035336553448772,32.91992974406365,-6.952959948920919,20.937494511394217,-30.763595223942232,8.306000733709922,-8.554303205622988
3.788814404715165,14.656708279168992,-73.83210957143034,-32.50717602479325,216.43500345173848,-62.96069019742722,91.66483361615411,11.65358107919043,3.37803307997758,-3.3376550943537655,52.09628264582143,-15.689530365343218,-39.258654549922625
-10.833066006389826,-10.006300691813822,75.12923870961242,89.33125001476986,-62.96069019742722,210.50693804284504,-11.058520472249652,30.030882295842027,25.367142908952253,15.606889497536686,-27.939753417972746,10.01063593886595,6.265779568359913
3.592420408509141,7.055141242155515,-42.76587552634441,-28.035336553448772,91.66483361615411,-11.058520472249652,118.50157487765313,51.485794151255654,-0.5103819556231625,8.899539394251223,38.422565603283424,1.483806851558198,-20.199619010999648
-6.453192070977403,-8.440841026362524,12.084064306717217,32.91992974406365,11.65358107919043,30.030882295842027,51.485794151255654,103.00707077116859,56.78977052756941,27.170248784620316,5.696479748210632,7.666063923034895,-1.1031033819416876
-4.318160850999183,3.948255910671016,5.685866823959271,-6.952959948920919,3.37803307997758,25.367142908952253,-0.5103819556231625,56.78977052756941,133.23034374552537,39.67247620190631,-7.014060859363918,-6.386118715654867,35.68296783418605
-2.6961543636160212,-11.96229346943807,3.8777535605462394,20.937494511394217,-3.3376550943537655,15.606889497536686,8.899539394251223,27.170248784620316,39.67247620190631,82.61147166459673,29.50042936186228,10.036213905691582,1.4976775010831518
2.944275415414444,3.1114379496532782,-36.02664044728102,-30.763595223942232,52.09628264582143,-27.939753417972746,38.422565603283424,5.696479748210632,-7.014060859363918,29.50042936186228,107.27754130564063,52.11416871870603,3.135179712359299
2.439076792447363,-11.348280519876557,0.08251889891345447,8.306000733709922,-15.689530365343218,10.01063593886595,1.483806851558198,7.666063923034895,-6.386118715654867,10.036213905691582,52.11416871870603,110.17350711636189,59.64220962442567
1.91706642588242,12.812811436104322,21.911855162069827,-8.554303205622988,-39.258654549922625,6.265779568359913,-20.199619010999648,-1.1031033819416876,35.68296783418605,1.4976775010831518,3.135179712359299,59.64220962442567,103.17480620560212
