0.692469717478054,-0.3373442173458422,-0.44781749830269296,-0.11019376849361563,0.2029391104595967,-1.0486350741537558,-1.1263961348915144,-1.0485674668687048,-0.4757066917309945,0.10971485583650793,0.7212202867727333,0.9615335392930487,0.43623597260918734
-0.3373442173458422,55.26057130006402,5.013358563858069,-42.78013445294363,71.50257522584953,-34.794233177342086,14.386084171650666,-8.508190974953141,42.98019831762816,-48.13083531363824,28.10019830753767,-6.21528519525067,-3.56995892313236
-0.44781749830269296,5.013358563858069,37.03117889397674,44.654513706085076,-22.638260335185375,30.957012293093843,5.092502815326548,10.731648569016054,-15.221394901585382,23.554134012847268,-10.745859046986107,-6.444369194488082,-0.676470631291983
-0.11019376849361563,-42.78013445294363,44.654513706085076,109.80715845582552,-76.0175222294392,75.33707493607204,0.3118680015605652,26.88129558770403,-56.48778102356966,75.75491314851377,-38.2101730334987,-2.7484666055812603,-1.7463051357353316
0.2029391104595967,71.50257522584953,-22.638260335185375,-76.0175222294392,167.3792984786931,-53.70830071043881,27.649352344479425,-4.2091866715684905,85.52894125056208,-89.65865442264582,46.821464007152606,3.3403743811184343,-11.840516789983596
-1.0486350741537558,-34.794233177342086,30.957012293093843,75.33707493607204,-53.70830071043881,93.60225971787115,20.314876684138646,24.637917281175973,-39.6363626053676,58.212023364439084,-34.313857437103636,-9.955075490065145,0.8323457710561442
-1.1263961348915144,14.386084171650666,5.092502815326548,0.3118680015605652,27.649352344479425,20.314876684138646,48.69307640918002,28.253196841162705,17.85487621554579,-6.453583742450075,4.971474909460969,-6.678151636948445,-2.543560236813731
-1.0485674668687048,-8.508190974953141,10.731648569016054,26.88129558770403,-4.2091866715684905,24.637917281175973,28.253196841162705,53.31694894409314,22.241132783894034,22.631487916702035,-3.4008406306087755,5.963914300121236,-0.6949277099428021
-0.4757066917309945,42.98019831762816,-15.221394901585382,-56.48778102356966,85.52894125056208,-39.6363626053676,17.85487621554579,22.241132783894034,97.65572289917884,-22.46535073784282,43.19522694171454,11.956416803432608,6.722992738155052
0.10971485583650793,-48.13083531363824,23.554134012847268,75.75491314851377,-89.65865442264582,58.212023364439084,-6.453583742450075,22.631487916702035,-22.46535073784282,119.83971488388143,4.007757759279708,18.201471651287783,16.581992140039755
0.7212202867727333,28.10019830753767,-10.745859046986107,-38.2101730334987,46.821464007152606,-34.313857437103636,4.971474909460969,-3.4008406306087755,43.19522694171454,4.007757759279708,81.80504280896587,44.719039616712706,20.258305343760757
0.9615335392930487,-6.21528519525067,-6.444369194488082,-2.7484666055812603,3.3403743811184343,-9.955075490065145,-6.678151636948445,5.963914300121236,11.956416803432608,18.201471651287783,44.719039616712706,66.04853612634994,41.04341794210477
0.43623597260918734,-3.56995892313236,-0.676470631291983,-1.7463051357353316,-11.840516789983596,0.8323457710561442,-2.543560236813731,-0.6949277099428021,6.722992738155052,16.581992140039755,20.258305343760757,41.04341794210477,58.64247764313487
