2.5565096647134147,4.8194051249041365,-1.1418304702115274,-9.4951333854285,-4.515641767979848,-8.284727309806451,2.6160261535120335,-3.357541877472804,0.6884157883360206,-2.6017364422658673,-0.9097656957434299,-5.7533514948826,-1.442200926664787
4.8194051249041365,44.19821964821061,9.589447993178165,-34.81641633961832,17.79811858040836,-42.15848106135714,20.2722342013496,-10.255444463302714,9.971748744516601,-23.301695352838163,22.46990509294743,-24.868791002332774,3.7067645836142566
-1.1418304702115274,9.589447993178165,30.84699720250949,34.87423337457922,1.9624127972579202,20.51340588031496,-10.088363393224837,1.1636535268728427,1.8596278824646095,6.142100060723585,-4.391338050377502,10.673200482539082,6.469727432822413
-9.4951333854285,-34.81641633961832,34.87423337457922,110.74455369208445,19.83758813750066,77.1518917436071,-36.03476359531812,17.94929284144154,-13.037274456003798,37.7291089567733,-19.57255137369894,48.860594230941345,3.7860482343467194
-4.515641767979848,17.79811858040836,1.9624127972579202,19.83758813750066,86.6902472279555,-4.2674703841322845,21.89006202253002,10.749663376946407,-1.0741007800325806,-7.784699508496691,37.05276460068978,-0.8374253968128297,1.0018810634918156
-8.284727309806451,-42.15848106135714,20.51340588031496,77.1518917436071,-4.2674703841322845,120.5227367426737,-8.931208728275681,22.641207509657985,2.05566894834496,34.318397277495926,-30.563613064048322,43.20218307256889,10.59697870665748
2.6160261535120335,20.2722342013496,-10.088363393224837,-36.03476359531812,21.89006202253002,-8.931208728275681,66.83832163268734,26.898138186588877,15.829898592750178,-9.713393859323086,23.001700788085973,-19.376506138205738,0.14931779057512723
-3.357541877472804,-10.255444463302714,1.1636535268728427,17.94929284144154,10.749663376946407,22.641207509657985,26.898138186588877,50.50504939073621,28.9762232006133,19.99497694798798,6.569296966578815,10.62240907702633,0.7914536776208758
0.6884157883360206,9.971748744516601,1.8596278824646095,-13.037274456003798,-1.0741007800325806,2.05566894834496,15.829898592750178,28.9762232006133,57.466420342250956,27.00433667009416,15.24327766231968,-3.3495411999915716,7.073571624244626
-2.6017364422658673,-23.301695352838163,6.142100060723585,37.7291089567733,-7.784699508496691,34.318397277495926,-9.713393859323086,19.99497694798798,27.00433667009416,71.27846500364599,16.305341581995602,30.18825654373609,2.0943386672082576
-0.9097656957434299,22.46990509294743,-4.391338050377502,-19.57255137369894,37.05276460068978,-30.563613064048322,23.001700788085973,6.569296966578815,15.24327766231968,16.305341581995602,78.60408532286147,18.806420724438112,12.919150166348869
-5.7533514948826,-24.868791002332774,10.673200482539082,48.860594230941345,-0.8374253968128297,43.20218307256889,-19.376506138205738,10.62240907702633,-3.3495411999915716,30.18825654373609,18.806420724438112,78.79132679260356,37.759211882863454
-1.442200926664787,3.7067645836142566,6.469727432822413,3.7860482343467194,1.0018810634918156,10.59697870665748,0.14931779057512723,0.7914536776208758,7.073571624244626,2.0943386672082576,12.919150166348869,37.759211882863454,53.25277530319804
