2.0891200709350577,2.8285492125767155,-2.112063465329879,-6.785778611382488,1.4817757051701943,-2.7237225357406576,1.7199981995816604,-3.5071009461736677,0.4698226073182156,-4.869574927052029,-0.5817736490217188,1.0599849288769834,2.8415695840793473
2.8285492125767155,44.943143444881365,11.877621493275617,-30.897271918725213,38.800667519963746,-14.645373670095466,10.899077695633576,-9.189705773134403,26.47861666422227,-28.59710694753695,18.912051182099813,-1.7896639462770014,5.570986277577324
-2.112063465329879,11.877621493275617,47.746236388360984,48.896261778832304,-35.92084490447253,39.07726058793698,1.8025688800228816,14.100136638147383,-10.758168181903157,40.109306953819285,-5.746838097736007,-0.9759115348867088,7.470548863977718
-6.785778611382488,-30.897271918725213,48.896261778832304,112.81423625384338,-57.57954318359766,54.53572188129837,-9.099247833613386,39.63331039064725,-30.41018191298116,82.74948626839623,-18.167918047502397,2.835436374864869,-7.118647005332868
1.4817757051701943,38.800667519963746,-35.92084490447253,-57.57954318359766,160.3534692559978,-58.25159418877138,12.278832322034194,1.0178472708811,72.85557678312152,-78.48057517762385,51.195489505212436,12.544174656664227,-21.45440834974482
-2.7237225357406576,-14.645373670095466,39.07726058793698,54.53572188129837,-58.25159418877138,98.61307308191081,31.66433785664455,16.424367498455883,-28.267540674928995,61.09780922850352,-12.648136665213947,0.30033046018387227,21.28402921016243
1.7199981995816604,10.899077695633576,1.8025688800228816,-9.099247833613386,12.278832322034194,31.66433785664455,58.72722734840027,24.517053813370648,10.677164737127782,-0.7914095127595856,13.882318762984964,6.980924862085428,13.00481226243776
-3.5071009461736677,-9.189705773134403,14.100136638147383,39.63331039064725,1.0178472708811,16.424367498455883,24.517053813370648,72.13735313414385,32.719204031021576,33.07601505143601,7.47498701961129,10.02981591301214,-8.841174561076107
0.4698226073182156,26.47861666422227,-10.758168181903157,-30.41018191298116,72.85557678312152,-28.267540674928995,10.677164737127782,32.719204031021576,89.93321320458382,-0.7489077034069139,36.6240184412114,8.724233680974883,-4.423348080595571
-4.869574927052029,-28.59710694753695,40.109306953819285,82.74948626839623,-78.48057517762385,61.09780922850352,-0.7914095127595856,33.07601505143601,-0.7489077034069139,133.41922943105584,14.183950864111157,14.562888495585984,13.0869340814338
-0.5817736490217188,18.912051182099813,-5.746838097736007,-18.167918047502397,51.195489505212436,-12.648136665213947,13.882318762984964,7.47498701961129,36.6240184412114,14.183950864111157,86.45158452069168,45.21962096280288,8.856131155624555
1.0599849288769834,-1.7896639462770014,-0.9759115348867088,2.835436374864869,12.544174656664227,0.30033046018387227,6.980924862085428,10.02981591301214,8.724233680974883,14.562888495585984,45.21962096280288,63.546418179413486,35.52027472209761
2.8415695840793473,5.570986277577324,7.470548863977718,-7.118647005332868,-21.45440834974482,21.28402921016243,13.00481226243776,-8.841174561076107,-4.423348080595571,13.0869340814338,8.856131155624555,35.52027472209761,67.48366323816371
