3.1981474540424375,7.312647902557375,5.084076220778044,-11.011333143116193,-19.652903900859876,5.170501110871616,-0.7875584825049865,-8.200386089818963,-0.15631880503575335,-1.0971728694301033,-3.981082671174172,-0.8643258280019609,3.2189316624614404
7.312647902557375,43.43047969124262,17.565362907796004,-36.97418004799502,-17.1186756876637,-16.473134862014533,16.17661527507785,-12.41092906380631,10.121627819016128,-13.016206709970325,15.715761556725806,-13.787958259653303,6.743192621900285
5.084076220778044,17.565362907796004,22.79687689190993,2.2104922184217974,-25.678918474031256,7.50157555166638,-1.7023680078522607,-5.053110738838103,-0.920036795301909,-2.7904280157858734,-10.932638219841596,-2.6283017660467602,2.0036620312412254
-11.011333143116193,-36.97418004799502,2.2104922184217974,94.8805396712545,84.48730693229201,2.3999376854005465,-11.62509043998935,35.04086884151137,-15.456176963555219,1.8536101471585562,-18.33846475811241,1.9297667503074367,-23.26568047181149
-19.652903900859876,-17.1186756876637,-25.678918474031256,84.48730693229201,230.2768328428251,-60.042793428331294,33.8387866284312,54.6303806834864,2.047441349738203,-21.330197494469008,54.924693431449526,-23.108573125402334,-33.3760004358059
5.170501110871616,-16.473134862014533,7.50157555166638,2.3999376854005465,-60.042793428331294,112.09167495051321,18.178959439654257,3.6016904689472766,1.78409952375839,22.472515521934973,-46.40787756952014,10.911743651595126,-1.6904048747375917
-0.7875584825049865,16.17661527507785,-1.7023680078522607,-11.62509043998935,33.8387866284312,18.178959439654257,67.78747899005558,44.25533024052606,34.24474356244364,12.232448095362841,26.492409714440235,-11.17658398994465,-7.851244369676229
-8.200386089818963,-12.41092906380631,-5.053110738838103,35.04086884151137,54.6303806834864,3.6016904689472766,44.25533024052606,88.51623460621323,54.633099572561605,34.18296103378789,18.657724441726593,-0.9500470527557375,-19.71494407472093
-0.15631880503575335,10.121627819016128,-0.920036795301909,-15.456176963555219,2.047441349738203,1.78409952375839,34.24474356244364,54.633099572561605,85.46706208184959,57.47197723260444,44.08697029252816,10.245401517398058,4.716463616883898
-1.0971728694301033,-13.016206709970325,-2.7904280157858734,1.8536101471585562,-21.330197494469008,22.472515521934973,12.232448095362841,34.18296103378789,57.47197723260444,81.81361861749863,39.407035772179746,33.2520723478769,13.151920396116996
-3.981082671174172,15.715761556725806,-10.932638219841596,-18.33846475811241,54.924693431449526,-46.40787756952014,26.492409714440235,18.657724441726593,44.08697029252816,39.407035772179746,110.25049400000889,37.02284992382989,29.415052656859906
-0.8643258280019609,-13.787958259653303,-2.6283017660467602,1.9297667503074367,-23.108573125402334,10.911743651595126,-11.17658398994465,-0.9500470527557375,10.245401517398058,33.2520723478769,37.02284992382989,68.50350245614462,50.11302901749789
3.2189316624614404,6.743192621900285,2.0036620312412254,-23.26568047181149,-33.3760004358059,-1.6904048747375917,-7.851244369676229,-19.71494407472093,4.716463616883898,13.151920396116996,29.415052656859906,50.11302901749789,71.44878702481044
