4.069100274000497,-8.295292271336228,-5.206680150968859,-10.540415562743393,-25.526558202183203,-5.725578753484185,4.0629482611540055,2.521192636883797,1.989377913048706,13.428424818046613,4.230747844416752,-6.934294918617904,-6.067336817603797
-8.295292271336228,89.4346844095467,31.42273703419696,-7.920695953478026,142.34357687555755,-10.773660737040995,11.68028362349759,-30.28517081273114,26.723686817658805,-85.99846901550842,7.50766054141251,24.419371916231935,36.72855298299848
-5.206680150968859,31.42273703419696,49.81450362063054,47.274892170380795,8.258428322713174,7.73738665232171,-15.232296726772942,4.340206107617265,1.6690418042215496,11.232903585567346,6.269215109839194,23.294832182079112,23.37528463042847
-10.540415562743393,-7.920695953478026,47.274892170380795,118.4382152248557,12.197783525552726,32.721551349647655,-47.58575943793453,25.652304655410102,-30.257885348076314,24.610148858302818,-25.20730457746367,42.273119550364626,22.714206046947872
-25.526558202183203,142.34357687555755,8.258428322713174,12.197783525552726,428.5143320696359,30.341388704445112,23.897913435912518,-56.53805848817497,29.95413268816594,-253.63916907046294,-38.845018089269246,54.33338396797923,63.24892300474269
-5.725578753484185,-10.773660737040995,7.73738665232171,32.721551349647655,30.341388704445112,112.76476087061182,45.23673805906083,7.427448185279119,-31.966410429933774,-7.833426479801397,-21.42129312190213,-19.268904914645162,7.121522958096526
4.0629482611540055,11.68028362349759,-15.232296726772942,-47.58575943793453,23.897913435912518,45.23673805906083,97.2504707655385,7.131295181516148,5.442142700450094,-25.722412714861047,6.589965986843567,-36.44649400883883,-4.21748073083301
2.521192636883797,-30.28517081273114,4.340206107617265,25.652304655410102,-56.53805848817497,7.427448185279119,7.131295181516148,58.84015346182533,11.66709470627315,36.41364773439368,-9.988992984293416,5.37812415018721,3.9360670312629393
1.989377913048706,26.723686817658805,1.6690418042215496,-30.257885348076314,29.95413268816594,-31.966410429933774,5.442142700450094,11.66709470627315,76.90478838676354,17.79901073802711,26.193284458358654,-1.7466720007343979,5.0058594784942905
13.428424818046613,-85.99846901550842,11.232903585567346,24.610148858302818,-253.63916907046294,-7.833426479801397,-25.722412714861047,36.41364773439368,17.79901073802711,243.28676536870387,71.91523087264292,-24.478250915036448,-54.115926727614784
4.230747844416752,7.50766054141251,6.269215109839194,-25.20730457746367,-38.845018089269246,-21.42129312190213,6.589965986843567,-9.988992984293416,26.193284458358654,71.91523087264292,96.02444293879867,19.862790406930042,-16.502215077979447
-6.934294918617904,24.419371916231935,23.294832182079112,42.273119550364626,54.33338396797923,-19.268904914645162,-36.44649400883883,5.37812415018721,-1.7466720007343979,-24.478250915036448,19.862790406930042,102.98376706795142,66.85684024570484
-6.067336817603797,36.72855298299848,23.37528463042847,22.714206046947872,63.24892300474269,7.121522958096526,-4.21748073083301,3.9360670312629393,5.0058594784942905,-54.115926727614784,-16.502215077979447,66.85684024570484,101.90332747230678
