2.348686592279314,-0.3659522841898772,-7.308777664528088,-9.686208052978804,5.199992142524458,-5.9935950715369275,0.5631885076910604,-3.307707635131491,1.9661203648435197,-7.656106954606952,-1.0004071607918645,1.0135265911391533,0.36183039252160915
-0.3659522841898772,47.64580037924308,14.216785541317604,-28.903408639520183,45.53361930134873,-16.175364458718953,10.385450476351265,-7.031558339769806,37.487350889947635,-22.282405848570683,28.773039703529154,-4.614439766107241,3.8253823443377923
-7.308777664528088,14.216785541317604,65.33998374748472,77.0064701974561,-30.720666274472993,49.35030797240191,8.04826093532967,31.879819578621998,-3.683103544893042,65.36876674642792,16.72985125115043,0.35206887954959337,3.9940916910739888
-9.686208052978804,-28.903408639520183,77.0064701974561,151.69684997917918,-68.77609076113609,85.34339418165266,4.241551603904939,58.57289783039582,-38.29070689381358,118.62250679480549,-0.19498155579340065,11.23503491713105,-0.5026145571729702
5.199992142524458,45.53361930134873,-30.720666274472993,-68.77609076113609,132.605203595356,-42.11662762767222,14.722062512151401,-13.572857702935936,66.27794997366102,-75.80756381565138,29.308231566859668,12.746115964065572,4.644075705070387
-5.9935950715369275,-16.175364458718953,49.35030797240191,85.34339418165266,-42.11662762767222,95.76134061980552,28.169777508598884,38.4828577777432,-19.89138945684932,81.17334782850818,5.327965940328863,4.227747976087714,17.016197728001657
0.5631885076910604,10.385450476351265,8.04826093532967,4.241551603904939,14.722062512151401,28.169777508598884,52.47847634369366,31.999434262410507,17.788604702829943,12.235248216266907,19.810697388927597,11.620792341827363,16.437325529548755
-3.307707635131491,-7.031558339769806,31.879819578621998,58.57289783039582,-13.572857702935936,38.4828577777432,31.999434262410507,74.93837735915625,27.87474260800471,57.41525305179768,17.546946506120005,21.31392399244872,10.286890543886368
1.9661203648435197,37.487350889947635,-3.683103544893042,-38.29070689381358,66.27794997366102,-19.89138945684932,17.788604702829943,27.87474260800471,97.55748140154125,5.0724123836336235,40.1280455342036,12.024606105938611,16.56871860375281
-7.656106954606952,-22.282405848570683,65.36876674642792,118.62250679480549,-75.80756381565138,81.17334782850818,12.235248216266907,57.41525305179768,5.0724123836336235,169.56727704455724,40.752857378950914,18.95429487343281,13.293047096640004
-1.0004071607918645,28.773039703529154,16.72985125115043,-0.19498155579340065,29.308231566859668,5.327965940328863,19.810697388927597,17.546946506120005,40.1280455342036,40.752857378950914,86.93622938639336,41.91107837281392,20.375554338521866
1.0135265911391533,-4.614439766107241,0.35206887954959337,11.23503491713105,12.746115964065572,4.227747976087714,11.620792341827363,21.31392399244872,12.024606105938611,18.95429487343281,41.91107837281392,68.41873134391476,39.91777007134011
0.36183039252160915,3.8253823443377923,3.9940916910739888,-0.5026145571729702,4.644075705070387,17.016197728001657,16.437325529548755,10.286890543886368,16.56871860375281,13.293047096640004,20.375554338521866,39.91777007134011,65.87427369509517
