3.582149230581621,1.9042271530393167,-1.7080993104940312,-4.669916225684968,0.5263534199793871,-5.4827626922246,-4.101711605402286,-8.57352328266409,-2.888462190804741,-3.310983758686136,-1.910691439691016,-1.7888461609011692,-0.8076481712154149
1.9042271530393167,44.119188940911876,7.40382254581985,-23.19371950354198,46.079998582101716,-40.240394911461074,25.564960809477554,-9.23405144405869,2.925192808730504,-17.467490323680238,26.004099178403646,-16.440095371429887,-2.3379784793684952
-1.7080993104940312,7.40382254581985,45.79734369580988,42.2659566604111,-35.67332823040728,40.474541292919504,-12.437634628278467,5.1194122260738055,-3.1901637453868874,13.011273583024602,-9.004113976506478,7.674887420372704,0.03606704557825284
-4.669916225684968,-23.19371950354198,42.2659566604111,78.81504011205922,-38.64652492678635,66.99715025033338,-24.599086278536188,19.678150734251286,-7.134431240622322,28.934612472487203,-25.210739293711097,20.414586804818914,-3.5232119478379063
0.5263534199793871,46.079998582101716,-35.67332823040728,-38.64652492678635,156.76555181042212,-76.16516496468738,63.51849831002509,2.5319315192573146,5.1553691176497045,-30.23671942456151,45.52626693389227,-27.139860563243754,-10.32382834942191
-5.4827626922246,-40.240394911461074,40.474541292919504,66.99715025033338,-76.16516496468738,150.69847071897635,-2.4378357590467385,28.370182777618243,10.096742260998564,35.46311951699863,-37.75987371796123,20.352644219945738,6.886267507382142
-4.101711605402286,25.564960809477554,-12.437634628278467,-24.599086278536188,63.51849831002509,-2.4378357590467385,96.15199223106295,48.78649812039302,24.358040338292827,-2.947888704850743,28.628351504214912,-12.589953896918757,-1.2410959933875412
-8.57352328266409,-9.23405144405869,5.1194122260738055,19.678150734251286,2.5319315192573146,28.370182777618243,48.78649812039302,86.0164612138738,47.385009606913684,27.625503202852478,8.947887109371397,9.475180586653913,-0.6543309954034179
-2.888462190804741,2.925192808730504,-3.1901637453868874,-7.134431240622322,5.1553691176497045,10.096742260998564,24.358040338292827,47.385009606913684,70.11870191344788,38.929124337980724,21.086236270031083,3.5969553101673366,7.300442068049524
-3.310983758686136,-17.467490323680238,13.011273583024602,28.934612472487203,-30.23671942456151,35.46311951699863,-2.947888704850743,27.625503202852478,38.929124337980724,79.71296924060115,24.04825600964153,25.68881398100655,7.0756396348298685
-1.910691439691016,26.004099178403646,-9.004113976506478,-25.210739293711097,45.52626693389227,-37.75987371796123,28.628351504214912,8.947887109371397,21.086236270031083,24.04825600964153,89.47891119414751,32.29303657265452,17.189205726421836
-1.7888461609011692,-16.440095371429887,7.674887420372704,20.414586804818914,-27.139860563243754,20.352644219945738,-12.589953896918757,9.475180586653913,3.5969553101673366,25.68881398100655,32.29303657265452,75.92297987791522,43.71849061397036
-0.8076481712154149,-2.3379784793684952,0.03606704557825284,-3.5232119478379063,-10.32382834942191,6.886267507382142,-1.2410959933875412,-0.6543309954034179,7.300442068049524,7.0756396348298685,17.189205726421836,43.71849061397036,61.60448351942763
