1.8381455939708238,-2.42253510743238,-4.473825449205126,-4.403234285979132,-0.4513898415710264,-2.0654012040886496,0.45520298136438575,-1.738732812345954,-1.4965256508553617,-2.03585156214678,0.825576896639375,1.156109881157475,0.2645563488220218
-2.42253510743238,56.73323596586138,12.93818982841387,-30.353512725478126,64.81179957801845,-36.65869356462302,17.5713618133133,-5.087625284903472,40.439030707018915,-31.86829423305931,18.316498855678276,-6.0983763345646285,-6.742834160040271
-4.473825449205126,12.93818982841387,40.89130476991732,37.86268562922794,-27.045138046718986,29.179009687489938,0.8338776273088299,18.261489158111345,-0.2386382402346557,22.46857178585023,-15.348629218615667,-6.077405269705986,10.57080246533288
-4.403234285979132,-30.353512725478126,37.86268562922794,88.72719754628801,-58.390929209908606,61.049122625505504,-9.883907673434107,27.757721059448336,-28.801542920151864,57.802436376130686,-30.23006073730885,-3.163850191420663,11.633305105006784
-0.4513898415710264,64.81179957801845,-27.045138046718986,-58.390929209908606,201.96299673758108,-67.55569648370059,24.011574481417203,-22.849773034655737,81.1527133765103,-71.15847239223623,48.2981103827385,5.912872059768114,-29.31959714580205
-2.0654012040886496,-36.65869356462302,29.179009687489938,61.049122625505504,-67.55569648370059,125.91954795617247,25.36474800243873,23.709437923519403,-36.01235360362931,62.36569192153654,-16.806010867756033,-9.886084912798104,18.773232756112257
0.45520298136438575,17.5713618133133,0.8338776273088299,-9.883907673434107,24.011574481417203,25.36474800243873,81.29905145195943,37.940565182158366,16.425165827841923,-2.0934891351866303,16.251485685907294,1.8758225684405496,3.0314723054596113
-1.738732812345954,-5.087625284903472,18.261489158111345,27.757721059448336,-22.849773034655737,23.709437923519403,37.940565182158366,88.02669440724391,38.967245454595194,21.63932983395961,-11.617309027021028,8.328752762036961,6.051160949671064
-1.4965256508553617,40.439030707018915,-0.2386382402346557,-28.801542920151864,81.1527133765103,-36.01235360362931,16.425165827841923,38.967245454595194,117.7386430616167,7.918907845193179,17.897844358840597,-10.080222484842487,-8.568339739297084
-2.03585156214678,-31.86829423305931,22.46857178585023,57.802436376130686,-71.15847239223623,62.36569192153654,-2.0934891351866303,21.63932983395961,7.918907845193179,123.0493739410755,11.69292907698087,-9.82573595808492,3.687698386999038
0.825576896639375,18.316498855678276,-15.348629218615667,-30.23006073730885,48.2981103827385,-16.806010867756033,16.251485685907294,-11.617309027021028,17.897844358840597,11.69292907698087,96.80077073798391,44.40894120349708,-4.3142629487554665
1.156109881157475,-6.0983763345646285,-6.077405269705986,-3.163850191420663,5.912872059768114,-9.886084912798104,1.8758225684405496,8.328752762036961,-10.080222484842487,-9.82573595808492,44.40894120349708,93.14949425157539,49.54159451200307
0.2645563488220218,-6.742834160040271,10.57080246533288,11.633305105006784,-29.31959714580205,18.773232756112257,3.0314723054596113,6.051160949671064,-8.568339739297084,3.687698386999038,-4.3142629487554665,49.54159451200307,85.51219373668252
