1.2400088023093656,0.16006697442129816,-2.6178766267538602,-4.471380727103119,-0.07781880444503131,-3.9954359706247864,-0.38090246498089614,-4.61394599765622,-2.1347413570699674,-2.015804972565977,-0.3038901417944101,-2.11919329848605,-0.801937389570668
0.16006697442129816,37.677740182190476,14.705272716770464,-12.86593446526386,28.501607826292698,-23.507982769709617,15.252471754318673,-1.4665227875551392,6.784538801967315,-18.81123934264194,28.635762254193295,-4.9097747155119915,3.8157881416999784
-2.6178766267538602,14.705272716770464,64.19059876384355,61.98408094198316,-37.44038635294873,39.7693377532644,-22.876343720007352,14.453031587968823,3.272380217709664,12.360084236130744,-11.025120617870376,26.797634740040607,15.386644392615182
-4.471380727103119,-12.86593446526386,61.98408094198316,99.90370856651296,-36.1107517800598,62.540751701712026,-36.9562030229151,26.574386559117652,1.2991514170295806,31.698702048364723,-38.19989305734243,32.73106597207674,10.05709419163621
-0.07781880444503131,28.501607826292698,-37.44038635294873,-36.1107517800598,124.16916564046495,-47.321523868173834,49.55699238838257,3.594088889274408,9.806502387081359,-24.644263765069738,41.26957846147922,-34.49700608297595,-19.124929698120503
-3.9954359706247864,-23.507982769709617,39.7693377532644,62.540751701712026,-47.321523868173834,124.53592744866926,0.5850022200916213,25.935766005387222,7.719205468814243,28.22393168445017,-40.05348717450211,26.827948149977765,16.1143672892966
-0.38090246498089614,15.252471754318673,-22.876343720007352,-36.9562030229151,49.55699238838257,0.5850022200916213,87.3038982365171,35.61723563349197,14.797122151964258,-6.111124849610442,33.499326175456474,-17.04977313466984,-7.650097721529841
-4.61394599765622,-1.4665227875551392,14.453031587968823,26.574386559117652,3.594088889274408,25.935766005387222,35.61723563349197,80.49946908004625,53.65351740925678,29.41846052145525,2.2763974741114334,14.414484181725271,3.5676572837123834
-2.1347413570699674,6.784538801967315,3.272380217709664,1.2991514170295806,9.806502387081359,7.719205468814243,14.797122151964258,53.65351740925678,86.63003139026247,51.79981375945578,26.4967127610673,8.619099539094021,4.195781095410385
-2.015804972565977,-18.81123934264194,12.360084236130744,31.698702048364723,-24.644263765069738,28.22393168445017,-6.111124849610442,29.41846052145525,51.79981375945578,101.79124847053517,42.10620185923666,35.79351857770532,3.649580587265511
-0.3038901417944101,28.635762254193295,-11.025120617870376,-38.19989305734243,41.26957846147922,-40.05348717450211,33.499326175456474,2.2763974741114334,26.4967127610673,42.10620185923666,142.1167368874768,50.90755132309452,9.924552516902747
-2.11919329848605,-4.9097747155119915,26.797634740040607,32.73106597207674,-34.49700608297595,26.827948149977765,-17.04977313466984,14.414484181725271,8.619099539094021,35.79351857770532,50.90755132309452,108.49809331041722,59.55553347847014
-0.801937389570668,3.8157881416999784,15.386644392615182,10.05709419163621,-19.124929698120503,16.1143672892966,-7.650097721529841,3.5676572837123834,4.195781095410385,3.649580587265511,9.924552516902747,59.55553347847014,79.92366949464812
