2.3907251393400277,-5.012424003430077,-14.188578326425901,-12.346650928178514,8.719006050429234,-4.007732644507822,4.544512625833981,-0.36373547081690755,5.324352290710787,-0.42137372697247505,4.408791419255767,1.9223227183121652,1.8983529057867936
-5.012424003430077,70.09655893841568,51.9486127204311,-5.813618097620892,6.324753522637934,-26.28657243362283,24.53678708525407,1.1545904389728028,12.502985444202057,-6.7016754115758745,23.481341463111548,-18.896135926276205,7.021003555533255
-14.188578326425901,51.9486127204311,157.05779968240188,111.18178622198086,-140.99155956655264,78.8621865211384,-38.57921370483053,18.777893410089554,-13.37505974729444,40.132126330776345,-37.675943239212444,-8.42151524320779,1.171801177348797
-12.346650928178514,-5.813618097620892,111.18178622198086,143.46476666538663,-95.78758516375134,74.12883091587706,-56.02906166798504,21.048632265501467,-37.164032513883456,38.01493857337809,-58.53943195760158,1.7341090557090582,-21.489289621619942
8.719006050429234,6.324753522637934,-140.99155956655264,-95.78758516375134,273.10308832104545,-141.45657871895355,81.59841683774013,-11.137856018992414,9.978954970969703,-70.0370765442767,69.85226880277008,-13.293203210390498,-16.835640773431912
-4.007732644507822,-26.28657243362283,78.8621865211384,74.12883091587706,-141.45657871895355,188.28872796999735,-24.388245147644902,15.035184630406995,-0.26756317581494576,45.289653447279676,-44.63898770958187,28.833979346121065,28.205040234163178
4.544512625833981,24.53678708525407,-38.57921370483053,-56.02906166798504,81.59841683774013,-24.388245147644902,97.05671477814744,26.324568205094053,29.0992710040301,-5.526999592375459,45.86358922540817,2.6713535931524826,16.137345787898997
-0.36373547081690755,1.1545904389728028,18.777893410089554,21.048632265501467,-11.137856018992414,15.035184630406995,26.324568205094053,65.6395195699014,45.16460983346863,36.432333558741064,13.801229679404432,8.081486032528973,5.459105374155023
5.324352290710787,12.502985444202057,-13.37505974729444,-37.164032513883456,9.978954970969703,-0.26756317581494576,29.0992710040301,45.16460983346863,105.47403211600331,59.17590233257688,52.74106695592847,13.570952219823807,22.73975715402273
-0.42137372697247505,-6.7016754115758745,40.132126330776345,38.01493857337809,-70.0370765442767,45.289653447279676,-5.526999592375459,36.432333558741064,59.17590233257688,121.51878404884144,34.50342007862812,29.871805363265793,8.781591091482207
4.408791419255767,23.481341463111548,-37.675943239212444,-58.53943195760158,69.85226880277008,-44.63898770958187,45.86358922540817,13.801229679404432,52.74106695592847,34.50342007862812,119.00287485599492,36.265607813199,23.04289676031095
1.9223227183121652,-18.896135926276205,-8.42151524320779,1.7341090557090582,-13.293203210390498,28.833979346121065,2.6713535931524826,8.081486032528973,13.570952219823807,29.871805363265793,36.265607813199,70.21192470638687,41.19027276887637
1.8983529057867936,7.021003555533255,1.171801177348797,-21.489289621619942,-16.835640773431912,28.205040234163178,16.137345787898997,5.459105374155023,22.73975715402273,8.781591091482207,23.04289676031095,41.19027276887637,71.27324279259287
