8.340254309135839,8.784765420045055,-9.294103905249194,-25.072198957200758,-2.56996490737384,-20.648158320776883,-0.7646502839905855,-15.473810499496045,3.599510827416642,-0.6168255641173238,-2.2478438718163116,-5.279073586438303,3.906040743795865
8.784765420045055,82.14286082581121,31.184846027073153,-44.54591952897634,10.49735803608783,-24.90644281235426,22.10105166966602,-27.781243898381604,4.21850248568917,-27.36910523645777,16.041739753125587,-12.129689498809169,13.640865012420601
-9.294103905249194,31.184846027073153,76.21604752649804,63.079942532386774,-39.4986551942071,75.02274820187122,-5.547638455542446,16.374409773249663,-9.417768939239744,-3.7213926460988307,-2.6033652870365023,14.905036685730007,1.7313530241227721
-25.072198957200758,-44.54591952897634,63.079942532386774,151.92471557179476,-4.607203024001123,102.26858232598263,-10.359384754115107,70.30252628517283,-15.107064168794087,27.718877307461057,-17.348573443534065,23.078616619088262,-24.291861256100646
-2.56996490737384,10.49735803608783,-39.4986551942071,-4.607203024001123,161.34816191486487,-71.94625343332325,58.391051959215034,30.74993711409434,17.025358456849798,-2.070626559201441,18.91697474270703,-29.946794707469795,-17.095562313928397
-20.648158320776883,-24.90644281235426,75.02274820187122,102.26858232598263,-71.94625343332325,222.68243587514652,-3.8252007997359456,42.40471976981555,3.9392923830326247,-2.712850153197801,-9.526753298906184,45.14874334209298,13.587721895268498
-0.7646502839905855,22.10105166966602,-5.547638455542446,-10.359384754115107,58.391051959215034,-3.8252007997359456,80.19582392218028,40.955914492722385,10.620956346663302,-1.23778475959185,13.127266653443378,-7.552614430065541,-1.9511702230925427
-15.473810499496045,-27.781243898381604,16.374409773249663,70.30252628517283,30.74993711409434,42.40471976981555,40.955914492722385,99.91482405775699,28.643708276003114,22.990086310102615,4.702763075410028,7.6621307448729015,-15.841041267265654
3.599510827416642,4.21850248568917,-9.417768939239744,-15.107064168794087,17.025358456849798,3.9392923830326247,10.620956346663302,28.643708276003114,78.97680048172273,33.75461489857424,14.713350849236198,-0.6520792431880185,11.751509774222507
-0.6168255641173238,-27.36910523645777,-3.7213926460988307,27.718877307461057,-2.070626559201441,-2.712850153197801,-1.23778475959185,22.990086310102615,33.75461489857424,86.97382814885201,21.141685895358812,13.811305350742355,-3.6605873023976967
-2.2478438718163116,16.041739753125587,-2.6033652870365023,-17.348573443534065,18.91697474270703,-9.526753298906184,13.127266653443378,4.702763075410028,14.713350849236198,21.141685895358812,76.7561093548953,30.670642150675,15.57061130904799
-5.279073586438303,-12.129689498809169,14.905036685730007,23.078616619088262,-29.946794707469795,45.14874334209298,-7.552614430065541,7.6621307448729015,-0.6520792431880185,13.811305350742355,30.670642150675,68.80604495631535,38.32312056887781
3.906040743795865,13.640865012420601,1.7313530241227721,-24.291861256100646,-17.095562313928397,13.587721895268498,-1.9511702230925427,-15.841041267265654,11.751509774222507,-3.6605873023976967,15.57061130904799,38.32312056887781,64.01395104004149
