3.5654065664886145,2.332388915621311,-6.669149018381314,-12.78511189255592,3.010787311369601,-4.380336786788999,4.189552878182574,-5.748610827073522,0.6152553469273644,-6.748151900825245,-1.074278717545105,-1.2718130258572484,0.7688943077534001
2.332388915621311,63.14911746748634,32.051643038236875,-23.163732618981395,28.98122499751871,-20.53385618590783,11.436324281303945,-12.37489359167218,22.639948528887178,-30.775396523389176,8.788801148862902,-14.671884045400438,-8.327894983350514
-6.669149018381314,32.051643038236875,85.35210895694135,88.5241430911149,-30.105452933753032,36.60930156834018,-3.8320298638692876,26.50005780063822,-13.480249670236706,37.028590882720756,-9.482510992223485,-9.198314346846248,-12.747450092833205
-12.78511189255592,-23.163732618981395,88.5241430911149,174.6014608369421,-36.02208656119694,73.85038907594961,-18.233521516814662,56.01741335959546,-39.44024414099438,86.27594846214807,-13.635942465820001,11.233798560459034,-17.582136803031503
3.010787311369601,28.98122499751871,-30.105452933753032,-36.02208656119694,161.57616734866096,-29.421180537157728,9.408009826733947,-13.928707813915588,53.98103637154807,-65.49090113081257,34.35684209305341,20.1742838960211,-11.881152957691048
-4.380336786788999,-20.53385618590783,36.60930156834018,73.85038907594961,-29.421180537157728,90.52365382944656,25.3307776439016,30.16318779775133,-24.963287666828897,53.09493985652547,-8.79809329877543,0.17582637632718615,9.26897096480078
4.189552878182574,11.436324281303945,-3.8320298638692876,-18.233521516814662,9.408009826733947,25.3307776439016,66.27270821901051,27.48109965918668,11.908486611367492,-1.2080579878109272,16.02392562326416,2.973970153386314,7.793598342924538
-5.748610827073522,-12.37489359167218,26.50005780063822,56.01741335959546,-13.928707813915588,30.16318779775133,27.48109965918668,77.14173237661356,26.132423580198736,44.96560948646224,12.944003247794635,15.900076756946172,-3.4004323735691413
0.6152553469273644,22.639948528887178,-13.480249670236706,-39.44024414099438,53.98103637154807,-24.963287666828897,11.908486611367492,26.132423580198736,91.27863106835431,9.060738406684312,28.487174958796405,4.206852627556953,5.023881209698176
-6.748151900825245,-30.775396523389176,37.028590882720756,86.27594846214807,-65.49090113081257,53.09493985652547,-1.2080579878109272,44.96560948646224,9.060738406684312,134.11715352976887,31.54700746543521,16.804255108514987,6.504317981895361
-1.074278717545105,8.788801148862902,-9.482510992223485,-13.635942465820001,34.35684209305341,-8.79809329877543,16.02392562326416,12.944003247794635,28.487174958796405,31.54700746543521,101.49187688369044,56.743747125238734,6.411202656510937
-1.2718130258572484,-14.671884045400438,-9.198314346846248,11.233798560459034,20.1742838960211,0.17582637632718615,2.973970153386314,15.900076756946172,4.206852627556953,16.804255108514987,56.743747125238734,73.9408967020014,28.70511840168428
0.7688943077534001,-8.327894983350514,-12.747450092833205,-17.582136803031503,-11.881152957691048,9.26897096480078,7.793598342924538,-3.4004323735691413,5.023881209698176,6.504317981895361,6.411202656510937,28.70511840168428,66.93011668949451
