2.751422724120537,-0.7015238115998809,-6.624968773233575,-7.47835583908124,6.6625937420235575,-1.1518069689839814,4.149711468852453,1.4806053886459645,6.243621274477325,-1.6816939707393987,2.269636183112324,1.9349826271361423,0.12479497065338802
-0.7015238115998809,52.90513563455941,13.614641042556876,-33.32013014077659,55.35282734312361,-22.912732395140903,11.138406552413082,-14.568026851226678,34.523879565496756,-38.39052363077298,22.44896475496229,-5.983254599441384,6.713439882165597
-6.624968773233575,13.614641042556876,61.22606457272307,68.68343504083644,-35.47171662652491,24.352842449737135,-6.872469933998162,10.014462912177114,-30.792882937012426,24.584225936228737,-7.236243681349853,-2.544209777685306,5.516549868468356
-7.47835583908124,-33.32013014077659,68.68343504083644,138.45518208172697,-81.3657597909278,56.06436826395136,-17.091150302195615,32.22976079126759,-72.97707841710391,70.46310605891203,-32.406659130941804,6.468982644678834,-0.259309093662993
6.6625937420235575,55.35282734312361,-35.47171662652491,-81.3657597909278,152.15524142111533,-32.702234512081134,29.8896374337996,-11.569539927803337,84.89331393279626,-74.25496660208866,33.39994491064147,7.336953500803404,5.120582228977113
-1.1518069689839814,-22.912732395140903,24.352842449737135,56.06436826395136,-32.702234512081134,71.7908809304916,20.97190964319872,23.541820342426597,-27.77028300067908,42.42434529901366,-12.189677947176342,0.276492910611422,7.167635448218675
4.149711468852453,11.138406552413082,-6.872469933998162,-17.091150302195615,29.8896374337996,20.97190964319872,60.107605106007014,32.191180262876884,29.23089371424382,-3.9471188636290955,16.368599383838387,6.775961259203346,6.9645442394301655
1.4806053886459645,-14.568026851226678,10.014462912177114,32.22976079126759,-11.569539927803337,23.541820342426597,32.191180262876884,67.14703032104684,24.87248966540854,30.187809851479173,4.256583069179653,22.022670533784513,7.254839122756554
6.243621274477325,34.523879565496756,-30.792882937012426,-72.97707841710391,84.89331393279626,-27.77028300067908,29.23089371424382,24.87248966540854,112.68382358798445,-10.471715586872461,48.025243503665365,19.57355823291231,17.60942297040892
-1.6816939707393987,-38.39052363077298,24.584225936228737,70.46310605891203,-74.25496660208866,42.42434529901366,-3.9471188636290955,30.187809851479173,-10.471715586872461,118.41467012668542,24.716807957294918,25.066670875581117,11.999399907966954
2.269636183112324,22.44896475496229,-7.236243681349853,-32.406659130941804,33.39994491064147,-12.189677947176342,16.368599383838387,4.256583069179653,48.025243503665365,24.716807957294918,81.17110295777455,43.24214742323716,23.25410881396471
1.9349826271361423,-5.983254599441384,-2.544209777685306,6.468982644678834,7.336953500803404,0.276492910611422,6.775961259203346,22.022670533784513,19.57355823291231,25.066670875581117,43.24214742323716,67.02666471634517,38.71162996287546
0.12479497065338802,6.713439882165597,5.516549868468356,-0.259309093662993,5.120582228977113,7.167635448218675,6.9645442394301655,7.254839122756554,17.60942297040892,11.999399907966954,23.25410881396471,38.71162996287546,56.694203790407755
