2.3133887922623044,0.262538273378522,-5.052531766576019,-6.8933056434997955,2.592271494483575,-4.472173719071878,1.2787068982467578,-3.457729388773728,0.7745678860101626,-1.365202297866794,0.5296336403978026,0.39075622535798177,1.480410470126552
0.262538273378522,38.40073948438726,4.516966703519054,-25.00827274647635,39.24233739596553,-29.29634499032214,20.720695300819962,-7.953589938820699,9.247116680341186,-17.273924525375453,21.856880865993183,-17.17094168519869,3.5467638590519175
-5.052531766576019,4.516966703519054,43.362861146627125,44.66772087279501,-30.13440253358625,46.18684178786976,-10.16600986974129,12.399646335724162,-0.019271354238266977,8.127948149722437,-17.47960633498552,-0.29933838496941473,-3.0088303140533976
-6.8933056434997955,-25.00827274647635,44.66772087279501,89.41546247651382,-31.584872137789258,65.04810032402563,-18.967111930340074,31.844140204644578,-10.823221931213213,25.285346679804373,-31.410440288056265,16.496983043617824,-12.612893308487093
2.592271494483575,39.24233739596553,-30.13440253358625,-31.584872137789258,135.49607975488703,-69.8648653901452,52.637477439966,4.614043414985433,7.285328466549507,-22.60083995004753,48.5761527621006,-11.776516665171226,-1.9362661085107498
-4.472173719071878,-29.29634499032214,46.18684178786976,65.04810032402563,-69.8648653901452,143.15198341294197,-17.536298271942556,14.675999545362643,11.18535678445119,26.172995290320298,-42.440924025835365,17.80356253680785,7.422279660018165
1.2787068982467578,20.720695300819962,-10.16600986974129,-18.967111930340074,52.637477439966,-17.536298271942556,63.68628127369431,24.15171614136307,8.552267236432023,-5.596405896076727,24.777554550134262,-7.4699292281614,1.3209697351645728
-3.457729388773728,-7.953589938820699,12.399646335724162,31.844140204644578,4.614043414985433,14.675999545362643,24.15171614136307,59.84842297904066,21.610311112710068,16.096116418096234,3.7924620892113583,11.830201053402709,-3.853584352226871
0.7745678860101626,9.247116680341186,-0.019271354238266977,-10.823221931213213,7.285328466549507,11.18535678445119,8.552267236432023,21.610311112710068,58.26404735473118,26.982217828714347,19.646148664344874,6.781349469141124,15.07405212655629
-1.365202297866794,-17.273924525375453,8.127948149722437,25.285346679804373,-22.60083995004753,26.172995290320298,-5.596405896076727,16.096116418096234,26.982217828714347,72.71029750325938,23.104685246802852,22.889989148488255,5.922349576184667
0.5296336403978026,21.856880865993183,-17.47960633498552,-31.410440288056265,48.5761527621006,-42.440924025835365,24.777554550134262,3.7924620892113583,19.646148664344874,23.104685246802852,87.57502597085664,27.329404454149113,16.485076035500708
0.39075622535798177,-17.17094168519869,-0.29933838496941473,16.496983043617824,-11.776516665171226,17.80356253680785,-7.4699292281614,11.830201053402709,6.781349469141124,22.889989148488255,27.329404454149113,67.58386772939228,36.62892102151149
1.480410470126552,3.5467638590519175,-3.0088303140533976,-12.612893308487093,-1.9362661085107498,7.422279660018165,1.3209697351645728,-3.853584352226871,15.07405212655629,5.922349576184667,16.485076035500708,36.62892102151149,57.678008422038936
