2.4194962366396626,5.047224295721008,-5.492769831297945,-13.995162220947385,6.009977033491746,-6.747448800418349,1.2119887938131388,-8.25781743538711,3.315984418554375,-8.366664366146042,0.6936615268376527,0.32882636750158195,3.1277114607543677
5.047224295721008,32.80423421938403,-0.659787090480768,-37.734959690670316,25.681047328402826,-15.718533638441118,8.644146022388849,-11.764299056840974,23.17307007231718,-24.836649706582154,14.239249921371862,-1.021287617416238,6.653592639057878
-5.492769831297945,-0.659787090480768,46.99816917789282,71.11396573695285,-30.052357482825865,39.37192360379813,6.549705948016167,37.107146393570446,-14.520563083757226,43.70881654981397,-3.7517891271395856,-3.0446161621788486,-10.266259161972286
-13.995162220947385,-37.734959690670316,71.11396573695285,157.36483115011214,-58.08613617564237,78.36479864170086,2.6793431872068116,70.76391804800984,-44.63359762920314,93.07887819994251,-18.728962586798623,-2.2882096683719384,-24.661882056088288
6.009977033491746,25.681047328402826,-30.052357482825865,-58.08613617564237,96.72900819242182,-22.529216117034785,7.289023284010194,-22.361649259442594,46.195644583215426,-57.86805770027769,20.66607497452526,10.060558160194002,11.461568636198045
-6.747448800418349,-15.718533638441118,39.37192360379813,78.36479864170086,-22.529216117034785,79.66562389045185,32.81959210109611,47.729008667782765,-18.041228826185108,54.00120480783603,-5.441104733605149,-1.9216048708462024,-6.126570341100493
1.2119887938131388,8.644146022388849,6.549705948016167,2.6793431872068116,7.289023284010194,32.81959210109611,54.9873466067679,36.24349078041356,15.546920115137489,9.851803627806131,6.492693735716168,2.4951143850287174,3.5141440621216606
-8.25781743538711,-11.764299056840974,37.107146393570446,70.76391804800984,-22.361649259442594,47.729008667782765,36.24349078041356,92.05793785094211,24.928657533056985,56.48817355613053,1.567149548897968,-0.6278592270347347,-14.07138198618624
3.315984418554375,23.17307007231718,-14.520563083757226,-44.63359762920314,46.195644583215426,-18.041228826185108,15.546920115137489,24.928657533056985,89.8867652242603,4.900225712154184,24.05305740389068,1.9846139773839342,9.653722483523193
-8.366664366146042,-24.836649706582154,43.70881654981397,93.07887819994251,-57.86805770027769,54.00120480783603,9.851803627806131,56.48817355613053,4.900225712154184,122.72412698959577,17.553120651953616,4.856004454297292,-8.579092640432908
0.6936615268376527,14.239249921371862,-3.7517891271395856,-18.728962586798623,20.66607497452526,-5.441104733605149,6.492693735716168,1.567149548897968,24.05305740389068,17.553120651953616,66.09381200557367,37.119085559623734,16.87965242824211
0.32882636750158195,-1.021287617416238,-3.0446161621788486,-2.2882096683719384,10.060558160194002,-1.9216048708462024,2.4951143850287174,-0.6278592270347347,1.9846139773839342,4.856004454297292,37.119085559623734,60.54868518070161,38.72515394784713
3.1277114607543677,6.653592639057878,-10.266259161972286,-24.661882056088288,11.461568636198045,-6.126570341100493,3.5141440621216606,-14.07138198618624,9.653722483523193,-8.579092640432908,16.87965242824211,38.72515394784713,65.63812647137377
