2.4362798666563608,-1.5207435843748152,-5.1636764209663495,-6.916146501506829,-2.9387269248350716,-6.597368285659144,0.2785567874628802,-0.33111020462332735,0.5849320872838666,0.1133613426868141,0.5784760292409011,-0.13618957989978334,0.9301431499761684
-1.5207435843748152,50.1053797024341,11.931444755523104,-19.859251925680393,56.23591498107439,-38.54622711967627,29.267674250099507,-3.7685194624022125,13.607533292109139,-13.405204558146355,23.18865680353698,-16.102946943544605,-0.053561884801075245
-5.1636764209663495,11.931444755523104,55.76438152580569,51.65893440541735,-33.97577144609224,61.05020602613565,-13.601438250983417,11.070106098419352,9.112035465866176,11.141830193775096,-13.272364185065157,6.1845231016974305,1.7247369358475853
-6.916146501506829,-19.859251925680393,51.65893440541735,89.72233587567564,-37.990033332989576,87.0592810188253,-21.46209783722224,23.017859421039486,-6.632635193416781,23.618534155501244,-25.949346720941467,16.636502596368796,-7.617079129317064
-2.9387269248350716,56.23591498107439,-33.97577144609224,-37.990033332989576,183.9302177970458,-91.96020818048842,74.38418379062155,-2.2748420455772584,2.415607881540195,-23.52833349147761,52.04997921092917,-23.209746041435007,-10.015545265644787
-6.597368285659144,-38.54622711967627,61.05020602613565,87.0592810188253,-91.96020818048842,179.4026196969205,-36.19817160860063,15.602350034831757,16.28456944863501,22.953773013084884,-39.625572377615526,26.439136614835515,13.763722613683413
0.2785567874628802,29.267674250099507,-13.601438250983417,-21.46209783722224,74.38418379062155,-36.19817160860063,87.7373267542583,35.87212305113904,4.527553625728362,-2.7488085194208107,27.40458908901066,-15.50379706180558,-8.781723807389575
-0.33111020462332735,-3.7685194624022125,11.070106098419352,23.017859421039486,-2.2748420455772584,15.602350034831757,35.87212305113904,66.6084554905596,23.005250159350194,17.366828640271674,4.582702022316119,1.8021430877604783,-7.935892249866239
0.5849320872838666,13.607533292109139,9.112035465866176,-6.632635193416781,2.415607881540195,16.28456944863501,4.527553625728362,23.005250159350194,70.25637932742035,27.402355609131604,17.23901232329432,9.592513052716503,19.402848639730653
0.1133613426868141,-13.405204558146355,11.141830193775096,23.618534155501244,-23.52833349147761,22.953773013084884,-2.7488085194208107,17.366828640271674,27.402355609131604,72.44188720225824,25.476241390365722,28.055938829510957,10.39279461002199
0.5784760292409011,23.18865680353698,-13.272364185065157,-25.949346720941467,52.04997921092917,-39.625572377615526,27.40458908901066,4.582702022316119,17.23901232329432,25.476241390365722,87.6039238543523,33.28830963548182,17.21931092801782
-0.13618957989978334,-16.102946943544605,6.1845231016974305,16.636502596368796,-23.209746041435007,26.439136614835515,-15.50379706180558,1.8021430877604783,9.592513052716503,28.055938829510957,33.28830963548182,76.94864930304519,46.83329853771572
0.9301431499761684,-0.053561884801075245,1.7247369358475853,-7.617079129317064,-10.015545265644787,13.763722613683413,-8.781723807389575,-7.935892249866239,19.402848639730653,10.39279461002199,17.21931092801782,46.83329853771572,67.49787030078937
