1.485535108130587,-1.449444991578025,-2.3903131421521455,-1.7687040473139513,0.44999864676642415,-1.9181510595339297,0.427728311397118,0.7819890640269638,0.4763071463141603,-1.4563735730138998,-0.4974932507796247,-0.3042724135039749,-1.7385707232039411
-1.449444991578025,59.35734919360037,14.001777011575195,-28.31740212658477,77.80869070940093,-30.77233948029969,23.539985812430583,-7.293324739189805,38.61711608794085,-34.68067950455738,25.33011502310015,-1.3680823948008118,-8.954482536950367
-2.3903131421521455,14.001777011575195,43.962252152178436,45.576033712194345,-17.125364933141057,39.62885575225064,8.164210315463027,20.837308166079882,3.0713535519277517,30.596821302901688,-11.69388775267577,-11.683637822124899,-2.8535721864251897
-1.7687040473139513,-28.31740212658477,45.576033712194345,102.41295776249372,-52.90861706516732,75.72486281374029,3.7860881539225137,36.52338594071755,-29.935381261477954,64.17603863878621,-31.415838491364475,-13.270254005012532,-7.903098648179794
0.44999864676642415,77.80869070940093,-17.125364933141057,-52.90861706516732,223.36504400610488,-58.95200799547535,44.18977491335649,-22.806818453678417,65.05919527426413,-99.76093092604209,47.82335682446303,15.56715775157951,-25.867233562120514
-1.9181510595339297,-30.77233948029969,39.62885575225064,75.72486281374029,-58.95200799547535,129.53668208180193,25.717648443912683,28.996690658208838,-33.13286171614123,64.55119173993896,-22.842919795188376,-17.434323046285275,5.193827060237217
0.427728311397118,23.539985812430583,8.164210315463027,3.7860881539225137,44.18977491335649,25.717648443912683,71.83031269216295,31.13340138410259,16.152016256439847,-4.910799149779961,12.47479687502903,-6.101739161304529,-14.386372608084558
0.7819890640269638,-7.293324739189805,20.837308166079882,36.52338594071755,-22.806818453678417,28.996690658208838,31.13340138410259,78.4847247839103,31.209924208566683,28.441347167077595,-15.050423629965291,-11.224776548838976,-21.505898190161066
0.4763071463141603,38.61711608794085,3.0713535519277517,-29.935381261477954,65.05919527426413,-33.13286171614123,16.152016256439847,31.209924208566683,103.29994234450614,4.071915700225611,8.363978258746473,-15.747368037040552,-8.785208844762094
-1.4563735730138998,-34.68067950455738,30.596821302901688,64.17603863878621,-99.76093092604209,64.55119173993896,-4.910799149779961,28.441347167077595,4.071915700225611,130.1913038358146,-7.641087879758657,-22.84046279829477,1.3640549863903235
-0.4974932507796247,25.33011502310015,-11.69388775267577,-31.415838491364475,47.82335682446303,-22.842919795188376,12.47479687502903,-15.050423629965291,8.363978258746473,-7.641087879758657,79.43445197755815,32.76775132394011,-8.737391033705862
-0.3042724135039749,-1.3680823948008118,-11.683637822124899,-13.270254005012532,15.56715775157951,-17.434323046285275,-6.101739161304529,-11.224776548838976,-15.747368037040552,-22.84046279829477,32.76775132394011,65.5100372887741,29.896112377815296
-1.7385707232039411,-8.954482536950367,-2.8535721864251897,-7.903098648179794,-25.867233562120514,5.193827060237217,-14.386372608084558,-21.505898190161066,-8.785208844762094,1.3640549863903235,-8.737391033705862,29.896112377815296,77.15100988568668
