2.5389641739405127,1.3435542448573123,-3.205786969186599,-5.980871585148538,2.4911004714368845,-4.1427560551638924,0.3689145086807339,-2.9131139830434756,2.01341242590333,-2.3819234017594613,0.2127755181676088,-0.290836770603721,-0.140266020015959
1.3435542448573123,54.445611755015456,17.109658388822137,-34.71660412569792,43.86345960159273,-28.63739905941093,10.976581876107941,-9.977374918334645,36.56226494390387,-33.46986534403677,26.301250132134886,-5.187925844533376,2.9012359902666396
-3.205786969186599,17.109658388822137,76.2910799436913,74.99921684380409,-67.74299734343299,13.276347986569064,-11.630102559911917,14.084736148669315,-23.45514644144123,52.80459239500203,5.798621883222381,-5.0060850873071505,0.3940483826295802
-5.980871585148538,-34.71660412569792,74.99921684380409,142.05485673305412,-101.22477921369634,54.406545934660144,-18.181346379741548,33.08262638552773,-64.52223417317983,98.74796492807627,-17.695221712216725,3.8198915250780994,-4.183975741679279
2.4911004714368845,43.86345960159273,-67.74299734343299,-101.22477921369634,200.52390182917847,-15.707177212832637,41.04272308305885,-9.934350122994143,84.02980906131884,-108.12537025096901,29.91566805720919,16.957695586625675,3.5410637607577446
-4.1427560551638924,-28.63739905941093,13.276347986569064,54.406545934660144,-15.707177212832637,94.52185288803868,33.05814958311884,28.836783755338214,-26.329695608138042,41.873893432736736,-11.413437667442132,9.022217704622843,13.472445888188144
0.3689145086807339,10.976581876107941,-11.630102559911917,-18.181346379741548,41.04272308305885,33.05814958311884,63.52940737592143,30.594766166890242,23.86158949252378,-12.683725929114308,9.881554933538842,6.240854948973159,11.572877261504813
-2.9131139830434756,-9.977374918334645,14.084736148669315,33.08262638552773,-9.934350122994143,28.836783755338214,30.594766166890242,61.1488763843017,22.356626872364426,29.48480385047472,0.5646592869744034,9.572087563359926,3.9749333943345717
2.01341242590333,36.56226494390387,-23.45514644144123,-64.52223417317983,84.02980906131884,-26.329695608138042,23.86158949252378,22.356626872364426,102.9954428373937,-20.39898908298419,33.69093530566068,5.992867763153355,9.694184514654806
-2.3819234017594613,-33.46986534403677,52.80459239500203,98.74796492807627,-108.12537025096901,41.873893432736736,-12.683725929114308,29.48480385047472,-20.39898908298419,141.51417867473606,18.298131748049318,11.558215617909537,6.806620002888593
0.2127755181676088,26.301250132134886,5.798621883222381,-17.695221712216725,29.91566805720919,-11.413437667442132,9.881554933538842,0.5646592869744034,33.69093530566068,18.298131748049318,75.21201947380834,39.10076903976374,18.99056229751498
-0.290836770603721,-5.187925844533376,-5.0060850873071505,3.8198915250780994,16.957695586625675,9.022217704622843,6.240854948973159,9.572087563359926,5.992867763153355,11.558215617909537,39.10076903976374,62.89846259883708,37.72857416836343
-0.140266020015959,2.9012359902666396,0.3940483826295802,-4.183975741679279,3.5410637607577446,13.472445888188144,11.572877261504813,3.9749333943345717,9.694184514654806,6.806620002888593,18.99056229751498,37.72857416836343,58.47218433361097
