7.472747874344265,25.518258841798012,17.546566268307537,-18.38455019006269,-34.61423233627987,7.893690405375954,-3.752940508251783,-14.954836494182267,4.016471230348707,-3.5841586765524616,-10.720322436790976,-6.754344169483491,0.9751622119484236
25.518258841798012,129.62740462328176,89.46215794395059,-55.961991163098894,-98.70000435233426,-0.4812272824795468,-4.1369549344434935,-47.549088075175945,17.165894161010474,-19.864842841476726,-17.497836620391762,-33.100360453356316,-0.20884858376461563
17.546566268307537,89.46215794395059,103.41626528128889,27.70958177256927,-76.66390086086548,20.20593314419677,-17.497128172322466,-15.060037974302599,5.079316009739362,2.0948120062273374,-32.24621838667779,-12.427329337442625,-9.31584148149622
-18.38455019006269,-55.961991163098894,27.70958177256927,173.17304778996223,121.49402735016727,1.0771706383770294,-13.828834975039209,64.5625111217271,-21.681673029475792,26.868054202806746,1.8969655679921165,28.656919530308233,-22.70067585084269
-34.61423233627987,-98.70000435233426,-76.66390086086548,121.49402735016727,294.7732961892967,-54.01633641901253,35.70671952469082,70.86944083868683,-15.911836070175974,-5.293607912171865,77.64931622655133,13.755845458924181,-15.495246845003901
7.893690405375954,-0.4812272824795468,20.20593314419677,1.0771706383770294,-54.01633641901253,109.34263790370396,32.328126027916966,12.311406638628693,17.813438583138446,21.799072817682323,-33.54112356772489,4.327920478568547,3.151195033800646
-3.752940508251783,-4.1369549344434935,-17.497128172322466,-13.828834975039209,35.70671952469082,32.328126027916966,80.05873036463858,50.53469282052487,23.430969924873903,6.117741731733053,18.71970975148361,-8.052990282011294,-0.875013036215118
-14.954836494182267,-47.549088075175945,-15.060037974302599,64.5625111217271,70.86944083868683,12.311406638628693,50.53469282052487,104.39197963966052,34.32419834735876,34.30657725947753,24.654476475690252,21.307028197455807,-5.081483131946037
4.016471230348707,17.165894161010474,5.079316009739362,-21.681673029475792,-15.911836070175974,17.813438583138446,23.430969924873903,34.32419834735876,71.11417502144772,42.09450281735991,26.489207316456515,13.43123126159706,15.212592624442888
-3.5841586765524616,-19.864842841476726,2.0948120062273374,26.868054202806746,-5.293607912171865,21.799072817682323,6.117741731733053,34.30657725947753,42.09450281735991,80.44759962644558,40.69060562701885,41.065398822763626,15.419276099372608
-10.720322436790976,-17.497836620391762,-32.24621838667779,1.8969655679921165,77.64931622655133,-33.54112356772489,18.71970975148361,24.654476475690252,26.489207316456515,40.69060562701885,103.14190137988868,46.71000841962375,24.999980405475956
-6.754344169483491,-33.100360453356316,-12.427329337442625,28.656919530308233,13.755845458924181,4.327920478568547,-8.052990282011294,21.307028197455807,13.43123126159706,41.065398822763626,46.71000841962375,76.45274003792962,41.75879810006401
0.9751622119484236,-0.20884858376461563,-9.31584148149622,-22.70067585084269,-15.495246845003901,3.151195033800646,-0.875013036215118,-5.081483131946037,15.212592624442888,15.419276099372608,24.999980405475956,41.75879810006401,57.95383293550747
