2.307920849467254,2.1681270208435235,-3.18688645707029,-5.71637679667734,3.5749573995670345,-2.2158428247376127,1.4451812164984053,-4.501007654014147,-0.7953514949288636,-3.8928012924319075,-1.607684200535686,-0.8164937241160612,2.482575538180108
2.1681270208435235,37.96280576136344,2.41770183580887,-32.65801144910708,36.18921145568131,-24.391481489028227,20.943326717035987,-8.599173774079889,17.473691456609146,-24.21886615237064,23.025346743005304,-18.424839196279105,8.902259028062963
-3.18688645707029,2.41770183580887,30.716811491141,35.960136181459006,-13.649686283500966,17.893514320393635,-4.791125565369555,14.303665156894906,0.4938673978899047,8.136286674498006,-6.841137655863471,3.932377867674522,-6.419806499827531
-5.71637679667734,-32.65801144910708,35.960136181459006,90.56224142977491,-29.34194964050404,44.47775577394348,-27.833977479049363,27.05338783520728,-20.19562125770887,34.496496377920295,-30.102189981137073,22.572067382308205,-22.856492188983953
3.5749573995670345,36.18921145568131,-13.649686283500966,-29.34194964050404,88.48507477250116,-15.555038950576066,23.24165720586407,-14.026756175387401,22.067775536528103,-20.388040528514846,25.77907176664354,-20.860968564701096,4.536868246086135
-2.2158428247376127,-24.391481489028227,17.893514320393635,44.47775577394348,-15.555038950576066,92.40634340040546,0.06814173233517921,13.583487235141984,12.338904971099794,30.465134291930866,-33.5504056106934,13.936529312020909,-0.6846319514552588
1.4451812164984053,20.943326717035987,-4.791125565369555,-27.833977479049363,23.24165720586407,0.06814173233517921,61.97290754233249,28.335288271706744,19.91881886630792,-11.615671129149495,17.572011996503317,-11.148919129063284,8.791705177292213
-4.501007654014147,-8.599173774079889,14.303665156894906,27.05338783520728,-14.026756175387401,13.583487235141984,28.335288271706744,61.45859650522389,22.23228682297967,18.982913188041152,2.90114004500247,7.522645449097324,-8.096254880812564
-0.7953514949288636,17.473691456609146,0.4938673978899047,-20.19562125770887,22.067775536528103,12.338904971099794,19.91881886630792,22.23228682297967,73.66783542600784,29.863784793542997,22.708772020745094,-6.0245721136237185,12.06844565442583
-3.8928012924319075,-24.21886615237064,8.136286674498006,34.496496377920295,-20.388040528514846,30.465134291930866,-11.615671129149495,18.982913188041152,29.863784793542997,80.31489311012682,19.60312214014027,26.1964100631391,-0.585770393755726
-1.607684200535686,23.025346743005304,-6.841137655863471,-30.102189981137073,25.77907176664354,-33.5504056106934,17.572011996503317,2.90114004500247,22.708772020745094,19.60312214014027,82.6889215185332,23.09260862484049,21.506099210528085
-0.8164937241160612,-18.424839196279105,3.932377867674522,22.572067382308205,-20.860968564701096,13.936529312020909,-11.148919129063284,7.522645449097324,-6.0245721136237185,26.1964100631391,23.09260862484049,65.84737099314802,33.68477592942945
2.482575538180108,8.902259028062963,-6.419806499827531,-22.856492188983953,4.536868246086135,-0.6846319514552588,8.791705177292213,-8.096254880812564,12.06844565442583,-0.585770393755726,21.506099210528085,33.68477592942945,57.64375607442028
