3.1684185391745223,-2.201511149868309,-7.7339333355715905,-7.659829655177494,5.0236551541440795,-6.363802281209708,-2.3296646243164947,-3.2092769570690916,2.2981110444595743,-5.517534052678886,-2.167579159305493,1.6993722446592272,1.54610160081438
-2.201511149868309,59.402362464054086,27.83662383128831,-18.166383473575557,54.551856946210144,-11.135290137159371,23.473459570540093,-2.682456222093972,30.388475500031323,-31.185530723197363,25.79580999685378,-7.5406119269287855,-3.370795949663765
-7.7339333355715905,27.83662383128831,74.79214687490884,74.41037500498518,-26.997723207703206,55.27921614775901,29.442496246584067,34.51715309460713,-16.557563622663675,36.85516917825315,8.641243965054525,-4.127604944951773,-3.740485596218858
-7.659829655177494,-18.166383473575557,74.41037500498518,132.73110341815953,-65.62733157966704,84.77594270452285,19.88462752548004,53.057265138085505,-49.99155818243239,78.76970717843685,-12.677938319125929,4.5388835984632685,-5.604059331482824
5.0236551541440795,54.551856946210144,-26.997723207703206,-65.62733157966704,155.52985721453604,-42.99269637546147,12.808150947464489,-23.758304474446017,69.09114036128463,-74.87557748330187,28.618004306301515,4.375643661340668,-1.3136875386019666
-6.363802281209708,-11.135290137159371,55.27921614775901,84.77594270452285,-42.99269637546147,112.30476526946349,47.57197620780809,41.99587241566462,-29.67768391672773,65.19100169297005,1.261471906441419,-3.9229186565661363,5.99721999957335
-2.3296646243164947,23.473459570540093,29.442496246584067,19.88462752548004,12.808150947464489,47.57197620780809,74.33539987382689,41.338360285817856,9.308015268007173,12.56088139357108,22.23473614734917,2.1186669738759356,2.6784651588772976
-3.2092769570690916,-2.682456222093972,34.51715309460713,53.057265138085505,-23.758304474446017,41.99587241566462,41.338360285817856,73.81962248005748,17.77555513335787,43.878683161202794,7.677900169623073,12.897989758290825,1.7821449041081157
2.2981110444595743,30.388475500031323,-16.557563622663675,-49.99155818243239,69.09114036128463,-29.67768391672773,9.308015268007173,17.77555513335787,104.42278076660487,9.533944338069192,36.92656894115819,6.797211993969016,14.100206694434524
-5.517534052678886,-31.185530723197363,36.85516917825315,78.76970717843685,-74.87557748330187,65.19100169297005,12.56088139357108,43.878683161202794,9.533944338069192,145.80674314938628,40.18632788264593,18.2682913560965,14.150513541619517
-2.167579159305493,25.79580999685378,8.641243965054525,-12.677938319125929,28.618004306301515,1.261471906441419,22.23473614734917,7.677900169623073,36.92656894115819,40.18632788264593,97.86743830714832,46.32066731786269,21.166531860813024
1.6993722446592272,-7.5406119269287855,-4.127604944951773,4.5388835984632685,4.375643661340668,-3.9229186565661363,2.1186669738759356,12.897989758290825,6.797211993969016,18.2682913560965,46.32066731786269,75.21357801599252,43.75750700113742
1.54610160081438,-3.370795949663765,-3.740485596218858,-5.604059331482824,-1.3136875386019666,5.99721999957335,2.6784651588772976,1.7821449041081157,14.100206694434524,14.150513541619517,21.166531860813024,43.75750700113742,63.25118054547696
