3.8409194652588186,13.146479887638735,10.261054269652195,-9.903092659289502,-25.867617224906777,-0.8840006168002873,-6.954609974482223,-9.117286376091531,-1.041495228116826,-3.318118169925117,-8.519045646988623,-3.114757784990302,0.32234403824016206
13.146479887638735,63.35835838035664,41.99123405808726,-40.67980236001715,-84.21013104779013,-28.70468949923609,-21.929226365237394,-25.049932812850763,4.137370145015459,-11.603907124364191,-12.238942021105263,-9.939507385656073,4.718006644502795
10.261054269652195,41.99123405808726,44.42403163759071,-6.297169785252161,-72.00833216422483,-5.046652142993944,-20.802966266667926,-12.398645565448883,1.5285079088838547,-0.22323444798604936,-21.42058127714091,-3.3299339524807525,-1.4145680269178749
-9.903092659289502,-40.67980236001715,-6.297169785252161,77.49203513768622,92.92966377853479,27.21986724129875,20.125981642634923,36.02488462271324,-0.13319038444530315,15.826163813468392,7.429732628047998,7.2700896814157,-14.241034471504333
-25.867617224906777,-84.21013104779013,-72.00833216422483,92.92966377853479,284.56800916372646,23.96743408097511,77.56913726650052,63.08726348782506,3.9407802492527133,-0.02479058950080767,67.87641246885029,-2.698330790474544,-16.26350481181364
-0.8840006168002873,-28.70468949923609,-5.046652142993944,27.21986724129875,23.96743408097511,94.29784315718125,31.28119261726994,8.60818232042861,-2.59592353983257,5.35169038814116,-23.241035400475354,-0.010594779885787846,-6.085188103425709
-6.954609974482223,-21.929226365237394,-20.802966266667926,20.125981642634923,77.56913726650052,31.28119261726994,62.46803691020104,40.34688652314016,9.542346347730119,6.103181871275128,20.63999657044834,-0.19646956686681233,-2.2580611726004793
-9.117286376091531,-25.049932812850763,-12.398645565448883,36.02488462271324,63.08726348782506,8.60818232042861,40.34688652314016,69.59521182704111,33.6316324153744,26.067818357887973,28.73573121921454,14.887553220637319,0.05404648389085899
-1.041495228116826,4.137370145015459,1.5285079088838547,-0.13319038444530315,3.9407802492527133,-2.59592353983257,9.542346347730119,33.6316324153744,54.563783979062585,38.46531900268558,31.25503104374219,20.685418661256108,14.720903762734002
-3.318118169925117,-11.603907124364191,-0.22323444798604936,15.826163813468392,-0.02479058950080767,5.35169038814116,6.103181871275128,26.067818357887973,38.46531900268558,71.67720815359203,45.42048319597789,38.34388724159865,19.80123456417942
-8.519045646988623,-12.238942021105263,-21.42058127714091,7.429732628047998,67.87641246885029,-23.241035400475354,20.63999657044834,28.73573121921454,31.25503104374219,45.42048319597789,95.81135489407262,46.82617379761189,28.17392806245684
-3.114757784990302,-9.939507385656073,-3.3299339524807525,7.2700896814157,-2.698330790474544,-0.010594779885787846,-0.19646956686681233,14.887553220637319,20.685418661256108,38.34388724159865,46.82617379761189,62.262714106849124,39.131778311111105
0.32234403824016206,4.718006644502795,-1.4145680269178749,-14.241034471504333,-16.26350481181364,-6.085188103425709,-2.2580611726004793,0.05404648389085899,14.720903762734002,19.80123456417942,28.17392806245684,39.131778311111105,51.22690405885498
