0.9058206689596098,-1.288966897664343,-1.6678897844202563,-2.9278316044096755,-3.6794452321731907,-0.8691733227895828,-1.2353237602925706,-3.338281207620201,-1.9502320783323417,1.0318229793065008,1.225124666714701,0.7892054301712248,2.198172988009811
-1.288966897664343,56.191342443876216,8.256290571292668,-36.862111937138735,71.51682530858484,-38.87455381692363,17.362644140043066,-5.026769004769355,40.62550561723466,-41.83285901103222,28.65275850409798,-0.8997391852306865,-7.814566057388418
-1.6678897844202563,8.256290571292668,36.626026825448534,39.85212292763916,-26.427327327802878,16.940939418884042,-2.8294248585569366,19.724370861712544,1.8852808338001508,31.23974848420427,1.720994397993938,4.29115457614503,1.1315392150580221
-2.9278316044096755,-36.862111937138735,39.85212292763916,102.48703287344948,-64.19354592239142,52.78728913507464,-11.434948445007343,40.426418187628855,-27.645379845701576,68.97405638857283,-27.082991023487438,4.292979466526418,-1.5839072302117805
-3.6794452321731907,71.51682530858484,-26.427327327802878,-64.19354592239142,212.29061129632882,-55.7411551902666,38.99855187754234,-4.574150429288241,72.80526892882976,-117.34885220067854,28.901146054642254,-4.392361130786116,-32.18918287923536
-0.8691733227895828,-38.87455381692363,16.940939418884042,52.78728913507464,-55.7411551902666,107.4488337165245,29.446427620225542,23.97338017176071,-30.223491960203845,53.986917208047885,-25.43628351339466,-9.709063820547836,14.407915112791658
-1.2353237602925706,17.362644140043066,-2.8294248585569366,-11.434948445007343,38.99855187754234,29.446427620225542,81.47403886171884,43.8248366049772,25.347937636721188,-15.170796637958013,1.9808927646933325,-12.662173029523139,-7.217414412044936
-3.338281207620201,-5.026769004769355,19.724370861712544,40.426418187628855,-4.574150429288241,23.97338017176071,43.8248366049772,101.15114167966748,46.77464623264526,20.53427963680992,-19.01849173705454,-5.716650668139126,-21.792461599638706
-1.9502320783323417,40.62550561723466,1.8852808338001508,-27.645379845701576,72.80526892882976,-30.223491960203845,25.347937636721188,46.77464623264526,103.83804146871762,0.9502329692030668,28.804087358207152,-4.48838934157085,-14.612723678292154
1.0318229793065008,-41.83285901103222,31.23974848420427,68.97405638857283,-117.34885220067854,53.986917208047885,-15.170796637958013,20.53427963680992,0.9502329692030668,161.07014638403814,35.088370964852736,21.952882019184834,25.53650587790989
1.225124666714701,28.65275850409798,1.720994397993938,-27.082991023487438,28.901146054642254,-25.43628351339466,1.9808927646933325,-19.01849173705454,28.804087358207152,35.088370964852736,110.24306107652427,62.4594279326131,24.02636373186876
0.7892054301712248,-0.8997391852306865,4.29115457614503,4.292979466526418,-4.392361130786116,-9.709063820547836,-12.662173029523139,-5.716650668139126,-4.48838934157085,21.952882019184834,62.4594279326131,93.42740079098854,56.83113379557096
2.198172988009811,-7.814566057388418,1.1315392150580221,-1.5839072302117805,-32.18918287923536,14.407915112791658,-7.217414412044936,-21.792461599638706,-14.612723678292154,25.53650587790989,24.02636373186876,56.83113379557096,87.97360761379456
