1.116774117405857,-0.7143944972013446,0.2771802198180948,-0.9388760138261991,-5.432861394888949,-2.0899428369069057,-4.519825674542486,-6.767184214483304,-4.517576302697069,2.6976940787725368,2.3426412323293513,2.3991869676229793,3.6547819243958752
-0.7143944972013446,50.980513753627534,5.438109286361209,-39.26836611031363,68.90161029612183,-21.53392258744631,18.896036718743577,-4.472577820521497,44.89170259527418,-40.661023856168235,22.828230911361985,-6.995915057547754,-1.9782006305603184
0.2771802198180948,5.438109286361209,35.75539988525001,44.66128471381492,-24.10057848398965,19.65024462377592,0.34917752060616836,13.877135556166216,-16.957966008872212,19.00563993487675,-8.105960515479268,2.3082407480806695,7.443154503758322
-0.9388760138261991,-39.26836611031363,44.66128471381492,118.30742276567632,-63.5360618502413,48.771434381830524,-5.869873682274502,43.34263384595178,-57.34105815849035,49.815349594535114,-40.71571526658739,9.35474180310258,4.858275533798703
-5.432861394888949,68.90161029612183,-24.10057848398965,-63.5360618502413,216.8061174576793,-25.72997658255328,45.40716670505953,13.085490831097271,107.8950585751088,-110.3563136139942,18.00034637505289,-8.13976777202374,-14.854715764372946
-2.0899428369069057,-21.53392258744631,19.65024462377592,48.771434381830524,-25.72997658255328,87.82377519450125,42.25160146814287,35.94961755930841,-16.60401507421366,37.8299577882943,-28.609481442562945,-15.866613383213897,-0.11132244194644159
-4.519825674542486,18.896036718743577,0.34917752060616836,-5.869873682274502,45.40716670505953,42.25160146814287,86.64010826593352,69.83860307926345,47.78726001050896,-11.56498383109447,-6.411169944049103,-25.353964862813772,-23.2023532132134
-6.767184214483304,-4.472577820521497,13.877135556166216,43.34263384595178,13.085490831097271,35.94961755930841,69.83860307926345,130.9109898149344,56.86455297992051,8.316649035920303,-27.245309052204043,-14.28937493128887,-38.00403103101039
-4.517576302697069,44.89170259527418,-16.957966008872212,-57.34105815849035,107.8950585751088,-16.60401507421366,47.78726001050896,56.86455297992051,139.9374214960583,-7.174099033270725,38.62483888146958,-7.895534569705279,-20.22850622780759
2.6976940787725368,-40.661023856168235,19.00563993487675,49.815349594535114,-110.3563136139942,37.8299577882943,-11.56498383109447,8.316649035920303,-7.174099033270725,156.1067289265401,51.71665603500812,27.494834129430142,14.910760507668
2.3426412323293513,22.828230911361985,-8.105960515479268,-40.71571526658739,18.00034637505289,-28.609481442562945,-6.411169944049103,-27.245309052204043,38.62483888146958,51.71665603500812,118.98839956893538,58.17428499090941,21.07588686178761
2.3991869676229793,-6.995915057547754,2.3082407480806695,9.35474180310258,-8.13976777202374,-15.866613383213897,-25.353964862813772,-14.28937493128887,-7.895534569705279,27.494834129430142,58.17428499090941,80.89187370877234,49.970216123271804
3.6547819243958752,-1.9782006305603184,7.443154503758322,4.858275533798703,-14.854715764372946,-0.11132244194644159,-23.2023532132134,-38.00403103101039,-20.22850622780759,14.910760507668,21.07588686178761,49.970216123271804,78.07852857482554
