1.7853569345315166,-1.878784119629428,-7.723445845813356,-6.8789072294827776,7.402567841800797,0.22034300462574205,0.6855304532797664,-2.7041747726676886,3.369178573170924,-2.068559730340862,0.6525078261874503,0.24255607621439673,1.157841040388332
-1.878784119629428,54.06698690447914,11.059688174693774,-31.514580133247414,47.08273652353783,-44.700688280078886,29.881494911095018,-8.103667511281486,15.50476886316978,-22.245182567382834,35.224686459963586,-16.534450598347195,3.9633273501828605
-7.723445845813356,11.059688174693774,73.02648551416158,56.253218667755235,-91.04609488996742,34.030278712258664,-11.740002017833872,15.070557116353404,-17.651930861326615,37.36228931331585,-8.803598008603792,7.405511985928967,4.631345410273684
-6.8789072294827776,-31.514580133247414,56.253218667755235,94.08798114856323,-87.36898153098693,53.368210007439295,-25.5071165859024,32.79111296248984,-27.652302814069593,50.06626111617089,-29.427613531022143,23.05489756698307,-4.663496911334003
7.402567841800797,47.08273652353783,-91.04609488996742,-87.36898153098693,247.45089914490748,-93.98559372877189,67.40294049440992,-6.185778436881088,53.226670304026435,-77.67253703280221,64.0776178754065,-18.56105964267878,-4.361283118783414
0.22034300462574205,-44.700688280078886,34.030278712258664,53.368210007439295,-93.98559372877189,148.7074976529323,-15.745079967785754,10.248613581644516,-1.7500624736931896,57.060674617328544,-42.23155257912512,25.659915297161387,22.15688633342373
0.6855304532797664,29.881494911095018,-11.740002017833872,-25.5071165859024,67.40294049440992,-15.745079967785754,65.60548392216006,22.087116821032172,24.638732223395046,-11.892796141392193,32.73747055693541,-3.7206201826072607,6.908633469723307
-2.7041747726676886,-8.103667511281486,15.070557116353404,32.79111296248984,-6.185778436881088,10.248613581644516,22.087116821032172,60.81141436644218,22.515346068479126,24.013507978287894,6.8283850042562735,13.902755252241016,0.021474053331245586
3.369178573170924,15.50476886316978,-17.651930861326615,-27.652302814069593,53.226670304026435,-1.7500624736931896,24.638732223395046,22.515346068479126,70.47923037831495,17.5423006821701,30.304379673039413,5.135681008716948,15.700543203549048
-2.068559730340862,-22.245182567382834,37.36228931331585,50.06626111617089,-77.67253703280221,57.060674617328544,-11.892796141392193,24.013507978287894,17.5423006821701,93.89785490174957,11.851237974052266,33.89238413707382,16.381579232228415
0.6525078261874503,35.224686459963586,-8.803598008603792,-29.427613531022143,64.0776178754065,-42.23155257912512,32.73747055693541,6.8283850042562735,30.304379673039413,11.851237974052266,89.70791709587867,24.580238084223133,19.36309019355012
0.24255607621439673,-16.534450598347195,7.405511985928967,23.05489756698307,-18.56105964267878,25.659915297161387,-3.7206201826072607,13.902755252241016,5.135681008716948,33.89238413707382,24.580238084223133,59.74227155213424,34.68305262650198
1.157841040388332,3.9633273501828605,4.631345410273684,-4.663496911334003,-4.361283118783414,22.15688633342373,6.908633469723307,0.021474053331245586,15.700543203549048,16.381579232228415,19.36309019355012,34.68305262650198,54.28089366990103
