2.205002254806526,2.338390872505936,-3.030869941461086,-8.532122638815117,-0.11205411898734989,-7.121853214176078,-2.316894830803251,-6.059228302516348,2.5096480424713223,-0.9793184458721286,4.485143272910609,2.754602652506305,2.7276859275473773
2.338390872505936,41.03224084646338,-1.8154738603020302,-45.34276605258747,47.053315858494635,-30.067542730912773,4.405680334635273,-9.425881522403222,38.73780283871786,-38.44343658909407,26.86909525959265,0.8413563007911107,2.508435342501177
-3.030869941461086,-1.8154738603020302,27.731607740018113,43.55426627211684,-13.380017585258782,20.79827103173934,2.8868078540178823,15.02014163100919,-18.684243446655714,9.114487311768926,-15.444776596058631,-5.6199540972509485,1.3767133785174517
-8.532122638815117,-45.34276605258747,43.55426627211684,123.57261264995208,-48.231250829833776,71.0169059161521,5.417558491236226,37.989599666713595,-64.41316059985246,53.94999482102708,-48.82067373442507,-9.421476476980505,-5.318679127718362
-0.11205411898734989,47.053315858494635,-13.380017585258782,-48.231250829833776,119.97593026262629,-15.558932399891734,12.986808892201624,-4.6886440186739735,66.05934940894379,-53.69809379475276,40.769962970613214,7.6043212351285465,-7.6493336392767395
-7.121853214176078,-30.067542730912773,20.79827103173934,71.0169059161521,-15.558932399891734,79.32605062079728,30.30375484981356,39.15086466914216,-28.545172532968312,38.32238725421255,-30.074839008466626,-8.015181196454478,-6.49380880743176
-2.316894830803251,4.405680334635273,2.8868078540178823,5.417558491236226,12.986808892201624,30.30375484981356,48.369797576797076,41.451491095727064,19.89097678465646,7.940182449986299,3.466892518214199,-1.2484217515640874,-4.422651838401053
-6.059228302516348,-9.425881522403222,15.02014163100919,37.989599666713595,-4.6886440186739735,39.15086466914216,41.451491095727064,73.88765122834694,30.63976915247528,36.84524387741885,-4.6882754306022765,-1.9566982042096939,-10.54168791223938
2.5096480424713223,38.73780283871786,-18.684243446655714,-64.41316059985246,66.05934940894379,-28.545172532968312,19.89097678465646,30.63976915247528,119.82113199877136,13.578289297223172,60.87004141511088,14.528662127200475,-3.3194416229243897
-0.9793184458721286,-38.44343658909407,9.114487311768926,53.94999482102708,-53.69809379475276,38.32238725421255,7.940182449986299,36.84524387741885,13.578289297223172,118.87458804039713,21.931481332247028,18.396779012142883,1.4898049946054688
4.485143272910609,26.86909525959265,-15.444776596058631,-48.82067373442507,40.769962970613214,-30.074839008466626,3.466892518214199,-4.6882754306022765,60.87004141511088,21.931481332247028,90.94114755638694,46.51946525386469,15.899522178432772
2.754602652506305,0.8413563007911107,-5.6199540972509485,-9.421476476980505,7.6043212351285465,-8.015181196454478,-1.2484217515640874,-1.9566982042096939,14.528662127200475,18.396779012142883,46.51946525386469,59.61566070377709,38.13420053205191
2.7276859275473773,2.508435342501177,1.3767133785174517,-5.318679127718362,-7.6493336392767395,-6.49380880743176,-4.422651838401053,-10.54168791223938,-3.3194416229243897,1.4898049946054688,15.899522178432772,38.13420053205191,60.12319498997426
