1.3880084643134551,-1.6728850362101138,-6.364227765979305,-8.19880075863305,0.19912136219914547,-2.112401873112498,1.020097497906027,-4.028535213407547,-0.7375957292858935,-1.2307126773343446,3.0995077945622818,0.7040477991644865,0.9942590251791007
-1.6728850362101138,48.04627417995063,12.854275652844557,-17.886561421695895,50.44908079640247,-40.70742491912694,30.548172766573714,-1.3126593995530416,8.263320138608043,-19.58250131998503,25.270517578818282,-18.112315862694423,-0.07022789039905981
-6.364227765979305,12.854275652844557,71.25073901744251,75.34835670191052,-37.461556125818255,51.16606438066052,-16.148185827768867,26.213808427743885,7.639829337504186,18.62504856931166,-24.153700561228856,7.000595339890829,0.0010042288167446398
-8.19880075863305,-17.886561421695895,75.34835670191052,126.7138437981424,-41.344924807175836,77.8734640140375,-36.5306423592508,47.62951444990764,7.356911607176412,39.53205168274572,-54.03737295367889,17.82949011806772,-8.720841629217244
0.19912136219914547,50.44908079640247,-37.461556125818255,-41.344924807175836,162.23391174142935,-92.25751934647667,62.16424088720598,3.9538117664074033,11.967474615077956,-32.40531824116439,42.718818563404284,-30.31824416123001,-12.41290488219231
-2.112401873112498,-40.70742491912694,51.16606438066052,77.8734640140375,-92.25751934647667,149.7132138203003,-30.241891146534996,19.293598804904818,10.796687546691285,41.069046848987306,-37.65228646021195,30.095356185204235,9.306831859149286
1.020097497906027,30.548172766573714,-16.148185827768867,-36.5306423592508,62.16424088720598,-30.241891146534996,80.20239086184166,18.587257029440185,2.8362139154209975,-15.305042063877776,32.96755079980269,-14.965575155539986,-1.1088031149763813
-4.028535213407547,-1.3126593995530416,26.213808427743885,47.62951444990764,3.9538117664074033,19.293598804904818,18.587257029440185,73.01924935499936,36.21152754995531,14.011350088562534,-22.69530743812014,5.198737718231518,-2.22855609805689
-0.7375957292858935,8.263320138608043,7.639829337504186,7.356911607176412,11.967474615077956,10.796687546691285,2.8362139154209975,36.21152754995531,68.84923523596123,28.015393603301458,6.108070988849414,8.100047718715329,13.24795926558171
-1.2307126773343446,-19.58250131998503,18.62504856931166,39.53205168274572,-32.40531824116439,41.069046848987306,-15.305042063877776,14.011350088562534,28.015393603301458,85.10570477109941,19.77827546454388,28.89767212577378,7.0849255978915995
3.0995077945622818,25.270517578818282,-24.153700561228856,-54.03737295367889,42.718818563404284,-37.65228646021195,32.96755079980269,-22.69530743812014,6.108070988849414,19.77827546454388,103.21621407413082,25.5567438669798,16.01877381941073
0.7040477991644865,-18.112315862694423,7.000595339890829,17.82949011806772,-30.31824416123001,30.095356185204235,-14.965575155539986,5.198737718231518,8.100047718715329,28.89767212577378,25.5567438669798,70.5315013899743,42.42838119945316
0.9942590251791007,-0.07022789039905981,0.0010042288167446398,-8.720841629217244,-12.41290488219231,9.306831859149286,-1.1088031149763813,-2.22855609805689,13.24795926558171,7.0849255978915995,16.01877381941073,42.42838119945316,63.582019266779696
