5.154769758705343,11.049359118540961,-2.213957202095024,-18.319901529377926,-1.150077601867646,-8.295692880559562,7.550908744400996,-8.232694462461444,1.4253586294213119,-11.185342276438744,-5.870820784995639,-5.368359064011917,1.1623945703912744
11.049359118540961,67.01368886623064,13.149125253651324,-58.41170530875189,25.681395869042753,-38.650652122205926,22.053744192314234,-21.047956653870475,19.660976383598552,-54.22013944346078,-0.5900666089844147,-16.5078615451319,-2.8263604309181565
-2.213957202095024,13.149125253651324,35.92876583242189,33.903173117933974,-26.750401091708135,14.995087333272151,1.3867176424945142,14.56444936361904,-13.400455353617568,12.798474640006157,-5.1121287512457,1.6580206865859897,0.20066869041665758
-18.319901529377926,-58.41170530875189,33.903173117933974,128.23453645229355,-34.09290757046331,65.86506301427745,-22.33641947579344,47.930159006354884,-32.5879752453533,81.79562264762217,4.611757601259991,23.38951762730852,-3.3353452569692976
-1.150077601867646,25.681395869042753,-26.750401091708135,-34.09290757046331,152.16203290615925,-14.937387020954075,9.655862184143501,-9.520431440552459,67.27800222916264,-40.90175704902569,43.62404380615269,7.564931975585183,-11.924780032691187
-8.295692880559562,-38.650652122205926,14.995087333272151,65.86506301427745,-14.937387020954075,80.62405171991942,16.646252767325638,34.67977278183031,-10.993887899007165,58.828624209430465,7.746296409635073,16.709239502874013,11.863144212271287
7.550908744400996,22.053744192314234,1.3867176424945142,-22.33641947579344,9.655862184143501,16.646252767325638,61.03093858434684,20.61077466623876,17.17088178306032,-5.4562314491175155,4.314122681543087,-0.4986318845719225,9.62869080910579
-8.232694462461444,-21.047956653870475,14.56444936361904,47.930159006354884,-9.520431440552459,34.67977278183031,20.61077466623876,68.69048691239597,23.741092547248865,45.093278621686025,17.346115382690357,19.679087184448427,3.072494155705882
1.4253586294213119,19.660976383598552,-13.400455353617568,-32.5879752453533,67.27800222916264,-10.993887899007165,17.17088178306032,23.741092547248865,86.46388424500495,10.401363098276676,34.397266818796204,8.067907461962882,5.525821190754446
-11.185342276438744,-54.22013944346078,12.798474640006157,81.79562264762217,-40.90175704902569,58.828624209430465,-5.4562314491175155,45.093278621686025,10.401363098276676,120.91028060239518,31.70266524899501,30.328951546179155,14.141797286259699
-5.870820784995639,-0.5900666089844147,-5.1121287512457,4.611757601259991,43.62404380615269,7.746296409635073,4.314122681543087,17.346115382690357,34.397266818796204,31.70266524899501,74.9252474375753,42.880169612654356,11.901115480108338
-5.368359064011917,-16.5078615451319,1.6580206865859897,23.38951762730852,7.564931975585183,16.709239502874013,-0.4986318845719225,19.679087184448427,8.067907461962882,30.328951546179155,42.880169612654356,63.568537274242516,36.85167444295522
1.1623945703912744,-2.8263604309181565,0.20066869041665758,-3.3353452569692976,-11.924780032691187,11.863144212271287,9.62869080910579,3.072494155705882,5.525821190754446,14.141797286259699,11.901115480108338,36.85167444295522,64.73548245589708
