4.198935322394302,19.371854899363008,14.17235310207062,-1.0022301225219443,-1.2284836627862827,-7.5366828351864825,2.228537943963769,-7.638181685448252,-1.8303976016090755,-7.324622140368985,-3.7009289362559965,-6.131660940762484,-0.900237497421813
19.371854899363008,105.32359872390289,77.37215840012864,-3.2560261197686766,-1.5293841320096153,-39.21363989507483,12.565701251293701,-38.14144872182753,-13.361450483932021,-45.69003369717731,-18.15696495964355,-37.96948542728904,-9.464658302775014
14.17235310207062,77.37215840012864,80.99507117645163,43.664470774295744,12.912027090422681,-17.572002170786252,-13.591243391822193,-38.028873781128524,-30.189733144510654,-38.56639020409327,-38.19149918707866,-36.00698006239048,-24.158562830824263
-1.0022301225219443,-3.2560261197686766,43.664470774295744,99.94513664719956,51.37600671266568,23.716664322240387,-43.61485109372488,-17.500871255307636,-38.113247393777705,-10.915265304332776,-45.08266146034072,-17.874454578122062,-36.55562975588136
-1.2284836627862827,-1.5293841320096153,12.912027090422681,51.37600671266568,68.99456973854859,20.514574465177716,-5.403273348515076,1.5507149983045545,-7.146416775489038,-8.574080293667178,-3.580721963916181,-10.93793936774123,-16.544090344098382
-7.5366828351864825,-39.21363989507483,-17.572002170786252,23.716664322240387,20.514574465177716,56.23984340684244,12.126095252685424,25.77552123861346,10.174523562366165,24.754294497202107,1.8362233372836811,13.921933338097286,2.5633694216453637
2.228537943963769,12.565701251293701,-13.591243391822193,-43.61485109372488,-5.403273348515076,12.126095252685424,68.95408252496196,40.30444700545943,40.081025903553396,17.442027840720765,35.84052476376983,14.727510200690286,24.444371763196976
-7.638181685448252,-38.14144872182753,-38.028873781128524,-17.500871255307636,1.5507149983045545,25.77552123861346,40.30444700545943,67.34307483442694,50.60280906260155,40.904737839013606,38.61945911779781,30.5449737455718,21.872621660743118
-1.8303976016090755,-13.361450483932021,-30.189733144510654,-38.113247393777705,-7.146416775489038,10.174523562366165,40.081025903553396,50.60280906260155,71.26307193357933,51.437445832575776,48.45160589438349,32.850332071119325,33.67116261991306
-7.324622140368985,-45.69003369717731,-38.56639020409327,-10.915265304332776,-8.574080293667178,24.754294497202107,17.442027840720765,40.904737839013606,51.437445832575776,77.61849683036878,48.574417101425894,45.36514974395483,29.651756268827477
-3.7009289362559965,-18.15696495964355,-38.19149918707866,-45.08266146034072,-3.580721963916181,1.8362233372836811,35.84052476376983,38.61945911779781,48.45160589438349,48.574417101425894,85.3266059674923,49.54313220473325,42.371746945267255
-6.131660940762484,-37.96948542728904,-36.00698006239048,-17.874454578122062,-10.93793936774123,13.921933338097286,14.727510200690286,30.5449737455718,32.850332071119325,45.36514974395483,49.54313220473325,68.96986903886817,46.806776754281174
-0.900237497421813,-9.464658302775014,-24.158562830824263,-36.55562975588136,-16.544090344098382,2.5633694216453637,24.444371763196976,21.872621660743118,33.67116261991306,29.651756268827477,42.371746945267255,46.806776754281174,62.24967696003323
