4.915121500543778,11.9843538585789,2.8832232466617658,-12.283995353299838,-0.44506992167884596,-5.997022380825893,4.772990598537624,-5.801608178194575,9.638689967411342,-3.2675174368245536,-2.081291706873845,-4.911685744089035,4.806615995777815
11.9843538585789,60.26384510489933,26.737158699028896,-38.85718111783427,14.516824262154783,-13.580517149236147,29.682007142599975,-13.525227158881265,39.76141864087678,-19.150166495369902,10.764826854705664,-25.100740018797822,17.635985708966736
2.8832232466617658,26.737158699028896,40.0114404702971,31.052813840162617,11.90216798041621,12.233805178261852,14.83215118823855,4.5802968871585135,-6.211589122848417,-9.201964855688708,-4.543721499325206,-8.269495406511883,-0.7225359510003031
-12.283995353299838,-38.85718111783427,31.052813840162617,122.037970557669,26.94420336419575,57.35205476570458,-10.317767201578642,29.228188367901552,-67.15087893996578,10.713517620699337,-22.800458947688902,25.79876437897674,-26.488674447622937
-0.44506992167884596,14.516824262154783,11.90216798041621,26.94420336419575,73.36956740496096,49.95031774716982,28.828451477183513,9.436900933078475,9.154607083486582,-5.44852265095263,10.321534493319067,4.765383829542516,4.647096989075386
-5.997022380825893,-13.580517149236147,12.233805178261852,57.35205476570458,49.95031774716982,87.22883069517007,43.318373321333254,36.58132779512393,-10.52558953668263,18.658571763647117,5.657538559027435,17.274357440374015,-6.309746592109511
4.772990598537624,29.682007142599975,14.83215118823855,-10.317767201578642,28.828451477183513,43.318373321333254,75.56572175221379,40.396011668110006,45.065900038623624,12.335162451405925,22.147985797658624,-1.6375499077475608,10.712318080739557
-5.801608178194575,-13.525227158881265,4.5802968871585135,29.228188367901552,9.436900933078475,36.58132779512393,40.396011668110006,68.63655396611993,29.923600753957206,35.054625386670935,20.003031099082097,18.27482506299499,-5.030628915458674
9.638689967411342,39.76141864087678,-6.211589122848417,-67.15087893996578,9.154607083486582,-10.52558953668263,45.065900038623624,29.923600753957206,111.88924672627829,41.75779108577242,47.65800349418636,-2.501252651885707,27.256294178285515
-3.2675174368245536,-19.150166495369902,-9.201964855688708,10.713517620699337,-5.44852265095263,18.658571763647117,12.335162451405925,35.054625386670935,41.75779108577242,79.40087510837743,49.31480518418333,35.44715585075939,4.682980608396997
-2.081291706873845,10.764826854705664,-4.543721499325206,-22.800458947688902,10.321534493319067,5.657538559027435,22.147985797658624,20.003031099082097,47.65800349418636,49.31480518418333,87.10884058147231,36.680913009483206,22.343738306038947
-4.911685744089035,-25.100740018797822,-8.269495406511883,25.79876437897674,4.765383829542516,17.274357440374015,-1.6375499077475608,18.27482506299499,-2.501252651885707,35.44715585075939,36.680913009483206,69.18091571127277,28.52968720857981
4.806615995777815,17.635985708966736,-0.7225359510003031,-26.488674447622937,4.647096989075386,-6.309746592109511,10.712318080739557,-5.030628915458674,27.256294178285515,4.682980608396997,22.343738306038947,28.52968720857981,57.46260776202189
