1.756020574115802,3.992837314833539,-1.8716528441304856,-9.352429495441035,-2.7717684182648337,-1.2915203119511642,3.254694793492941,-5.869938937411439,-1.9781779188751185,-4.119193303645843,-2.11957699507074,-3.576141371171074,0.09227294820032764
3.992837314833539,42.36510421179764,3.53677960113807,-44.63319299177525,20.774236597463027,-21.456551044220586,14.501680454003791,-9.306002481926479,18.98154680739609,-35.89760825945649,12.460078094946201,-7.974115178069275,1.5884678641281564
-1.8716528441304856,3.53677960113807,29.429257990040696,41.66806984529441,-11.195761325150706,10.886171812732444,-2.547834293764596,22.708317224292692,0.274512360298458,20.929877963803488,-3.186778167300801,6.184836913090548,2.3836565394338005
-9.352429495441035,-44.63319299177525,41.66806984529441,131.69118977148554,-12.421765987419736,41.35080089015722,-23.066947371703876,51.841133623538305,-12.252999282342698,74.27313382290461,-11.610482370444869,21.111374874256576,-3.1794824865716307
-2.7717684182648337,20.774236597463027,-11.195761325150706,-12.421765987419736,116.3474654690228,-5.206102158174989,4.545938279307498,4.086512958356001,46.116518228700365,-43.44066976997871,34.6261789297307,8.249188572507315,-10.583117986968158
-1.2915203119511642,-21.456551044220586,10.886171812732444,41.35080089015722,-5.206102158174989,70.2591940416156,32.16825208179485,17.09967704828483,-19.57027117521481,31.34238352281237,-7.157218271429513,6.299519164107877,9.212908779794871
3.254694793492941,14.501680454003791,-2.547834293764596,-23.066947371703876,4.545938279307498,32.16825208179485,66.54905316019595,21.296830727654047,3.1131173929915823,-12.874678382101214,4.740270640356508,-1.578264115977939,10.399222012257798
-5.869938937411439,-9.306002481926479,22.708317224292692,51.841133623538305,4.086512958356001,17.09967704828483,21.296830727654047,81.73035994335186,42.35526591805319,33.71879272150786,7.075327311350063,17.483383765189995,4.79355772599829
-1.9781779188751185,18.98154680739609,0.274512360298458,-12.252999282342698,46.116518228700365,-19.57027117521481,3.1131173929915823,42.35526591805319,88.58229262127573,16.46315722305684,30.588276591306816,9.498190009258721,4.299860105287719
-4.119193303645843,-35.89760825945649,20.929877963803488,74.27313382290461,-43.44066976997871,31.34238352281237,-12.874678382101214,33.71879272150786,16.46315722305684,119.56369889082187,22.06543178079247,24.773026676854236,9.00613878511435
-2.11957699507074,12.460078094946201,-3.186778167300801,-11.610482370444869,34.6261789297307,-7.157218271429513,4.740270640356508,7.075327311350063,30.588276591306816,22.06543178079247,81.18327471854028,44.813826959640835,11.590766501298301
-3.576141371171074,-7.974115178069275,6.184836913090548,21.111374874256576,8.249188572507315,6.299519164107877,-1.578264115977939,17.483383765189995,9.498190009258721,24.773026676854236,44.813826959640835,66.8500095155847,36.70699927833263
0.09227294820032764,1.5884678641281564,2.3836565394338005,-3.1794824865716307,-10.583117986968158,9.212908779794871,10.399222012257798,4.79355772599829,4.299860105287719,9.00613878511435,11.590766501298301,36.70699927833263,61.49637794841761
