2.1672879326030032,4.678447714943267,2.534176379190348,-4.9858186369316,-4.196326727514285,8.980455199921094,-1.19019460079647,-2.147706434199059,6.578198233784627,-0.3290642186171267,2.0838955080714245,0.5420148360132324,4.401742572783014
4.678447714943267,58.21476749784772,17.365559170854613,-26.47513716264891,38.76048008475061,-26.200070398223616,32.68367807667771,-3.8957655405016363,11.734474629385188,-5.125375629450124,22.727751740495542,-7.716913841104529,7.132971204046157
2.534176379190348,17.365559170854613,50.64082259774601,32.58515897023702,-52.80120631957218,65.26321208815189,-17.889633459975272,11.44041248329922,12.56973141836978,4.5225051440173205,1.025896015435387,10.440885792948473,12.206486975251552
-4.9858186369316,-26.47513716264891,32.58515897023702,70.51939946229143,-38.20278565883693,53.323115200415394,-20.529697247685963,22.721192121208844,-6.583353891665295,12.300415032279869,-14.927386037265837,15.333696326566455,-4.666233251360803
-4.196326727514285,38.76048008475061,-52.80120631957218,-38.20278565883693,204.68651759683416,-140.52719082275186,99.01688661726467,6.213885867896136,-14.262652270228358,-3.5393780228591547,28.076754237766433,-24.967649893544706,-26.03767028231324
8.980455199921094,-26.200070398223616,65.26321208815189,53.323115200415394,-140.52719082275186,244.72870155869836,-47.98418886000929,21.811392021295287,62.43655601528686,9.074919314463465,-13.39214044274815,23.148367458559807,38.22669434608311
-1.19019460079647,32.68367807667771,-17.889633459975272,-20.529697247685963,99.01688661726467,-47.98418886000929,103.32805379254373,34.03328584267664,8.719878529298834,11.455203796216109,15.957488950944326,-8.95842292556385,-10.068782259760708
-2.147706434199059,-3.8957655405016363,11.44041248329922,22.721192121208844,6.213885867896136,21.811392021295287,34.03328584267664,66.19225986580409,29.259231384842266,19.37740508626572,8.957834311048819,5.897334231344238,-1.6785699640266103
6.578198233784627,11.734474629385188,12.56973141836978,-6.583353891665295,-14.262652270228358,62.43655601528686,8.719878529298834,29.259231384842266,85.00120990312286,30.811034418291616,22.935853557813594,10.86957841768613,22.836776573734188
-0.3290642186171267,-5.125375629450124,4.5225051440173205,12.300415032279869,-3.5393780228591547,9.074919314463465,11.455203796216109,19.37740508626572,30.811034418291616,65.54176481955193,30.462216062261852,27.28894688874485,11.95155738504413
2.0838955080714245,22.727751740495542,1.025896015435387,-14.927386037265837,28.076754237766433,-13.39214044274815,15.957488950944326,8.957834311048819,22.935853557813594,30.462216062261852,77.80390344894494,36.42747570661617,23.977263182287842
0.5420148360132324,-7.716913841104529,10.440885792948473,15.333696326566455,-24.967649893544706,23.148367458559807,-8.95842292556385,5.897334231344238,10.86957841768613,27.28894688874485,36.42747570661617,69.58546107198437,41.74130050235546
4.401742572783014,7.132971204046157,12.206486975251552,-4.666233251360803,-26.03767028231324,38.22669434608311,-10.068782259760708,-1.6785699640266103,22.836776573734188,11.95155738504413,23.977263182287842,41.74130050235546,61.490033533009935
