8.153104262046215,9.77327437025387,-7.11871374627055,-33.623663078212886,-28.122620564171875,-7.693364842759298,-4.1636408085647085,-12.438307438429844,3.247254587368574,-5.633817424701972,1.1686065230745566,3.127530925550091,8.090360422203087
9.77327437025387,69.08790958783926,18.306968680065314,-64.97385185709754,-29.803851967814246,-38.05769474361335,0.6176575495585925,-23.158891675581945,13.229843579506015,-16.292725562104117,16.46049871237297,-10.309454905830506,14.75922185711324
-7.11871374627055,18.306968680065314,60.11117597332388,53.524022024169646,-37.08808931942308,36.950270712516584,-28.070917965374765,9.11570441839065,3.4285270764820353,12.327056051984433,-14.94009184073976,0.6545157009016438,-0.780066107104822
-33.623663078212886,-64.97385185709754,53.524022024169646,200.35139716590442,96.20520359682284,63.429340251765936,-7.811253126693082,60.7655810772236,-18.00774116159509,39.153594063696126,-24.299468866224824,1.2840757684765904,-36.48636860251366
-28.122620564171875,-29.803851967814246,-37.08808931942308,96.20520359682284,286.3093630216987,-59.60431899785376,90.98265854237385,58.81331775980338,-14.179588399011328,2.175408482098526,44.576521793214724,-28.465033182287538,-42.27986270869516
-7.693364842759298,-38.05769474361335,36.950270712516584,63.429340251765936,-59.60431899785376,155.62398265352277,0.8299959885099681,31.771348477745907,19.802110314207738,26.480194240887208,-31.691477031248205,13.842045044901061,3.6195978277156122
-4.1636408085647085,0.6176575495585925,-28.070917965374765,-7.811253126693082,90.98265854237385,0.8299959885099681,90.71311018361995,43.43279538179395,18.433831011388392,9.084844442412477,24.523620996153557,-9.538770425896773,-5.819236915446927
-12.438307438429844,-23.158891675581945,9.11570441839065,60.7655810772236,58.81331775980338,31.771348477745907,43.43279538179395,77.4833413667072,30.26402265486304,28.928388840687646,8.871043872645151,0.9248536946283559,-8.861327940235611
3.247254587368574,13.229843579506015,3.4285270764820353,-18.00774116159509,-14.179588399011328,19.802110314207738,18.433831011388392,30.26402265486304,60.11794049802355,26.419700665365507,18.078176880977352,8.759829693177721,15.697496674162347
-5.633817424701972,-16.292725562104117,12.327056051984433,39.153594063696126,2.175408482098526,26.480194240887208,9.084844442412477,28.928388840687646,26.419700665365507,63.03630832603516,19.192566709624,21.235597384271067,7.953985617874785
1.1686065230745566,16.46049871237297,-14.94009184073976,-24.299468866224824,44.576521793214724,-31.691477031248205,24.523620996153557,8.871043872645151,18.078176880977352,19.192566709624,69.20622116797456,23.105085703682228,18.698184031454698
3.127530925550091,-10.309454905830506,0.6545157009016438,1.2840757684765904,-28.465033182287538,13.842045044901061,-9.538770425896773,0.9248536946283559,8.759829693177721,21.235597384271067,23.105085703682228,56.9059849195221,38.53924333110757
8.090360422203087,14.75922185711324,-0.780066107104822,-36.48636860251366,-42.27986270869516,3.6195978277156122,-5.819236915446927,-8.861327940235611,15.697496674162347,7.953985617874785,18.698184031454698,38.53924333110757,61.285497926180746
