2.177296408367588,3.948824558397272,2.4654991791735523,-1.6416585007861333,-2.5079240933407774,-5.263485724477828,-2.5964680552107797,-6.407394589168119,-4.3569661562457185,-3.525905614254464,-1.2551826688849712,1.5219791767322506,3.881716998833113
3.948824558397272,43.21926014800989,20.946021885365965,-15.913481144064447,29.30197020081747,-15.635885875167949,4.24762616186694,-8.457019925712839,18.824319311504457,-28.292259375228863,10.024299585981451,-3.1683813772894203,3.532840885734924
2.4654991791735523,20.946021885365965,60.84322887003201,64.22142583692631,-30.368571362617708,-4.446117965702729,-24.918050009783354,1.3771292660392467,-16.165588481858208,31.08251069249629,-1.3205335564850171,2.8083264127952834,0.30429589836263304
-1.6416585007861333,-15.913481144064447,64.22142583692631,120.27853989632575,-50.128472539230025,20.7913398518311,-32.377080345748816,15.62498529911498,-39.57183301242425,73.46547404180569,-10.782724110176684,8.03121695276687,-6.3540094613530504
-2.5079240933407774,29.30197020081747,-30.368571362617708,-50.128472539230025,140.39705584356884,30.31834631026213,49.0959971308573,9.135384318232063,58.785995191977236,-68.77546087025856,17.53671673763297,1.1973540287064248,-1.5224318164516586
-5.263485724477828,-15.635885875167949,-4.446117965702729,20.7913398518311,30.31834631026213,93.97277304842065,67.34042074264109,42.09709014853886,9.884851550809069,16.885083064652292,-11.411970814736366,-7.1669263176392635,-4.630843104061708
-2.5964680552107797,4.24762616186694,-24.918050009783354,-32.377080345748816,49.0959971308573,67.34042074264109,102.85214651190246,56.915853276801045,38.8244444753956,-18.77274189139545,-2.3934225633902093,-7.755834236599401,-2.750246034732211
-6.407394589168119,-8.457019925712839,1.3771292660392467,15.62498529911498,9.135384318232063,42.09709014853886,56.915853276801045,83.31562837941104,52.25967687664064,28.34172607237531,-0.2715743942505641,-5.209677927854476,-14.105193488658898
-4.3569661562457185,18.824319311504457,-16.165588481858208,-39.57183301242425,58.785995191977236,9.884851550809069,38.8244444753956,52.25967687664064,104.03294563060273,10.976250613780664,25.36480631624533,-6.696762814808807,-5.376184490375412
-3.525905614254464,-28.292259375228863,31.08251069249629,73.46547404180569,-68.77546087025856,16.885083064652292,-18.77274189139545,28.34172607237531,10.976250613780664,132.3260889117284,30.878292598485103,10.83897705145002,-4.045848797696909
-1.2551826688849712,10.024299585981451,-1.3205335564850171,-10.782724110176684,17.53671673763297,-11.411970814736366,-2.3934225633902093,-0.2715743942505641,25.36480631624533,30.878292598485103,76.03455963325605,37.19934794822669,10.604140263240895
1.5219791767322506,-3.1683813772894203,2.8083264127952834,8.03121695276687,1.1973540287064248,-7.1669263176392635,-7.755834236599401,-5.209677927854476,-6.696762814808807,10.83897705145002,37.19934794822669,62.78478283437941,39.669167646135186
3.881716998833113,3.532840885734924,0.30429589836263304,-6.3540094613530504,-1.5224318164516586,-4.630843104061708,-2.750246034732211,-14.105193488658898,-5.376184490375412,-4.045848797696909,10.604140263240895,39.669167646135186,64.46610576826968
