3.2009695903180946,6.0944078731500495,-0.7606341398449915,-10.424548727291334,-1.963532302449819,-6.860733149347245,-0.7771820487959364,-10.488391725852379,-3.3029493919466635,-8.4969639034018,-3.2148203215253024,-3.3554158615961334,2.0848394213684536
6.0944078731500495,48.89971766196454,11.335729432056679,-45.39594752525448,16.521189423764262,-28.441234398367968,-2.0990757098588877,-32.32609177466535,12.833138143207428,-42.72598447849041,7.545151049600272,-16.8147101951399,7.740316007373756
-0.7606341398449915,11.335729432056679,59.298522749794884,72.54411735181904,-37.06435964006637,19.670069506241052,-5.4558793024800085,22.9744845159568,-19.54206310561296,43.33229434600773,4.8024374400461936,1.1948818994157964,-5.178821804645565
-10.424548727291334,-45.39594752525448,72.54411735181904,177.2793204912289,-47.44246290671754,70.53853509345632,-1.3030947445184036,87.73136774311037,-30.205733602279718,121.52712557480999,7.256910776069163,30.25328736457217,-18.277682167599615
-1.963532302449819,16.521189423764262,-37.06435964006637,-47.44246290671754,124.0435545000929,2.033446520048258,18.318031583963535,7.545217759140758,72.84398791394582,-45.64014266315925,29.44298329542792,11.454410694586988,8.767147390478438
-6.860733149347245,-28.441234398367968,19.670069506241052,70.53853509345632,2.033446520048258,86.24222031200419,39.874854737342694,53.711715513622174,-1.1218682940336382,63.05365168374598,10.041737238852207,14.372623298503019,1.8899793316606526
-0.7771820487959364,-2.0990757098588877,-5.4558793024800085,-1.3030947445184036,18.318031583963535,39.874854737342694,60.01071765264483,43.60399504272472,23.276585925332828,10.495528463720577,11.950951677319976,8.46652680189109,6.984964089126654
-10.488391725852379,-32.32609177466535,22.9744845159568,87.73136774311037,7.545217759140758,53.711715513622174,43.60399504272472,129.93946559288378,57.49362632997472,83.45901633756905,32.96512576946806,37.8251920705475,-4.708420299985728
-3.3029493919466635,12.833138143207428,-19.54206310561296,-30.205733602279718,72.84398791394582,-1.1218682940336382,23.276585925332828,57.49362632997472,117.30599125047564,20.87769016353813,46.96492616737622,18.072490419467,13.403195102605725
-8.4969639034018,-42.72598447849041,43.33229434600773,121.52712557480999,-45.64014266315925,63.05365168374598,10.495528463720577,83.45901633756905,20.87769016353813,159.58554070484593,46.149371536969745,38.75867256653144,-2.8359487572202746
-3.2148203215253024,7.545151049600272,4.8024374400461936,7.256910776069163,29.44298329542792,10.041737238852207,11.950951677319976,32.96512576946806,46.96492616737622,46.149371536969745,80.826471301051,47.09194308502577,18.659586067067426
-3.3554158615961334,-16.8147101951399,1.1948818994157964,30.25328736457217,11.454410694586988,14.372623298503019,8.46652680189109,37.8251920705475,18.072490419467,38.75867256653144,47.09194308502577,73.98631698450008,36.278020081057605
2.0848394213684536,7.740316007373756,-5.178821804645565,-18.277682167599615,8.767147390478438,1.8899793316606526,6.984964089126654,-4.708420299985728,13.403195102605725,-2.8359487572202746,18.659586067067426,36.278020081057605,64.5423538776104
