1.538224885812182,0.697043596882017,-2.8855580131308796,-5.373992782081247,-0.8813997812931288,-6.902031164870023,-0.07719140805834562,-2.73953387653797,-0.4469913230460139,0.280234053837795,3.0852564426485163,2.1402398931094315,2.035528738177522
0.697043596882017,26.70923562227823,1.3294576547979118,-16.700034153553176,32.47301634162199,-31.79233615312306,18.36405422345958,0.9365565975586312,2.9011920972738974,-13.426108149989346,20.0141097550543,-10.509220613992412,1.7539038625098793
-2.8855580131308796,1.3294576547979118,36.90927409338944,42.09883006273447,-21.71114081941768,40.98590055812563,-12.59248309299897,6.418475525811462,2.0875896293081926,15.040145811718903,-8.288544272585343,12.437631671418496,10.673177464001062
-5.373992782081247,-16.700034153553176,42.09883006273447,73.92766495967591,-23.396065037770526,75.59916805292698,-20.36296223458444,13.157957770358768,1.4292721230403638,25.007985709540666,-28.809321142632246,13.522899746862128,0.9675300727566677
-0.8813997812931288,32.47301634162199,-21.71114081941768,-23.396065037770526,109.19758913378253,-43.12436558869282,50.95898301297282,16.886160720018644,6.819851514230648,-29.561677588445484,22.250971823087134,-36.565418744843434,-23.502663624233236
-6.902031164870023,-31.79233615312306,40.98590055812563,75.59916805292698,-43.12436558869282,138.99218997093973,-12.032181237589315,23.349266408552612,14.540041729678347,27.750923292060474,-42.508707559062145,17.12519977483032,1.8833509411691536
-0.07719140805834562,18.36405422345958,-12.59248309299897,-20.36296223458444,50.95898301297282,-12.032181237589315,66.41754424242733,35.09111143164838,17.600338016641185,-4.3573876899685935,20.307322251643903,-14.128624377831574,-3.116792774961935
-2.73953387653797,0.9365565975586312,6.418475525811462,13.157957770358768,16.886160720018644,23.349266408552612,35.09111143164838,55.87460920313648,39.41465403964857,15.094540439941577,3.920550274119878,-2.7783160647358716,-2.202350242248111
-0.4469913230460139,2.9011920972738974,2.0875896293081926,1.4292721230403638,6.819851514230648,14.540041729678347,17.600338016641185,39.41465403964857,59.93562668899703,34.08327098674547,20.264704896216102,9.758154026072479,10.624086168762624
0.280234053837795,-13.426108149989346,15.040145811718903,25.007985709540666,-29.561677588445484,27.750923292060474,-4.3573876899685935,15.094540439941577,34.08327098674547,86.6926356611801,41.9123667332175,50.538552871444146,34.68436115822294
3.0852564426485163,20.0141097550543,-8.288544272585343,-28.809321142632246,22.250971823087134,-42.508707559062145,20.307322251643903,3.920550274119878,20.264704896216102,41.9123667332175,98.36895605729043,51.28985197657794,41.381194803072134
2.1402398931094315,-10.509220613992412,12.437631671418496,13.522899746862128,-36.565418744843434,17.12519977483032,-14.128624377831574,-2.7783160647358716,9.758154026072479,50.538552871444146,51.28985197657794,89.31519925439774,66.94170181443637
2.035528738177522,1.7539038625098793,10.673177464001062,0.9675300727566677,-23.502663624233236,1.8833509411691536,-3.116792774961935,-2.202350242248111,10.624086168762624,34.68436115822294,41.381194803072134,66.94170181443637,82.35288470566763
