3.7585725491331154,0.7416618831025049,-5.25546710185384,-6.330121925328327,7.369117327333134,-4.238910642224513,2.250152726750322,-1.0586349445666525,2.9274022092455008,-6.016071883291378,-0.7991874793727849,1.4891396650002162,-0.17167117617977373
0.7416618831025049,49.34541456404094,7.949089892494887,-34.89256300619523,57.92715538557631,-29.675902588625576,13.917331417131551,-7.854425641843731,33.515023599371474,-36.5551489106948,26.627935617644816,-1.7939531655577396,-1.780998169798866
-5.25546710185384,7.949089892494887,41.325460876726986,39.90007526963307,-38.17997598103827,33.11542467972344,3.6612545714910625,9.704736822518022,-17.28857467638084,28.266848648140257,-4.900613753566912,-5.457253795107116,3.7134204851087045
-6.330121925328327,-34.89256300619523,39.90007526963307,97.55206559398397,-62.95972857703571,58.31585701730602,-7.135156992626271,27.147325122365796,-40.72178732904518,67.63897670163324,-23.22864755755014,4.494551201825417,2.095992064560218
7.369117327333134,57.92715538557631,-38.17997598103827,-62.95972857703571,204.75202574898,-74.49918938135642,14.248378712191592,-1.1026080296622875,94.6848970676284,-84.90968447820057,55.23598483299982,27.966209085849517,-12.36762850711744
-4.238910642224513,-29.675902588625576,33.11542467972344,58.31585701730602,-74.49918938135642,96.39115762524045,20.802260924282646,18.135621981870578,-37.70623715319848,61.04549349105412,-20.219402152883042,-6.7161427888653815,13.95901321763163
2.250152726750322,13.917331417131551,3.6612545714910625,-7.135156992626271,14.248378712191592,20.802260924282646,56.00975507307972,25.57674851577234,14.632773474413204,1.3282959684493818,13.97896393221187,2.0786393691302747,8.256208509901574
-1.0586349445666525,-7.854425641843731,9.704736822518022,27.147325122365796,-1.1026080296622875,18.135621981870578,25.57674851577234,61.056330602575485,30.680894429826402,27.956932514822626,8.624490807946572,16.528888518388623,3.8618330541652064
2.9274022092455008,33.515023599371474,-17.28857467638084,-40.72178732904518,94.6848970676284,-37.70623715319848,14.632773474413204,30.680894429826402,100.5975091751315,-10.207292526485164,43.93464268328244,20.4429012456672,3.7923976496909932
-6.016071883291378,-36.5551489106948,28.266848648140257,67.63897670163324,-84.90968447820057,61.04549349105412,1.3282959684493818,27.956932514822626,-10.207292526485164,114.84349278360577,8.954996357999537,12.004386118545929,14.755076540238612
-0.7991874793727849,26.627935617644816,-4.900613753566912,-23.22864755755014,55.23598483299982,-20.219402152883042,13.97896393221187,8.624490807946572,43.93464268328244,8.954996357999537,80.01314988264858,44.07977062495619,13.716053035530875
1.4891396650002162,-1.7939531655577396,-5.457253795107116,4.494551201825417,27.966209085849517,-6.7161427888653815,2.0786393691302747,16.528888518388623,20.4429012456672,12.004386118545929,44.07977062495619,67.20817958251992,33.8610925599727
-0.17167117617977373,-1.780998169798866,3.7134204851087045,2.095992064560218,-12.36762850711744,13.95901321763163,8.256208509901574,3.8618330541652064,3.7923976496909932,14.755076540238612,13.716053035530875,33.8610925599727,54.64700056562901
