2.5711476924356145,0.6237211948135993,-2.8998378716468522,-4.665140806326534,2.1257842920806564,-4.569296477576598,-1.784929836007056,-3.880806328442312,2.2327798256801743,-0.00878042818233884,1.4990199195746354,0.6733329413729143,0.7322081769238172
0.6237211948135993,47.509506206369984,13.986713860954737,-29.170124040570588,46.37468529816474,-19.701554855940604,9.22964623122821,-9.344376955626476,32.5104921734225,-32.216508960907746,23.359377506726005,-4.246530542480955,0.9842378592885667
-2.8998378716468522,13.986713860954737,51.73015334266756,57.234145280579185,-25.335017843393818,29.76653819002996,9.537140299542774,19.2983485885132,-16.08444523040783,31.075597564041857,4.674225190215113,1.2617471814257337,-1.321167744565759
-4.665140806326534,-29.170124040570588,57.234145280579185,120.36464138133765,-65.23636133479772,64.02563049220723,6.966557928303697,38.766060859890025,-54.9402116908601,75.82346104178315,-15.21656897030809,9.042363846492984,-4.574678810032268
2.1257842920806564,46.37468529816474,-25.335017843393818,-65.23636133479772,127.44684273418815,-29.49440958787553,11.772354338275216,-16.380950015385963,62.69574120905368,-72.5198543838828,27.18254411272846,4.799273927477319,-0.018714854130754036
-4.569296477576598,-19.701554855940604,29.76653819002996,64.02563049220723,-29.49440958787553,77.14751890797216,28.811693839387367,28.341495154930488,-29.933737166162953,43.238389817561774,-13.015854147627186,-1.0228872509966462,1.6560737866620443
-1.784929836007056,9.22964623122821,9.537140299542774,6.966557928303697,11.772354338275216,28.811693839387367,46.968370014663336,30.634904560898786,13.583599299606426,5.262862111616002,7.492667969553892,-0.07621949357824619,3.431825421791402
-3.880806328442312,-9.344376955626476,19.2983485885132,38.766060859890025,-16.380950015385963,28.341495154930488,30.634904560898786,63.39717338418978,21.41321237113019,37.03470081001817,5.046284770178401,12.854816099450643,3.0354763525426316
2.2327798256801743,32.5104921734225,-16.08444523040783,-54.9402116908601,62.69574120905368,-29.933737166162953,13.583599299606426,21.41321237113019,99.07123687260298,-1.5986435240285566,41.28272173120978,13.2912335011451,13.743240483910249
-0.00878042818233884,-32.216508960907746,31.075597564041857,75.82346104178315,-72.5198543838828,43.238389817561774,5.262862111616002,37.03470081001817,-1.5986435240285566,129.5561008860382,32.458953799789406,29.444936194654886,15.396500928432953
1.4990199195746354,23.359377506726005,4.674225190215113,-15.21656897030809,27.18254411272846,-13.015854147627186,7.492667969553892,5.046284770178401,41.28272173120978,32.458953799789406,83.67493565589082,50.16097469650671,25.44641350700158
0.6733329413729143,-4.246530542480955,1.2617471814257337,9.042363846492984,4.799273927477319,-1.0228872509966462,-0.07621949357824619,12.854816099450643,13.2912335011451,29.444936194654886,50.16097469650671,70.59880830683248,43.61725090705589
0.7322081769238172,0.9842378592885667,-1.321167744565759,-4.574678810032268,-0.018714854130754036,1.6560737866620443,3.431825421791402,3.0354763525426316,13.743240483910249,15.396500928432953,25.44641350700158,43.61725090705589,59.37001651590471
