1.755286737970397,-3.309368267186367,-8.122205246579517,-3.389820860222087,8.026615648414031,-8.081233961447914,2.5258579206128378,1.0154907168766738,-1.4685648402202123,-0.45418933134900913,1.2570009616325135,0.572773170867977,-1.5733141704299038
-3.309368267186367,56.84964725702842,32.91796165967447,-15.362161784599785,23.735705369821748,-9.329954312921911,16.32529725506744,-10.634176298474358,16.719850280980094,-18.791676200701694,15.120429424556614,-18.21809295722158,6.970625480811107
-8.122205246579517,32.91796165967447,94.10067923441386,56.74582277953091,-77.93922039277481,92.99132152578788,-28.80455857469735,0.017897991047431127,16.034852053821357,0.3773620665905066,-24.796313598544756,3.395210480092307,15.191611345031207
-3.389820860222087,-15.362161784599785,56.74582277953091,87.58761703483208,-46.236480698920666,74.94373971100818,-28.49318816069589,20.71040372156392,-2.482691092984113,19.924718126532195,-36.58758747035812,18.995001557534525,-3.4560461187461784
8.026615648414031,23.735705369821748,-77.93922039277481,-46.236480698920666,201.08163487326883,-134.9059897457277,76.6776038498047,11.12688094079722,-5.792533666318673,-12.947694645220261,46.48029437241339,-20.02497518207373,-25.755517465315585
-8.081233961447914,-9.329954312921911,92.99132152578788,74.94373971100818,-134.9059897457277,195.94926023176308,-47.947294987927464,0.5667479112833462,25.83167755429371,12.041897994477686,-38.539569807020186,24.341831143823374,29.765875287214296
2.5258579206128378,16.32529725506744,-28.80455857469735,-28.49318816069589,76.6776038498047,-47.947294987927464,79.2518031398525,27.463545445978884,1.8908979098531593,1.1170164447640598,27.835391934008005,-3.978989857220612,-2.1311549077319105
1.0154907168766738,-10.634176298474358,0.017897991047431127,20.71040372156392,11.12688094079722,0.5667479112833462,27.463545445978884,61.52793401174702,25.23121417220788,17.31768855074068,2.2833899491671317,14.027904485595657,0.1919509444790319
-1.4685648402202123,16.719850280980094,16.034852053821357,-2.482691092984113,-5.792533666318673,25.83167755429371,1.8908979098531593,25.23121417220788,69.82293698894199,23.180290454172727,16.296142843680737,6.421031747950225,17.856981210873666
-0.45418933134900913,-18.791676200701694,0.3773620665905066,19.924718126532195,-12.947694645220261,12.041897994477686,1.1170164447640598,17.31768855074068,23.180290454172727,72.41123067812761,22.76592298831819,24.701451390094064,4.415560388388983
1.2570009616325135,15.120429424556614,-24.796313598544756,-36.58758747035812,46.48029437241339,-38.539569807020186,27.835391934008005,2.2833899491671317,16.296142843680737,22.76592298831819,83.34468860521706,25.346815497323437,16.031715890633237
0.572773170867977,-18.21809295722158,3.395210480092307,18.995001557534525,-20.02497518207373,24.341831143823374,-3.978989857220612,14.027904485595657,6.421031747950225,24.701451390094064,25.346815497323437,70.59268443647647,40.54685947543792
-1.5733141704299038,6.970625480811107,15.191611345031207,-3.4560461187461784,-25.755517465315585,29.765875287214296,-2.1311549077319105,0.1919509444790319,17.856981210873666,4.415560388388983,16.031715890633237,40.54685947543792,63.32450820513375
