3.7318264673938235,-0.07619854732582339,-7.071102598557805,-16.315379672121882,-10.193453503881985,1.4121590353226676,0.48101975573781375,-0.7091647764817723,7.274479232565552,-6.929553356924819,-8.452134114239684,-6.518383278636513,0.5321780367504048
-0.07619854732582339,46.740864217492586,23.298678686575936,-19.772695326193617,-0.5286584162295717,-23.503910128219914,17.595566221893566,4.490499882475689,-2.9847550947617805,-25.24660383388194,-11.988024916201818,-26.565983082049154,-5.3490925700715
-7.071102598557805,23.298678686575936,78.28802819676874,81.55153250407503,-31.236424906481986,54.65858985750898,-25.017920620415623,19.362449118798253,-4.405488459765677,5.292744962700745,8.468533614545562,7.68532741949673,3.338045998835692
-16.315379672121882,-19.772695326193617,81.55153250407503,177.4505477246283,47.741117356225494,62.813992756481014,-36.777236132895844,16.69978315000766,-25.46299064710344,70.11223275426418,61.32362881388901,68.12857609388318,10.110960491222288
-10.193453503881985,-0.5286584162295717,-31.236424906481986,47.741117356225494,225.54379878736916,-97.58460764006763,61.98018781736329,0.27328507541462377,-38.34521910493885,74.358527770483,81.6601637357376,51.745891255230646,5.324014764147971
1.4121590353226676,-23.503910128219914,54.65858985750898,62.813992756481014,-97.58460764006763,186.62234290053675,-21.266607211567816,46.32367659580436,64.8869292416619,12.971038222934187,7.199855484457016,22.083632551875155,31.277469706378888
0.48101975573781375,17.595566221893566,-25.017920620415623,-36.777236132895844,61.98018781736329,-21.266607211567816,99.41196760512493,47.104342207404706,30.00706207394759,26.37105189563535,8.482062037988706,-9.23938903277505,2.1943928299678768
-0.7091647764817723,4.490499882475689,19.362449118798253,16.69978315000766,0.27328507541462377,46.32367659580436,47.104342207404706,82.08587771429204,59.61831233862133,31.23092580613586,13.749244054024368,-4.1368494780731035,8.183763412836973
7.274479232565552,-2.9847550947617805,-4.405488459765677,-25.46299064710344,-38.34521910493885,64.8869292416619,30.00706207394759,59.61831233862133,105.18545036171949,21.19794007668088,-1.7557004443140989,-13.42649482153099,15.30479573911148
-6.929553356924819,-25.24660383388194,5.292744962700745,70.11223275426418,74.358527770483,12.971038222934187,26.37105189563535,31.23092580613586,21.19794007668088,110.51868599560503,69.98343227710183,56.53891426723488,16.901738202109996
-8.452134114239684,-11.988024916201818,8.468533614545562,61.32362881388901,81.6601637357376,7.199855484457016,8.482062037988706,13.749244054024368,-1.7557004443140989,69.98343227710183,109.28663372239814,82.8459344769374,34.345925402756215
-6.518383278636513,-26.565983082049154,7.68532741949673,68.12857609388318,51.745891255230646,22.083632551875155,-9.23938903277505,-4.1368494780731035,-13.42649482153099,56.53891426723488,82.8459344769374,109.27436316825994,48.90638007783012
0.5321780367504048,-5.3490925700715,3.338045998835692,10.110960491222288,5.324014764147971,31.277469706378888,2.1943928299678768,8.183763412836973,15.30479573911148,16.901738202109996,34.345925402756215,48.90638007783012,56.09162501352329
