1.411321172742992,-1.4716391707002474,-6.18354424984588,-9.819302171936089,-2.7039359894042083,-2.5382944926181388,-1.1602848763727374,-4.373244678081438,1.4342923745132932,-2.2465940883830138,1.3162718721310962,0.0368517570593846,1.332655560078965
-1.4716391707002474,50.78157460539199,7.5170689846771515,-23.884786374378066,58.299075412867424,-47.57837880000451,35.07778819099123,-0.8597128851464525,11.542012531169629,-14.29850509347123,26.009611484551254,-20.273972153232144,-4.275741425562515
-6.18354424984588,7.5170689846771515,68.60909252717914,75.80293794122701,-47.926231935750195,57.709265525335844,-3.191868557418306,34.13859484713058,-3.446285892200624,26.3932120718747,-26.291714132241662,1.7962349971251617,-2.9001434609805066
-9.819302171936089,-23.884786374378066,75.80293794122701,141.98235876865695,-32.64244841790674,73.77497031801433,-16.734779581182902,57.54016803680917,-16.686035052952015,42.521974505863064,-40.010580639109754,20.137447334163948,-7.869439548819251
-2.7039359894042083,58.299075412867424,-47.926231935750195,-32.64244841790674,239.54236170488363,-131.13752591983348,62.59098836683602,-4.776179377975132,12.078850367854956,-34.97811269672066,76.72750087280397,-14.869163885336501,-13.261255663659254
-2.5382944926181388,-47.57837880000451,57.709265525335844,73.77497031801433,-131.13752591983348,195.85389401633915,-33.0306845339119,3.456475330670022,-1.9231293314615843,51.25121820376094,-46.69261764393114,27.571523173532448,17.975963313004517
-1.1602848763727374,35.07778819099123,-3.191868557418306,-16.734779581182902,62.59098836683602,-33.0306845339119,84.25527269767828,33.76586655000306,4.445236159193892,-9.602575928508331,30.84978324103678,-6.92531914225083,0.06717850357914487
-4.373244678081438,-0.8597128851464525,34.13859484713058,57.54016803680917,-4.776179377975132,3.456475330670022,33.76586655000306,94.9474330157788,21.422169818708536,15.40313406033863,-7.92684515159444,8.958847026563042,-2.0122991365963503
1.4342923745132932,11.542012531169629,-3.446285892200624,-16.686035052952015,12.078850367854956,-1.9231293314615843,4.445236159193892,21.422169818708536,73.5731382765097,36.09529890236867,22.5762173348346,0.7265317663419049,9.778669108001488
-2.2465940883830138,-14.29850509347123,26.3932120718747,42.521974505863064,-34.97811269672066,51.25121820376094,-9.602575928508331,15.40313406033863,36.09529890236867,98.83975576130119,24.0164206405495,22.032005690955838,6.277656763552235
1.3162718721310962,26.009611484551254,-26.291714132241662,-40.010580639109754,76.72750087280397,-46.69261764393114,30.84978324103678,-7.92684515159444,22.5762173348346,24.0164206405495,111.21670019721455,36.37083596843862,9.958506811924636
0.0368517570593846,-20.273972153232144,1.7962349971251617,20.137447334163948,-14.869163885336501,27.571523173532448,-6.92531914225083,8.958847026563042,0.7265317663419049,22.032005690955838,36.37083596843862,81.7068526634986,35.733672655659255
1.332655560078965,-4.275741425562515,-2.9001434609805066,-7.869439548819251,-13.261255663659254,17.975963313004517,0.06717850357914487,-2.0122991365963503,9.778669108001488,6.277656763552235,9.958506811924636,35.733672655659255,57.62270497974806
