3.634735484888207,1.727365158832385,-4.556881121249717,-18.289115633985467,-21.880187177224872,-4.553376154955974,2.896371016016174,-3.2878567642550216,0.2566994477731549,4.92036800503271,3.2015136621124367,-2.568304422221749,1.9436409274631548
1.727365158832385,55.51554876639854,5.581422865168545,-45.39374210301849,51.174349884432104,-50.14938007706027,8.203838807706257,-8.304352006697457,31.50392949474674,-47.82766901167469,22.300862886930204,-11.444556490226892,-9.061357037059672
-4.556881121249717,5.581422865168545,46.13029886219581,72.17085502503046,3.1628566902990505,19.524287471922218,-21.153952307079702,12.894971606131127,-19.74914036351868,-2.0386843032851485,-33.77482946022046,2.871976921217897,2.4137164895115135
-18.289115633985467,-45.39374210301849,72.17085502503046,211.00027482164978,51.8032112589122,75.64037116214399,-39.91430066885286,36.38343334066574,-57.13467565291483,16.577116212337618,-74.83693817607097,24.59207123782444,3.54526660506714
-21.880187177224872,51.174349884432104,3.1628566902990505,51.8032112589122,317.29285411092053,-39.28398080250451,12.865538947532718,16.419006207320876,68.98911437404469,-117.87175410903929,41.307611761915716,20.282265941624722,-34.32673221595411
-4.553376154955974,-50.14938007706027,19.524287471922218,75.64037116214399,-39.28398080250451,116.88499102041976,13.905760067636713,25.02220184913524,-16.725965872737987,81.10648342579454,-15.20737674015962,14.288908814309254,21.77663232423422
2.896371016016174,8.203838807706257,-21.153952307079702,-39.91430066885286,12.865538947532718,13.905760067636713,70.04146130582296,32.20285672174497,38.78711327495608,21.658131840867377,42.16216153199948,10.312508148837797,8.922710800671602
-3.2878567642550216,-8.304352006697457,12.894971606131127,36.38343334066574,16.419006207320876,25.02220184913524,32.20285672174497,70.04353441191282,28.15668490730567,13.284651252028198,6.8886149992688415,30.148253696472125,9.518738780073983
0.2566994477731549,31.50392949474674,-19.74914036351868,-57.13467565291483,68.98911437404469,-16.725965872737987,38.78711327495608,28.15668490730567,92.01879656760781,5.257976566593945,62.3851650946779,14.972489199103105,9.682613376505548
4.92036800503271,-47.82766901167469,-2.0386843032851485,16.577116212337618,-117.87175410903929,81.10648342579454,21.658131840867377,13.284651252028198,5.257976566593945,152.8286010648452,29.21187176696873,21.778946389643433,40.855998032917405
3.2015136621124367,22.300862886930204,-33.77482946022046,-74.83693817607097,41.307611761915716,-15.20737674015962,42.16216153199948,6.8886149992688415,62.3851650946779,29.21187176696873,112.30567767360566,38.55541436923132,17.321419959838952
-2.568304422221749,-11.444556490226892,2.871976921217897,24.59207123782444,20.282265941624722,14.288908814309254,10.312508148837797,30.148253696472125,14.972489199103105,21.778946389643433,38.55541436923132,71.07266371005312,38.67144620658421
1.9436409274631548,-9.061357037059672,2.4137164895115135,3.54526660506714,-34.32673221595411,21.77663232423422,8.922710800671602,9.518738780073983,9.682613376505548,40.855998032917405,17.321419959838952,38.67144620658421,63.45005887998659
