0.9347673161147988,-1.7303280559380907,-1.3749139030237507,0.13802485573870968,1.30452662627385,0.04043879286679605,-1.7101681275657994,-2.2545875080233957,-0.22163325085406954,0.02608740667776156,0.18192374607204917,-0.9131758142845985,-1.5407682042261839
-1.7303280559380907,72.58047435246178,25.5625007381256,-43.21913008678748,-13.136341484588575,-56.37742025857096,8.528912321716179,-14.513681290944879,-11.286538607779804,-9.120008047693691,-0.823188537114912,-8.56113302913059,2.206157232685526
-1.3749139030237507,25.5625007381256,36.83253868549015,12.099403290002162,-45.52964471872841,11.404172210602,-27.408986278975952,1.062960487067914,0.11379368960300403,-8.723727876290415,-0.8649636099711927,-5.291008048832578,2.521495578433164
0.13802485573870968,-43.21913008678748,12.099403290002162,76.23095916390645,23.334727404264186,48.74575651826188,-14.6221296147717,13.986178595987807,12.582241184091677,13.475967203352031,-1.7379087990250586,5.602207390474601,-8.921148957912044
1.30452662627385,-13.136341484588575,-45.52964471872841,23.334727404264186,225.57572832437788,-64.07430253792606,93.92406314240786,6.501980000939908,0.13694277230454463,46.61380936639494,8.807552420599668,7.538788088267864,-20.72259160297259
0.04043879286679605,-56.37742025857096,11.404172210602,48.74575651826188,-64.07430253792606,183.01616157966046,-44.31819642053155,27.787189322151857,56.67439478414563,-22.79754586481018,27.972202991989906,7.420584961641818,25.503026983116868
-1.7101681275657994,8.528912321716179,-27.408986278975952,-14.6221296147717,93.92406314240786,-44.31819642053155,123.7251242645654,41.10634185541261,-7.43336766134746,43.72232164669193,-3.8620671339166095,23.725602489822272,2.2743480590449336
-2.2545875080233957,-14.513681290944879,1.062960487067914,13.986178595987807,6.501980000939908,27.787189322151857,41.10634185541261,67.93276520467589,24.589763942555894,22.191494594910655,14.243926832016824,15.516989016526797,18.7069131269335
-0.22163325085406954,-11.286538607779804,0.11379368960300403,12.582241184091677,0.13694277230454463,56.67439478414563,-7.43336766134746,24.589763942555894,74.49090866206315,13.600596328305938,30.41195012569425,14.76139942791487,20.790559775134597
0.02608740667776156,-9.120008047693691,-8.723727876290415,13.475967203352031,46.61380936639494,-22.79754586481018,43.72232164669193,22.191494594910655,13.600596328305938,74.22589647609499,23.013352705523747,28.110848407712957,7.532045433480016
0.18192374607204917,-0.823188537114912,-0.8649636099711927,-1.7379087990250586,8.807552420599668,27.972202991989906,-3.8620671339166095,14.243926832016824,30.41195012569425,23.013352705523747,67.83938207494526,30.41723611635387,25.380223025838138
-0.9131758142845985,-8.56113302913059,-5.291008048832578,5.602207390474601,7.538788088267864,7.420584961641818,23.725602489822272,15.516989016526797,14.76139942791487,28.110848407712957,30.41723611635387,56.75606199592575,33.42972518751211
-1.5407682042261839,2.206157232685526,2.521495578433164,-8.921148957912044,-20.72259160297259,25.503026983116868,2.2743480590449336,18.7069131269335,20.790559775134597,7.532045433480016,25.380223025838138,33.42972518751211,57.014073529339846
