2.2035305337962288,1.2506870232830452,-5.089817914929381,-12.478101508295863,-5.080413657818684,-8.281484170752531,-1.6008314076827084,-5.004379262224819,1.424804824151522,-3.1128977227575088,2.0030808659083346,-0.2695807784879166,1.566297128019046
1.2506870232830452,70.22198579161189,10.289795491229802,-68.86138293062992,48.17611524671432,-41.74547693062087,9.643885757326416,-20.353677263626803,48.98247039812663,-54.721179711844826,36.26354181839815,-13.799332893818777,12.652987180586774
-5.089817914929381,10.289795491229802,63.72384709241465,68.49216795422603,-56.029041332654415,34.789272439983726,2.885644111377506,19.982768680582048,-24.121725555535004,40.285960598492,-13.126702898922625,-4.206264869568737,10.900806810467554
-12.478101508295863,-68.86138293062992,68.49216795422603,199.3682342749999,-58.11600487334156,106.93145276134491,-3.835845214110799,61.59872132417406,-76.45987172940985,105.82978877906378,-55.62195474435592,15.033064640530293,-13.928607943844783
-5.080413657818684,48.17611524671432,-56.029041332654415,-58.11600487334156,274.45757838565544,-23.115954015548144,15.688067088936638,-6.285137918638303,98.46780133579186,-115.8593272190484,53.41432309973591,5.365757007204409,-27.701716899574407
-8.281484170752531,-41.74547693062087,34.789272439983726,106.93145276134491,-23.115954015548144,134.12571032963308,41.56753987894625,41.282675143141226,-51.101128331177016,64.96209615508118,-36.37224501179354,3.876810500511976,4.61505970473943
-1.6008314076827084,9.643885757326416,2.885644111377506,-3.835845214110799,15.688067088936638,41.56753987894625,59.880410145615755,28.534207167527093,8.91013410998154,-0.7427531287066284,5.851576097308981,-0.2757990014098431,11.46784655374079
-5.004379262224819,-20.353677263626803,19.982768680582048,61.59872132417406,-6.285137918638303,41.282675143141226,28.534207167527093,75.33425881110787,17.376729722919357,41.277898631814594,-6.745007947709735,16.342042980807726,1.956165667575866
1.424804824151522,48.98247039812663,-24.121725555535004,-76.45987172940985,98.46780133579186,-51.101128331177016,8.91013410998154,17.376729722919357,120.19958423821143,-26.36533311394286,60.02553946232037,9.995192539464838,11.135233477968876
-3.1128977227575088,-54.721179711844826,40.285960598492,105.82978877906378,-115.8593272190484,64.96209615508118,-0.7427531287066284,41.277898631814594,-26.36533311394286,153.31741861962067,-1.9350218248601279,27.560860219411502,15.703038353115737
2.0030808659083346,36.26354181839815,-13.126702898922625,-55.62195474435592,53.41432309973591,-36.37224501179354,5.851576097308981,-6.745007947709735,60.02553946232037,-1.9350218248601279,86.0066880418763,30.14530091473321,20.161679113236563
-0.2695807784879166,-13.799332893818777,-4.206264869568737,15.033064640530293,5.365757007204409,3.876810500511976,-0.2757990014098431,16.342042980807726,9.995192539464838,27.560860219411502,30.14530091473321,51.39698430336506,25.803605748572565
1.566297128019046,12.652987180586774,10.900806810467554,-13.928607943844783,-27.701716899574407,4.61505970473943,11.46784655374079,1.956165667575866,11.135233477968876,15.703038353115737,20.161679113236563,25.803605748572565,57.299703925277655
