1.406570706761668,-0.0006491872871278889,-1.6681261618718166,-3.2582705447934632,-3.114867679974084,-4.9839186919394285,-2.5155304075643494,-2.7865993108454057,-1.0163389997980459,-0.8234958017366609,-1.1724907909169435,-2.5144509742122487,-2.7224510980322725
-0.0006491872871278889,74.1301185336442,24.95498472107686,-47.03357862516797,6.128571787882804,-64.34664731650186,-4.937772499684057,-1.7451802474590714,23.21465778553385,-35.34667889968792,13.946748012468243,-18.573806908517227,-11.630419820114817
-1.6681261618718166,24.95498472107686,46.0340844275034,22.747581115858765,-61.56102505230807,6.53336053009464,-20.370580933748915,13.177097101509805,-9.15694077723131,15.336471996524054,-21.434776120741905,-7.507182806051592,2.363800809086423
-3.2582705447934632,-47.03357862516797,22.747581115858765,88.8106743600328,-32.38464539085673,70.17195531715929,-2.8224535655720917,15.206783300726672,-29.68660086882679,49.546738029310994,-25.300019386322585,13.763344755737148,15.548247585294092
-3.114867679974084,6.128571787882804,-61.56102505230807,-32.38464539085673,262.40827218266855,-22.80559744896986,56.92298754260772,-11.814902855614939,62.24324055182758,-73.64325511164351,82.82676601907521,27.362005840979165,-3.3702063633021635
-4.9839186919394285,-64.34664731650186,6.53336053009464,70.17195531715929,-22.80559744896986,144.38448360464207,23.037559715289643,19.9162803540159,-22.94983792479767,58.42780526254085,-15.98540649525046,21.27259682228186,31.568036370175022
-2.5155304075643494,-4.937772499684057,-20.370580933748915,-2.8224535655720917,56.92298754260772,23.037559715289643,63.75842260283632,26.83706625610578,21.656594267415464,3.870889661256872,25.16838639304042,19.712298846141863,15.908100829349532
-2.7865993108454057,-1.7451802474590714,13.177097101509805,15.206783300726672,-11.814902855614939,19.9162803540159,26.83706625610578,64.87874114162607,30.902229416779296,19.32635184871479,11.514173375192431,25.18530728349276,17.66054622688262
-1.0163389997980459,23.21465778553385,-9.15694077723131,-29.68660086882679,62.24324055182758,-22.94983792479767,21.656594267415464,30.902229416779296,77.1540616173467,-2.549071444557628,43.351758578794254,16.117480670536708,14.049696946485296
-0.8234958017366609,-35.34667889968792,15.336471996524054,49.546738029310994,-73.64325511164351,58.42780526254085,3.870889661256872,19.32635184871479,-2.549071444557628,101.8524097878062,-1.0112211652103151,17.318040032508364,25.840104462343092
-1.1724907909169435,13.946748012468243,-21.434776120741905,-25.300019386322585,82.82676601907521,-15.98540649525046,25.16838639304042,11.514173375192431,43.351758578794254,-1.0112211652103151,84.7281111743104,36.14849191697164,17.022335955443115
-2.5144509742122487,-18.573806908517227,-7.507182806051592,13.763344755737148,27.362005840979165,21.27259682228186,19.712298846141863,25.18530728349276,16.117480670536708,17.318040032508364,36.14849191697164,66.46037276622005,40.794861241468986
-2.7224510980322725,-11.630419820114817,2.363800809086423,15.548247585294092,-3.3702063633021635,31.568036370175022,15.908100829349532,17.66054622688262,14.049696946485296,25.840104462343092,17.022335955443115,40.794861241468986,59.78530387739377
