1.8487265185507584,1.498342120747672,0.008385564308729164,-6.9900168972053045,-10.505349106808398,-1.2525947275198637,-0.24639929779735267,-2.0649351583877977,-2.094678789898774,-3.640070372676943,-1.0635536362254852,1.6540025566114909,4.967082477863708
1.498342120747672,58.4842721766623,12.478637706270732,-42.78143806669229,21.76135869888326,-43.81924350773652,32.69661244218465,-2.1803591648196683,2.204872016071255,-30.04467274961501,-0.11683694339927563,-17.825758977157918,11.658965749322041
0.008385564308729164,12.478637706270732,54.4603726063512,36.30374654520294,-76.51647115758767,34.22277379269292,-44.0786812412703,-11.654574218585742,-23.50356283774317,-12.430542440431717,-17.790812895923374,-3.0678273660889537,8.809340038889196
-6.9900168972053045,-42.78143806669229,36.30374654520294,116.22447095209397,-2.1885905521009215,44.36161723187848,-54.47584780437113,-6.174153854047557,-32.31940358976558,37.98062269018155,-8.81688351391023,10.971988775394555,-29.86750430903746
-10.505349106808398,21.76135869888326,-76.51647115758767,-2.1885905521009215,322.7247261349728,-113.4230051737302,134.5421932806195,35.241712715927704,22.394329573568413,33.93078879582559,42.73797319419817,-14.13547422014091,-51.120796445814186
-1.2525947275198637,-43.81924350773652,34.22277379269292,44.36161723187848,-113.4230051737302,214.26394785441454,-46.08118738191859,32.05507479006967,61.81887285129042,-32.699477623095014,-28.016175610466316,14.694798216796041,33.51186639852229
-0.24639929779735267,32.69661244218465,-44.0786812412703,-54.47584780437113,134.5421932806195,-46.08118738191859,160.3520528687455,62.734983866937206,31.0685847491099,0.4094200798136699,13.36799151042429,3.05899669679922,6.833063301226922
-2.0649351583877977,-2.1803591648196683,-11.654574218585742,-6.174153854047557,35.241712715927704,32.05507479006967,62.734983866937206,86.15857440233604,63.84907108802391,4.780180069144761,10.524844079328181,12.19289240306806,12.610747818008766
-2.094678789898774,2.204872016071255,-23.50356283774317,-32.31940358976558,22.394329573568413,61.81887285129042,31.0685847491099,63.84907108802391,133.28429078458674,13.693847353233954,28.602938896042307,13.4970782997877,22.15970539596458
-3.640070372676943,-30.04467274961501,-12.430542440431717,37.98062269018155,33.93078879582559,-32.699477623095014,0.4094200798136699,4.780180069144761,13.693847353233954,137.2915284305405,73.4865199018249,36.945398367967066,-16.775534898258833
-1.0635536362254852,-0.11683694339927563,-17.790812895923374,-8.81688351391023,42.73797319419817,-28.016175610466316,13.36799151042429,10.524844079328181,28.602938896042307,73.4865199018249,106.18130477918318,45.796004066234495,11.46823645328749
1.6540025566114909,-17.825758977157918,-3.0678273660889537,10.971988775394555,-14.13547422014091,14.694798216796041,3.05899669679922,12.19289240306806,13.4970782997877,36.945398367967066,45.796004066234495,83.75898790302907,54.03409104013287
4.967082477863708,11.658965749322041,8.809340038889196,-29.86750430903746,-51.120796445814186,33.51186639852229,6.833063301226922,12.610747818008766,22.15970539596458,-16.775534898258833,11.46823645328749,54.03409104013287,99.73744382584682
