1.1573535471236864,1.9100010642288618,0.4372952143142869,-3.7839302584399688,-7.400875157405784,-4.451158269948946,-1.745601472239331,-0.4533878920513107,-0.7120487926290205,-0.6571641982462286,-1.725536515677341,-1.8694014015334575,-1.643587395666685
1.9100010642288618,74.9290811226057,21.134357535835587,-58.01666604648703,-2.3678065439931792,-56.3544938560398,7.743660751280415,-1.9427640335384795,18.59848017409858,-42.001439819272846,1.9752463081833276,-24.318361120494526,-10.348464869416146
0.4372952143142869,21.134357535835587,44.89818811765625,21.32473347337426,-63.74210510899711,24.94385441272525,-11.109236423954595,11.02984352427176,-15.4864048696992,11.248101725740039,-30.140775880212917,-12.58938576417991,4.421334260797995
-3.7839302584399688,-58.01666604648703,21.32473347337426,112.2161237467522,9.718185480264875,87.72591185250933,1.760953615293523,14.901718388255455,-25.013874912874638,53.019391662006626,-13.998452595613934,18.107863734480237,14.34966512566384
-7.400875157405784,-2.3678065439931792,-63.74210510899711,9.718185480264875,351.8857280983574,-26.804120325300143,62.365052110220574,-3.7470281478101133,81.55655316955944,-65.87038577413418,110.89481012701071,42.405006401024195,-12.901286022338121
-4.451158269948946,-56.3544938560398,24.94385441272525,87.72591185250933,-26.804120325300143,162.07687216301127,12.938419303973516,11.175088524378419,-34.30553290292241,63.71132986884135,-18.05817750108834,12.429703353199193,24.81866850300602
-1.745601472239331,7.743660751280415,-11.109236423954595,1.760953615293523,62.365052110220574,12.938419303973516,61.051344619523114,19.852591964461205,15.734042132182335,-1.7723765879244178,23.525901140306804,6.088308019817987,-0.36901860551764093
-0.4533878920513107,-1.9427640335384795,11.02984352427176,14.901718388255455,-3.7470281478101133,11.175088524378419,19.852591964461205,53.63106750337124,24.235264283251286,11.540095783419728,7.172103871936646,11.949396827996637,1.021218960719452
-0.7120487926290205,18.59848017409858,-15.4864048696992,-25.013874912874638,81.55655316955944,-34.30553290292241,15.734042132182335,24.235264283251286,77.25534148827623,-8.604376833976179,42.50580314448106,16.232431521838787,8.041025746055963
-0.6571641982462286,-42.001439819272846,11.248101725740039,53.019391662006626,-65.87038577413418,63.71132986884135,-1.7723765879244178,11.540095783419728,-8.604376833976179,99.93676424535607,1.6729007069553636,25.260798997600666,30.87170375247554
-1.725536515677341,1.9752463081833276,-30.140775880212917,-13.998452595613934,110.89481012701071,-18.05817750108834,23.525901140306804,7.172103871936646,42.50580314448106,1.6729007069553636,99.88329221974051,54.19841947225594,21.303873264164004
-1.8694014015334575,-24.318361120494526,-12.58938576417991,18.107863734480237,42.405006401024195,12.429703353199193,6.088308019817987,11.949396827996637,16.232431521838787,25.260798997600666,54.19841947225594,76.045736324071,45.42892778251286
-1.643587395666685,-10.348464869416146,4.421334260797995,14.34966512566384,-12.901286022338121,24.81866850300602,-0.36901860551764093,1.021218960719452,8.041025746055963,30.87170375247554,21.303873264164004,45.42892778251286,69.2150003954623
