1.4000143000347067,1.4124036274729526,0.6206374090097535,-1.3202072431426797,-3.0545139442691425,-5.094282184281881,-1.7876572695911237,-0.6989879436856747,-0.5501826738475377,-1.3730066743235587,-1.7415323164700085,-1.8717945139583612,-2.446251145153082
1.4124036274729526,61.20458517414439,26.053293768598067,-37.12043484085047,-7.991040285448498,-42.1876020925928,-2.6251624672724145,-1.1359151837962072,9.417789169568804,-39.46789372410769,-0.2504289396864598,-16.39698145003804,-4.825921421814082
0.6206374090097535,26.053293768598067,56.76251297415572,33.687917623156956,-75.15956744750282,26.36978207952825,-10.672574777160015,12.599745762254974,-24.60712989582306,18.74777739271752,-29.266774703958237,-2.2329372142724346,11.839720713363247
-1.3202072431426797,-37.12043484085047,33.687917623156956,97.11532101778515,-28.775555878034872,81.942810822144,7.3592607824638385,18.62708349868923,-30.51109278863242,64.35713812589802,-17.556957240456768,15.360191940251559,16.906333072722887
-3.0545139442691425,-7.991040285448498,-75.15956744750282,-28.775555878034872,288.6848694022934,-13.175623839065501,51.13770462003413,2.205079943549302,91.85853143875968,-60.06675823115711,94.84533557064614,11.519951487854984,-21.122350384566335
-5.094282184281881,-42.1876020925928,26.36978207952825,81.942810822144,-13.175623839065501,152.59633751771844,35.164077139931656,27.772029801800624,-12.860428151840043,77.42442458668715,-13.480661139435522,13.368405498031235,27.159160286172774
-1.7876572695911237,-2.6251624672724145,-10.672574777160015,7.3592607824638385,51.13770462003413,35.164077139931656,63.72971400456285,39.47142747423499,30.817661217055168,11.487407629116635,17.53202795888235,1.8766775009912124,4.956498846660865
-0.6989879436856747,-1.1359151837962072,12.599745762254974,18.62708349868923,2.205079943549302,27.772029801800624,39.47142747423499,72.38736865719596,41.25071793074747,24.042169807200864,12.088714070344407,15.088650066504616,11.32084129864244
-0.5501826738475377,9.417789169568804,-24.60712989582306,-30.51109278863242,91.85853143875968,-12.860428151840043,30.817661217055168,41.25071793074747,97.90647107604208,3.2373248387522753,49.3424269378997,10.889536919546028,7.530581875779803
-1.3730066743235587,-39.46789372410769,18.74777739271752,64.35713812589802,-60.06675823115711,77.42442458668715,11.487407629116635,24.042169807200864,3.2373248387522753,122.35975734314103,14.999562838871865,32.64099716000486,34.14853941160258
-1.7415323164700085,-0.2504289396864598,-29.266774703958237,-17.556957240456768,94.84533557064614,-13.480661139435522,17.53202795888235,12.088714070344407,49.3424269378997,14.999562838871865,107.97403075299037,57.01874602911382,22.14695973073974
-1.8717945139583612,-16.39698145003804,-2.2329372142724346,15.360191940251559,11.519951487854984,13.368405498031235,1.8766775009912124,15.088650066504616,10.889536919546028,32.64099716000486,57.01874602911382,82.7558523806113,53.04080218444463
-2.446251145153082,-4.825921421814082,11.839720713363247,16.906333072722887,-21.122350384566335,27.159160286172774,4.956498846660865,11.32084129864244,7.530581875779803,34.14853941160258,22.14695973073974,53.04080218444463,75.78126469238367
