1.1020980572885262,0.3063831052226886,-1.6248570732416259,-6.2676834590309305,-5.46399337694612,-3.1001311224787784,-1.7454525969058172,-5.937544391884868,-3.0208970959509136,-2.5125863727148428,0.8032711173111305,-1.5431709827776183,-1.4837873326274038
0.3063831052226886,63.383745942754985,8.190988815396663,-48.17257884585202,36.94118449637095,-53.20306612926557,30.525273691984097,-12.053497922226283,3.37240359850578,-34.540521505147474,36.46925193375363,-26.44599366991911,-0.20115268713964993
-1.6248570732416259,8.190988815396663,54.62014931994363,58.12770680879852,-63.49879277442409,18.28187945854005,-27.387826241596795,13.776599194968545,-23.3050104509447,34.93597110242461,-8.602830953650626,23.58080367742459,12.081445249384013
-6.2676834590309305,-48.17257884585202,58.12770680879852,152.8909401222863,-37.61049180695384,66.41551693871813,-54.74602190134975,51.708430308236295,-10.267229678078952,79.39518276327286,-38.51691161498713,61.483925166049865,18.249324226460747
-5.46399337694612,36.94118449637095,-63.49879277442409,-37.61049180695384,289.80584511800254,-24.041097218276278,101.33318509919704,18.997795253891347,72.12270756870593,-75.56275409165245,53.51540740439183,-33.012044735270166,-2.9328671233124055
-3.1001311224787784,-53.20306612926557,18.28187945854005,66.41551693871813,-24.041097218276278,199.41816799150445,71.67044269322639,56.85438410491635,-1.4853064940239527,30.97836367750559,-55.96438420553301,14.295136067747206,26.729362468581595
-1.7454525969058172,30.525273691984097,-27.387826241596795,-54.74602190134975,101.33318509919704,71.67044269322639,167.98427942694371,69.61764713866981,40.92732451907693,-54.78461809997735,-0.6860323824319564,-55.470413606074665,-3.2436777349094754
-5.937544391884868,-12.053497922226283,13.776599194968545,51.708430308236295,18.997795253891347,56.85438410491635,69.61764713866981,140.3680389170294,75.89633874564882,29.484463451071722,-42.241771315078246,-4.604795215592659,1.1081480660397178
-3.0208970959509136,3.37240359850578,-23.3050104509447,-10.267229678078952,72.12270756870593,-1.4853064940239527,40.92732451907693,75.89633874564882,114.0636177605844,28.979047808142226,9.605197727315133,-3.0421430355543984,4.228884048253058
-2.5125863727148428,-34.540521505147474,34.93597110242461,79.39518276327286,-75.56275409165245,30.97836367750559,-54.78461809997735,29.484463451071722,28.979047808142226,132.45000104604955,27.682320786285857,69.25251833379176,26.265277411525023
0.8032711173111305,36.46925193375363,-8.602830953650626,-38.51691161498713,53.51540740439183,-55.96438420553301,-0.6860323824319564,-42.241771315078246,9.605197727315133,27.682320786285857,131.14364484679342,45.02615457850487,22.801553430734746
-1.5431709827776183,-26.44599366991911,23.58080367742459,61.483925166049865,-33.012044735270166,14.295136067747206,-55.470413606074665,-4.604795215592659,-3.0421430355543984,69.25251833379176,45.02615457850487,110.08229418991543,60.343955724677734
-1.4837873326274038,-0.20115268713964993,12.081445249384013,18.249324226460747,-2.9328671233124055,26.729362468581595,-3.2436777349094754,1.1081480660397178,4.228884048253058,26.265277411525023,22.801553430734746,60.343955724677734,80.32973389986732
