1.559652256673076,1.7059828040286455,-0.92313277176803,-8.21954957505892,-7.142660148671984,-0.2952127848903609,7.61682808450138,0.0022257959333097433,-1.4970943354304593,-3.092344506373033,1.7875476198332518,0.12065584863995334,3.4217221310828907
1.7059828040286455,65.33080743454471,7.8989705139810065,-70.3778653009339,46.48412333359674,-23.151098783064437,19.710586548422775,-24.05564198809634,45.36142748195872,-52.300952938096415,34.92862439127752,-13.74888581811898,22.250829842443913
-0.92313277176803,7.8989705139810065,21.154879088147684,26.165702391656193,0.16798619364455217,2.9830260593006828,-7.517097472527238,8.315024834944726,1.5224825195250673,10.957369333989543,-2.011562985736303,-1.0903950638049134,-4.881944624881315
-8.21954957505892,-70.3778653009339,26.165702391656193,163.6373035164052,-8.444760460480147,38.24160813172678,-64.29659754456851,40.20952344580538,-42.97841060145863,90.34486831214696,-50.88297355041655,12.785614440998671,-48.372317701086864
-7.142660148671984,46.48412333359674,0.16798619364455217,-8.444760460480147,153.54414989060754,4.867888806308178,-25.5702396412827,-29.01524997221494,60.087239255110035,-45.40356905905576,23.281532217482397,-11.979471514137796,-1.0782118537416063
-0.2952127848903609,-23.151098783064437,2.9830260593006828,38.24160813172678,4.867888806308178,49.715311543163445,18.726948513239954,16.752902362554252,-16.782226169797653,23.582808885387276,-7.495567265454577,7.0404948587754275,-1.7183133332445277
7.61682808450138,19.710586548422775,-7.517097472527238,-64.29659754456851,-25.5702396412827,18.726948513239954,91.28188629093997,19.738221988557086,3.732743523206243,-32.18569226524569,24.583624273180785,10.78407712193838,37.102381048441664
0.0022257959333097433,-24.05564198809634,8.315024834944726,40.20952344580538,-29.01524997221494,16.752902362554252,19.738221988557086,59.81008673322607,4.117972138663528,32.303159125383885,-6.51452296818043,21.935975334663265,4.269878243921792
-1.4970943354304593,45.36142748195872,1.5224825195250673,-42.97841060145863,60.087239255110035,-16.782226169797653,3.732743523206243,4.117972138663528,80.22086324031481,-7.662893444163725,38.96438498983064,0.16444792004331352,24.300368701718913
-3.092344506373033,-52.300952938096415,10.957369333989543,90.34486831214696,-45.40356905905576,23.582808885387276,-32.18569226524569,32.303159125383885,-7.662893444163725,117.91273459647448,-1.0335321131827904,22.47289501453879,-13.893157249083767
1.7875476198332518,34.92862439127752,-2.011562985736303,-50.88297355041655,23.281532217482397,-7.495567265454577,24.583624273180785,-6.51452296818043,38.96438498983064,-1.0335321131827904,72.68560598214336,29.74321990647149,40.635267064180155
0.12065584863995334,-13.74888581811898,-1.0903950638049134,12.785614440998671,-11.979471514137796,7.0404948587754275,10.78407712193838,21.935975334663265,0.16444792004331352,22.47289501453879,29.74321990647149,58.125253367031576,36.73441353051646
3.4217221310828907,22.250829842443913,-4.881944624881315,-48.372317701086864,-1.0782118537416063,-1.7183133332445277,37.102381048441664,4.269878243921792,24.300368701718913,-13.893157249083767,40.635267064180155,36.73441353051646,63.936640691021914
