3.229829448733098,3.9345370046173747,2.943041554227509,-4.310266231529827,-7.38957101364934,-6.915473781647537,-8.58201785840595,-9.311581630735892,-2.9047626431749465,-5.8414676812469795,-5.9427148235235085,1.1721705750778062,2.0747127806271313
3.9345370046173747,55.25767582680447,14.076308433933889,-32.595660794269826,44.53302675510719,-48.8082999804768,-5.053663989718643,-22.10518640648643,17.019442785195515,-41.9644076984236,18.35356506168087,-9.92799028298523,12.68266430435257
2.943041554227509,14.076308433933889,50.49294279950219,55.21642905796947,-35.04564640867579,5.409868962868346,-26.714211216820452,0.8148066637574284,-25.81089322298652,10.804606439713288,-17.23143914340746,12.813958650346196,7.224570061307317
-4.310266231529827,-32.595660794269826,55.21642905796947,124.86021609697612,-54.153260860295255,63.01595701409087,-14.311232102494284,38.04026399808875,-47.022139731433086,57.20818949417734,-27.594985654507077,22.63680637356849,-8.19321458949819
-7.38957101364934,44.53302675510719,-35.04564640867579,-54.153260860295255,178.76385401904383,-11.904855988722812,60.20529051465232,8.078014104356836,66.19217212120664,-49.72346364588187,59.80991815968408,-27.466465377880056,-1.2076357214653
-6.915473781647537,-48.8082999804768,5.409868962868346,63.01595701409087,-11.904855988722812,104.66608607972898,37.137084206105314,44.984063703595396,-2.2277062781579944,59.09838690727146,-7.9672256894297595,14.243709441976373,-2.587963494849766
-8.58201785840595,-5.053663989718643,-26.714211216820452,-14.311232102494284,60.20529051465232,37.137084206105314,78.310872788612,52.48792573194372,40.78889741536196,15.095695481168775,39.53048527683967,-4.785574564139374,2.4098872174987696
-9.311581630735892,-22.10518640648643,0.8148066637574284,38.04026399808875,8.078014104356836,44.984063703595396,52.48792573194372,84.32119346751341,29.92744782844878,48.38495492408077,26.118134905406787,14.810482061621922,2.881512182161217
-2.9047626431749465,17.019442785195515,-25.81089322298652,-47.022139731433086,66.19217212120664,-2.2277062781579944,40.78889741536196,29.92744782844878,82.70162490079385,10.8891003516304,42.885026523826845,3.1792589663430677,19.17786577743459
-5.8414676812469795,-41.9644076984236,10.804606439713288,57.20818949417734,-49.72346364588187,59.09838690727146,15.095695481168775,48.38495492408077,10.8891003516304,97.15924977687828,19.49734518043415,29.510659244372302,7.980909616234811
-5.9427148235235085,18.35356506168087,-17.23143914340746,-27.594985654507077,59.80991815968408,-7.9672256894297595,39.53048527683967,26.118134905406787,42.885026523826845,19.49734518043415,82.93896555889222,14.378808087305345,18.615017888579725
1.1721705750778062,-9.92799028298523,12.813958650346196,22.63680637356849,-27.466465377880056,14.243709441976373,-4.785574564139374,14.810482061621922,3.1792589663430677,29.510659244372302,14.378808087305345,53.46004108237748,33.1901920982816
2.0747127806271313,12.68266430435257,7.224570061307317,-8.19321458949819,-1.2076357214653,-2.587963494849766,2.4098872174987696,2.881512182161217,19.17786577743459,7.980909616234811,18.615017888579725,33.1901920982816,53.05241897453976
