1.8419334413749142,2.4352935335424943,0.4900403064782497,-6.972512915640925,-9.848584955921464,-0.7218999880728567,-1.0160463672135869,-1.2499875106008276,1.3142840530380797,-2.994087794234144,-0.9924958101349762,0.7333699552032251,3.1021648203819203
2.4352935335424943,54.545338573780704,13.427521095811587,-40.337800929731095,7.466192481335739,-57.13933721251558,13.753745518963534,-5.207296487746186,8.766358236411387,-16.4244105388515,13.466741052466983,-11.919163021069586,7.827481224999342
0.4900403064782497,13.427521095811587,42.46951607591867,18.729177249287662,-72.03751727385976,24.46578821277306,-36.09579516373721,4.894983989971432,9.180708038400777,-1.7613481363318455,-9.16857388434236,7.555249495570062,11.904372170525429
-6.972512915640925,-40.337800929731095,18.729177249287662,88.8812153284455,14.41841627792956,55.80289682995705,-22.48758133788592,11.63491747300071,-11.89097171908345,26.645530901239994,-9.719471406287987,15.61877694181779,-13.002435444313221
-9.848584955921464,7.466192481335739,-72.03751727385976,14.41841627792956,312.5372981427913,-89.75163573147947,118.743185373477,1.7094439666568568,-32.860645054032666,15.544992813391646,49.37320823006531,-25.386399626827576,-47.15589367240452
-0.7218999880728567,-57.13933721251558,24.46578821277306,55.80289682995705,-89.75163573147947,189.4976269713479,-29.58439140656828,20.164887041709907,29.064245080009826,9.15504473328328,-26.82667454250561,18.355295939236726,16.712684964227954
-1.0160463672135869,13.753745518963534,-36.09579516373721,-22.48758133788592,118.743185373477,-29.58439140656828,109.52539874476379,30.047351932279984,-2.7159049366335295,5.205404390191152,20.11080244711816,-8.311058171841642,-8.814514893669529
-1.2499875106008276,-5.207296487746186,4.894983989971432,11.63491747300071,1.7094439666568568,20.164887041709907,30.047351932279984,61.82302953716918,32.65111601002939,12.017191403383226,10.68313411580603,16.86225974406583,11.397174123194988
1.3142840530380797,8.766358236411387,9.180708038400777,-11.89097171908345,-32.860645054032666,29.064245080009826,-2.7159049366335295,32.65111601002939,75.11744360317661,17.609155987222987,14.454061483346525,13.423992159868806,22.813143747020973
-2.994087794234144,-16.4244105388515,-1.7613481363318455,26.645530901239994,15.544992813391646,9.15504473328328,5.205404390191152,12.017191403383226,17.609155987222987,71.9737309615967,19.338218428319372,12.0582987779362,3.0241687151101253
-0.9924958101349762,13.466741052466983,-9.16857388434236,-9.719471406287987,49.37320823006531,-26.82667454250561,20.11080244711816,10.68313411580603,14.454061483346525,19.338218428319372,64.71063408892994,24.30531307647571,9.195789747783275
0.7333699552032251,-11.919163021069586,7.555249495570062,15.61877694181779,-25.386399626827576,18.355295939236726,-8.311058171841642,16.86225974406583,13.423992159868806,12.0582987779362,24.30531307647571,63.848021349441645,34.33720199094069
3.1021648203819203,7.827481224999342,11.904372170525429,-13.002435444313221,-47.15589367240452,16.712684964227954,-8.814514893669529,11.397174123194988,22.813143747020973,3.0241687151101253,9.195789747783275,34.33720199094069,56.457173899449934
