4.227364600895088,-2.484308284301877,-8.364186302741077,-24.384371224028236,-19.834469992247826,5.013923885904402,2.9372378734039475,-7.108658597554267,7.128078942356424,-2.1968459713009985,-0.45259476217975103,-2.0506784077411786,5.5340647464641695
-2.484308284301877,65.40539504048496,27.0060127352801,-7.888401434036307,47.36361046285673,-85.66771022829043,17.839741926238336,-5.240723167668055,-11.410185152629465,-23.924159976312886,24.425472941815276,-23.01885535900485,-3.2934191798303996
-8.364186302741077,27.0060127352801,77.90810879794091,95.1847445396042,-29.136350301137465,-22.687415127629667,-42.010388371931995,16.989052745293463,-33.19939618476234,14.613590438424444,-13.371198745329664,1.4916277198392967,-15.358831895487626
-24.384371224028236,-7.888401434036307,95.1847445396042,221.42390161820347,55.61192273426088,25.450177649893075,-62.369865323958706,48.964169636924815,-57.55200748224207,42.477927802588475,-24.086935622900505,32.9806428334899,-39.02874064766138
-19.834469992247826,47.36361046285673,-29.136350301137465,55.61192273426088,330.77529981390506,-49.15113973643045,83.79634766742497,21.0429641113709,-12.664777731946828,-33.31870347575835,67.05688433062105,8.162918148092741,-19.294389328342383
5.013923885904402,-85.66771022829043,-22.687415127629667,25.450177649893075,-49.15113973643045,195.18963311749513,2.195883113391905,13.312340319303265,26.06450157131193,31.616089814202294,-24.022688677666533,47.29241252308353,17.69692063427034
2.9372378734039475,17.839741926238336,-42.010388371931995,-62.369865323958706,83.79634766742497,2.195883113391905,96.36687448485782,22.434288115252983,34.479221099493046,-16.540729246538397,32.03961116543635,-6.13335770498715,15.913157767047425
-7.108658597554267,-5.240723167668055,16.989052745293463,48.964169636924815,21.0429641113709,13.312340319303265,22.434288115252983,69.17993109592996,29.372585320831973,27.923983822363628,-0.5097638624770756,5.743212113371859,-5.916775329366611
7.128078942356424,-11.410185152629465,-33.19939618476234,-57.55200748224207,-12.664777731946828,26.06450157131193,34.479221099493046,29.372585320831973,83.41861561472957,29.233158739019387,16.463932519278544,-1.625543791270442,15.990636282944605
-2.1968459713009985,-23.924159976312886,14.613590438424444,42.477927802588475,-33.31870347575835,31.616089814202294,-16.540729246538397,27.923983822363628,29.233158739019387,77.8544140004692,13.114092959280224,21.80259332986881,-4.097542431322474
-0.45259476217975103,24.425472941815276,-13.371198745329664,-24.086935622900505,67.05688433062105,-24.022688677666533,32.03961116543635,-0.5097638624770756,16.463932519278544,13.114092959280224,73.45946201644323,23.985908506754598,14.250752274199819
-2.0506784077411786,-23.01885535900485,1.4916277198392967,32.9806428334899,8.162918148092741,47.29241252308353,-6.13335770498715,5.743212113371859,-1.625543791270442,21.80259332986881,23.985908506754598,66.00794951921311,31.413831527500754
5.5340647464641695,-3.2934191798303996,-15.358831895487626,-39.02874064766138,-19.294389328342383,17.69692063427034,15.913157767047425,-5.916775329366611,15.990636282944605,-4.097542431322474,14.250752274199819,31.413831527500754,58.74006267735105
