0.9032350629523911,1.1179899671074491,2.5265059405047356,1.5638781900503953,-3.3409948134815415,-2.0524057276366867,-2.4562214713395636,-2.0485408150437903,-2.672405745772019,-0.38844480376090806,-1.3418104103751687,-1.018493562657709,-0.3956567454866883
1.1179899671074491,48.35365673926963,12.671561508229052,-28.408248971020335,52.46628689035592,-35.14760132184906,-6.2644827070612354,-13.551321639153068,24.763333676739297,-47.508441041059704,27.500074996043228,-7.0714263556941335,5.385500941117926
2.5265059405047356,12.671561508229052,46.18092691732619,35.94131772877735,-57.609832101449875,21.450901019243062,-10.93409050092157,-4.319920369657986,-26.656389126511737,23.518271804672615,-15.984142105427885,4.604910653558664,14.28397395751279
1.5638781900503953,-28.408248971020335,35.94131772877735,76.24926649996341,-73.5983594554402,50.71519904064584,-0.6933238353893181,11.220144630799767,-45.628146972094285,60.838416360962555,-31.755594863427632,11.868936682354649,9.086264090490662
-3.3409948134815415,52.46628689035592,-57.609832101449875,-73.5983594554402,267.65595118968736,-74.858430735424,19.277845517696974,0.9276658018052821,102.83373300091617,-127.46070189392599,89.36140641410258,-8.444021843393438,-14.331138113074696
-2.0524057276366867,-35.14760132184906,21.450901019243062,50.71519904064584,-74.858430735424,114.67555154357504,34.10555443043448,20.99300225033098,-33.44938367794262,76.42872985119521,-33.173942018476296,7.149682517619044,16.264886742361732
-2.4562214713395636,-6.2644827070612354,-10.93409050092157,-0.6933238353893181,19.277845517696974,34.10555443043448,46.15716241062798,26.763867060725655,11.340331205589836,11.193658883521838,8.612075378299428,1.0051480012104825,3.514315058768358
-2.0485408150437903,-13.551321639153068,-4.319920369657986,11.220144630799767,0.9276658018052821,20.99300225033098,26.763867060725655,48.0436058537143,21.93576963021414,20.38937166765288,6.330307355105197,13.893198948013033,5.351945694277794
-2.672405745772019,24.763333676739297,-26.656389126511737,-45.628146972094285,102.83373300091617,-33.44938367794262,11.340331205589836,21.93576963021414,86.30420190300566,-32.624431756861725,47.3170971894786,5.295461226473248,4.638720044041993
-0.38844480376090806,-47.508441041059704,23.518271804672615,60.838416360962555,-127.46070189392599,76.42872985119521,11.193658883521838,20.38937166765288,-32.624431756861725,127.6389819816723,-21.16933369773083,21.91468043967166,19.6393314973933
-1.3418104103751687,27.500074996043228,-15.984142105427885,-31.755594863427632,89.36140641410258,-33.173942018476296,8.612075378299428,6.330307355105197,47.3170971894786,-21.16933369773083,85.14307591965,27.568580639829257,18.496161776675056
-1.018493562657709,-7.0714263556941335,4.604910653558664,11.868936682354649,-8.444021843393438,7.149682517619044,1.0051480012104825,13.893198948013033,5.295461226473248,21.91468043967166,27.568580639829257,54.149349449217866,34.38857415308656
-0.3956567454866883,5.385500941117926,14.28397395751279,9.086264090490662,-14.331138113074696,16.264886742361732,3.514315058768358,5.351945694277794,4.638720044041993,19.6393314973933,18.496161776675056,34.38857415308656,52.59475223697543
