6.23204505265024,0.2521536173951169,-7.126596140056258,-24.366917673972093,-23.889297091860016,-2.3586673377901453,7.3731658399777364,-13.04711967549935,-5.138076365333587,3.1278156427370214,3.434498424375893,-6.029693201753244,10.331714685544117
0.2521536173951169,73.28555391360945,11.022261260613051,-60.477614239400886,70.45311552308706,-31.233907205380817,20.844945058567507,-35.23789047484366,33.74469098605138,-55.216407961725274,32.56349586123883,-7.987539996309072,-1.5890896356150241
-7.126596140056258,11.022261260613051,40.72246243482049,59.3407436420943,2.286631648795965,6.631719569726616,-10.50030959857949,23.757214625832713,-12.805708933156211,-3.563999368339483,-22.10830867796552,4.3163857074717225,-11.660183700253564
-24.366917673972093,-60.477614239400886,59.3407436420943,211.83227340678485,10.03694899696557,50.265369453095865,-51.05041525430519,97.97910884317271,-37.668828074736446,47.668201413362205,-67.97496359800178,29.663966357994255,-42.882451362529814
-23.889297091860016,70.45311552308706,2.286631648795965,10.03694899696557,280.4320127156345,0.8413070024641204,8.257789059499595,3.024178864695639,97.51629206898087,-81.51245456547196,54.949337069152186,24.264612837186927,-45.67717076253619
-2.3586673377901453,-31.233907205380817,6.631719569726616,50.265369453095865,0.8413070024641204,88.10076188744135,23.717468813717446,12.591266158828764,-30.853323412096554,34.18689179526675,0.41765411441263084,4.843819513540882,-3.77674233253851
7.3731658399777364,20.844945058567507,-10.50030959857949,-51.05041525430519,8.257789059499595,23.717468813717446,72.83528531137073,-0.31749951474460253,10.346808433186421,-13.17935580083672,23.036145328709775,-6.139847644775107,18.775710717931933
-13.04711967549935,-35.23789047484366,23.757214625832713,97.97910884317271,3.024178864695639,12.591266158828764,-0.31749951474460253,119.84030017694161,38.52376019421421,29.2526200409465,-32.96053354361738,26.151363011027424,-10.546259252941715
-5.138076365333587,33.74469098605138,-12.805708933156211,-37.668828074736446,97.51629206898087,-30.853323412096554,10.346808433186421,38.52376019421421,125.82488811472687,8.306987216607997,46.6733122889015,16.9205005854891,7.415117815273239
3.1278156427370214,-55.216407961725274,-3.563999368339483,47.668201413362205,-81.51245456547196,34.18689179526675,-13.17935580083672,29.2526200409465,8.306987216607997,137.053993685514,27.817883662029057,28.49348828404589,18.4026611158694
3.434498424375893,32.56349586123883,-22.10830867796552,-67.97496359800178,54.949337069152186,0.41765411441263084,23.036145328709775,-32.96053354361738,46.6733122889015,27.817883662029057,117.3552813631455,49.6224085510463,28.243179026377952
-6.029693201753244,-7.987539996309072,4.3163857074717225,29.663966357994255,24.264612837186927,4.843819513540882,-6.139847644775107,26.151363011027424,16.9205005854891,28.49348828404589,49.6224085510463,79.51418053207215,35.50465081147521
10.331714685544117,-1.5890896356150241,-11.660183700253564,-42.882451362529814,-45.67717076253619,-3.77674233253851,18.775710717931933,-10.546259252941715,7.415117815273239,18.4026611158694,28.243179026377952,35.50465081147521,81.39251546547116
