4.0635278399048556,-1.480123873482787,-7.520438825926647,-16.78356516942415,-10.108709555100122,-1.2726212784208055,2.4549784331028213,-12.50767397880502,-0.8265097375069708,8.260010833128064,11.279596906880775,-1.8449565099693037,1.055834279131761
-1.480123873482787,62.582063314880614,9.546406209225955,-50.55239192983794,68.80310980527827,-33.411489126365645,11.644753898646197,-15.667099380544723,46.2482791122594,-47.85081646066032,26.08667904849993,-0.36957987539436865,5.253322036946822
-7.520438825926647,9.546406209225955,41.83185611663026,60.631977308620606,-6.964499196229325,13.69518878251186,-8.521475521460674,31.85980741044697,-13.959665842720531,-1.2592307797525228,-24.753024617356065,6.454292299017068,0.09937430723445573
-16.78356516942415,-50.55239192983794,60.631977308620606,182.16210836912228,-42.246352034370766,54.15129181165795,-25.000714654330327,88.76895318297449,-65.80867237606127,25.290278075449248,-92.04633004029645,7.986850097566889,-12.885973835183094
-10.108709555100122,68.80310980527827,-6.964499196229325,-42.246352034370766,198.11551092208603,-34.04455134641883,16.87835912738179,-2.623328768912334,82.23777729780056,-117.35193851268475,-8.18245134127266,-12.458274140012708,-12.107725706847805
-1.2726212784208055,-33.411489126365645,13.69518878251186,54.15129181165795,-34.04455134641883,67.61089749613238,14.605845387047415,19.97012146192922,-33.688462352666086,35.15485560449734,-17.78520614285617,-3.7879104239880075,0.21639552243713409
2.4549784331028213,11.644753898646197,-8.521475521460674,-25.000714654330327,16.87835912738179,14.605845387047415,50.833667846550064,9.61319026921865,16.193365265215924,2.6355849380171135,22.73215193805291,2.515214311619185,7.261691693879006
-12.50767397880502,-15.667099380544723,31.85980741044697,88.76895318297449,-2.623328768912334,19.97012146192922,9.61319026921865,102.26811476325018,9.5083762548418,2.5054071813363605,-45.31620115484979,20.803867304990284,2.481302302041279
-0.8265097375069708,46.2482791122594,-13.959665842720531,-65.80867237606127,82.23777729780056,-33.688462352666086,16.193365265215924,9.5083762548418,100.21489240473294,-16.12445061354872,41.428549008540934,12.340807417499283,15.278633198698339
8.260010833128064,-47.85081646066032,-1.2592307797525228,25.290278075449248,-117.35193851268475,35.15485560449734,2.6355849380171135,2.5054071813363605,-16.12445061354872,146.35854694632718,56.745827147530626,27.001940024362497,20.400466868979795
11.279596906880775,26.08667904849993,-24.753024617356065,-92.04633004029645,-8.18245134127266,-17.78520614285617,22.73215193805291,-45.31620115484979,41.428549008540934,56.745827147530626,130.65397093515713,38.17312279442919,31.039910691805368
-1.8449565099693037,-0.36957987539436865,6.454292299017068,7.986850097566889,-12.458274140012708,-3.7879104239880075,2.515214311619185,20.803867304990284,12.340807417499283,27.001940024362497,38.17312279442919,63.96755818656629,43.722550187611624
1.055834279131761,5.253322036946822,0.09937430723445573,-12.885973835183094,-12.107725706847805,0.21639552243713409,7.261691693879006,2.481302302041279,15.278633198698339,20.400466868979795,31.039910691805368,43.722550187611624,56.70739221237504
