4.052374706263422,-0.6867756053984585,-6.593253242718963,-18.462692327750222,-10.78545084627,2.3396709733496466,-0.12838820855377278,-14.219986684828912,2.993397065554431,7.009233369557543,9.110272997663028,0.03793100383284879,2.3650749442075267
-0.6867756053984585,54.857952311331765,3.273197092953556,-38.05552406359807,61.41279071475079,-47.87017339589678,25.589760924200608,-7.567147195113217,19.095733228192913,-29.48816089766215,36.50031625121067,-12.725933271503623,2.741558357547715
-6.593253242718963,3.273197092953556,41.69094792161448,63.091246682060316,-17.873008805722336,18.521871884490324,-10.065173799261574,31.744640230005192,-16.61369820636828,4.158649048651766,-23.750575890041354,9.735725612836728,-1.0164125927980836
-18.462692327750222,-38.05552406359807,63.091246682060316,169.45689924647246,-15.125489446836239,46.61998585139127,-27.74062183294234,87.47083452639191,-46.48037837280456,-0.8256081783576615,-91.76549048528304,11.814923524797946,-17.8950929676384
-10.78545084627,61.41279071475079,-17.873008805722336,-15.125489446836239,203.36873129005593,-76.10179620324689,50.48286175501869,19.009285568217056,28.01557153213976,-92.12221791994443,11.97770835628831,-42.9599005707838,-19.93837615188644
2.3396709733496466,-47.87017339589678,18.521871884490324,46.61998585139127,-76.10179620324689,109.9043851719312,-8.531475414724378,3.661848015009153,-13.528476712682235,46.352306926628884,-29.120754740515743,20.25815861863344,7.913989271141498
-0.12838820855377278,25.589760924200608,-10.065173799261574,-27.74062183294234,50.48286175501869,-8.531475414724378,59.17167192103582,16.862479287023667,16.81129870400849,-15.263080210848093,26.898125981652857,-7.16014107893213,2.2774704329260818
-14.219986684828912,-7.567147195113217,31.744640230005192,87.47083452639191,19.009285568217056,3.661848015009153,16.862479287023667,106.98449874074242,8.554641395141077,-9.13744231392172,-41.56487047308576,14.702459416924887,-2.2380792129514187
2.993397065554431,19.095733228192913,-16.61369820636828,-46.48037837280456,28.01557153213976,-13.528476712682235,16.81129870400849,8.554641395141077,73.40583180399582,26.608293501735616,41.58651457750982,14.68242541113369,20.308357637422834
7.009233369557543,-29.48816089766215,4.158649048651766,-0.8256081783576615,-92.12221791994443,46.352306926628884,-15.263080210848093,-9.13744231392172,26.608293501735616,112.30555030793987,46.39058068404343,41.343592410016036,23.180174433268594
9.110272997663028,36.50031625121067,-23.750575890041354,-91.76549048528304,11.97770835628831,-29.120754740515743,26.898125981652857,-41.56487047308576,41.58651457750982,46.39058068404343,129.87770177668511,31.280987532661438,30.328315911129618
0.03793100383284879,-12.725933271503623,9.735725612836728,11.814923524797946,-42.9599005707838,20.25815861863344,-7.16014107893213,14.702459416924887,14.68242541113369,41.343592410016036,31.280987532661438,75.20152129533007,47.880529287335094
2.3650749442075267,2.741558357547715,-1.0164125927980836,-17.8950929676384,-19.93837615188644,7.913989271141498,2.2774704329260818,-2.2380792129514187,20.308357637422834,23.180174433268594,30.328315911129618,47.880529287335094,59.4069034951252
