3.800197181699693,1.448233934658886,-11.43379385530681,-16.386378213071506,4.187549757263229,-15.766326569088484,2.8056915024473987,-8.18534833138518,-2.086018991948061,-3.9232575465246744,0.48815206189526933,-3.118256395249495,-1.8230445488573048
1.448233934658886,45.79364402667769,15.63186639824325,-27.11013068199833,12.217299276116115,-20.479306108481055,6.821494027860989,-13.761428912987691,9.279936213482504,-16.665131537181125,10.682272926634697,-15.394178053669599,3.8262729366978343
-11.43379385530681,15.63186639824325,89.37540095613079,90.0582406232239,-54.84462081082929,86.76867778360618,-28.79292406317647,28.233399507504448,9.444572632982053,20.592928578577087,-16.495765738201634,8.949160332677252,4.470388254907498
-16.386378213071506,-27.11013068199833,90.0582406232239,171.60351427824,-2.04831954690105,116.56538664472495,-19.26664949090238,64.95771322909681,-1.417980718390737,45.953687955308695,-26.07710522991316,21.771398288987296,-11.690428442515167
4.187549757263229,12.217299276116115,-54.84462081082929,-2.04831954690105,217.22719007513533,-61.826357789689794,71.87684954183682,14.32996794524114,0.38848008142194984,-15.881009968862607,30.24312474202362,-19.532594573076473,-20.170893390848395
-15.766326569088484,-20.479306108481055,86.76867778360618,116.56538664472495,-61.826357789689794,210.28890208121345,-22.43021721684072,43.06693347942908,30.961042329765203,24.68841830893114,-31.42627369612585,26.72322755609762,23.00127729741597
2.8056915024473987,6.821494027860989,-28.79292406317647,-19.26664949090238,71.87684954183682,-22.43021721684072,75.55646816703899,29.520158933120996,1.0614329816886272,-1.2241314915449157,15.069814161528779,-6.942058977722164,-3.433153616838172
-8.18534833138518,-13.761428912987691,28.233399507504448,64.95771322909681,14.32996794524114,43.06693347942908,29.520158933120996,86.21609626476844,32.45354385017261,30.47408661878054,5.629225074622328,13.054455436546759,0.20546322341842574
-2.086018991948061,9.279936213482504,9.444572632982053,-1.417980718390737,0.38848008142194984,30.961042329765203,1.0614329816886272,32.45354385017261,76.89445996266727,29.740854249001487,20.626707555868048,12.73019442555663,20.505907935352596
-3.9232575465246744,-16.665131537181125,20.592928578577087,45.953687955308695,-15.881009968862607,24.68841830893114,-1.2241314915449157,30.47408661878054,29.740854249001487,85.18261849988124,30.68534347928662,32.689310508102395,9.16659949405388
0.48815206189526933,10.682272926634697,-16.495765738201634,-26.07710522991316,30.24312474202362,-31.42627369612585,15.069814161528779,5.629225074622328,20.626707555868048,30.68534347928662,81.48145593537905,33.754835829344515,23.07110478465681
-3.118256395249495,-15.394178053669599,8.949160332677252,21.771398288987296,-19.532594573076473,26.72322755609762,-6.942058977722164,13.054455436546759,12.73019442555663,32.689310508102395,33.754835829344515,67.75610239378456,42.435031441079
-1.8230445488573048,3.8262729366978343,4.470388254907498,-11.690428442515167,-20.170893390848395,23.00127729741597,-3.433153616838172,0.20546322341842574,20.505907935352596,9.16659949405388,23.07110478465681,42.435031441079,63.82942254584677
