2.7962280776109605,4.803601753207042,6.917008121820681,2.5852717457996612,-10.758284971995252,-8.876861348091683,-8.473989612241061,-6.439916266758617,-5.254641675005512,2.4342399237386516,-1.250566187534032,-0.7267095744936922,0.7654463583434353
4.803601753207042,62.10777243910973,43.67836185197528,-10.660390249896222,-2.5385558041283227,-41.471725697917655,-32.24941007892253,-36.016488689962465,-3.6531641314626855,-23.16475219130188,7.159080096983604,-11.811746605332615,5.946769790989195
6.917008121820681,43.67836185197528,103.46672903127077,71.58874350497292,-120.9937456554642,3.8000119495767084,-73.07552890363667,-43.2662470257723,-62.37730243590811,44.0047462312397,-35.79905280723475,-10.992971451349726,18.73132756913869
2.5852717457996612,-10.660390249896222,71.58874350497292,114.09748716588228,-74.26663677666858,55.127906474287705,-32.21091731351871,-8.747193158560258,-64.03978265225749,56.50796646201727,-43.90634175412049,3.922313950511127,11.634438482264287
-10.758284971995252,-2.5385558041283227,-120.9937456554642,-74.26663677666858,375.45271800098027,10.817636314295944,128.85200006680185,60.07384568374665,120.82518536875115,-148.6880478215018,73.58780092958574,27.773364364358034,-34.35560518422623
-8.876861348091683,-41.471725697917655,3.8000119495767084,55.127906474287705,10.817636314295944,133.5612435040646,59.51664226886009,52.32747214053186,3.0483556611607643,44.184899160055124,-15.626629901679987,10.674098838064554,12.630744547812963
-8.473989612241061,-32.24941007892253,-73.07552890363667,-32.21091731351871,128.85200006680185,59.51664226886009,132.59072145755562,90.77677926656979,77.22835772983012,-11.801823304572345,37.01131662635962,15.203313380684481,-5.4342318189485015
-6.439916266758617,-36.016488689962465,-43.2662470257723,-8.747193158560258,60.07384568374665,52.32747214053186,90.77677926656979,108.35533008323748,79.9453749856519,26.426554653215064,31.626375105623968,25.09478547340827,-1.0941483096754998
-5.254641675005512,-3.6531641314626855,-62.37730243590811,-64.03978265225749,120.82518536875115,3.0483556611607643,77.22835772983012,79.9453749856519,134.2466197126536,4.398703048373763,72.31746157391564,22.911033029251612,1.0280475086393757
2.4342399237386516,-23.16475219130188,44.0047462312397,56.50796646201727,-148.6880478215018,44.184899160055124,-11.801823304572345,26.426554653215064,4.398703048373763,162.15188384746241,18.61079697058056,15.887947957247876,29.635645177816116
-1.250566187534032,7.159080096983604,-35.79905280723475,-43.90634175412049,73.58780092958574,-15.626629901679987,37.01131662635962,31.626375105623968,72.31746157391564,18.61079697058056,93.35998733981721,36.267704929181505,10.173306446340922
-0.7267095744936922,-11.811746605332615,-10.992971451349726,3.922313950511127,27.773364364358034,10.674098838064554,15.203313380684481,25.09478547340827,22.911033029251612,15.887947957247876,36.267704929181505,54.885035222468666,27.959976479538383
0.7654463583434353,5.946769790989195,18.73132756913869,11.634438482264287,-34.35560518422623,12.630744547812963,-5.4342318189485015,-1.0941483096754998,1.0280475086393757,29.635645177816116,10.173306446340922,27.959976479538383,55.411181077020316
