1.5544814341535342,2.2547644718048545,-0.27818669336477714,-9.253842584488417,-7.780120150818092,2.3638153945030487,5.669673914761842,-1.2041122729052265,1.174462575283318,-3.842068962778805,0.24808935900843349,1.3040711533753242,4.515757623367868
2.2547644718048545,55.70770268580882,1.6586280987085908,-56.163322939958725,39.97130648856222,-41.66953194175741,36.17992983701117,-10.685065782515373,15.929085898951277,-38.4519249527188,44.20158663376554,-23.742350203515098,13.612656533433412
-0.27818669336477714,1.6586280987085908,21.631102545199543,28.85774584081481,-11.937342068203657,9.073138255271052,-8.404416300206094,10.291685779970324,-0.7422884402134803,14.019274884808596,-6.391999907070182,3.2432349041616444,-5.790385757095274
-9.253842584488417,-56.163322939958725,28.85774584081481,148.00217027057107,15.316904866386174,37.68380611716205,-71.9143352778473,30.276768876670246,-20.787315046361485,72.21088235015267,-46.85768097982497,14.80109667893069,-45.45942839907395
-7.780120150818092,39.97130648856222,-11.937342068203657,15.316904866386174,169.61857175990355,-47.237376227305774,9.985332895376514,-6.555854847344419,6.765047068511311,-25.420811410338874,52.11861166566656,-40.20729190306867,-18.471246787414138
2.3638153945030487,-41.66953194175741,9.073138255271052,37.68380611716205,-47.237376227305774,93.16485450697256,4.967380058084233,12.346143038758365,-5.395253780623872,31.336198591389977,-37.17969488755721,30.19894528924446,7.006192851865539
5.669673914761842,36.17992983701117,-8.404416300206094,-71.9143352778473,9.985332895376514,4.967380058084233,87.89403386566946,15.125121668672515,15.006324769428657,-45.42087066894708,36.52944285753621,3.1739904375921557,36.93757346572645
-1.2041122729052265,-10.685065782515373,10.291685779970324,30.276768876670246,-6.555854847344419,12.346143038758365,15.125121668672515,52.85136761457882,18.02895731683896,21.03495578617413,-1.40677204231672,19.54854891458344,6.4303088422824715
1.174462575283318,15.929085898951277,-0.7422884402134803,-20.787315046361485,6.765047068511311,-5.395253780623872,15.006324769428657,18.02895731683896,48.25393888662017,20.92310414075452,25.52994255330364,5.317228961760481,19.81805072661168
-3.842068962778805,-38.4519249527188,14.019274884808596,72.21088235015267,-25.420811410338874,31.336198591389977,-45.42087066894708,21.03495578617413,20.92310414075452,97.82459713566628,-1.7900623960569004,28.60989095155376,-7.687993190563751
0.24808935900843349,44.20158663376554,-6.391999907070182,-46.85768097982497,52.11861166566656,-37.17969488755721,36.52944285753621,-1.40677204231672,25.52994255330364,-1.7900623960569004,91.92043173608042,13.64220564884481,33.37424041241083
1.3040711533753242,-23.742350203515098,3.2432349041616444,14.80109667893069,-40.20729190306867,30.19894528924446,3.1739904375921557,19.54854891458344,5.317228961760481,28.60989095155376,13.64220564884481,70.12427327746059,40.740055943238765
4.515757623367868,13.612656533433412,-5.790385757095274,-45.45942839907395,-18.471246787414138,7.006192851865539,36.93757346572645,6.4303088422824715,19.81805072661168,-7.687993190563751,33.37424041241083,40.740055943238765,65.43177248206486
