3.1775271322463037,-1.940200552938106,-6.958521398791985,-13.540876890094466,-13.288163273153607,-6.361936878856725,3.108248154327223,-1.763104245000371,-6.542509938900075,-5.174578349376909,1.1625729308759707,0.998315327559372,-0.18804499775066696
-1.940200552938106,66.1257794909143,18.32690320430058,-33.38658481916296,54.16877871526887,-54.841408360493,14.359304634612569,-12.229557831480426,26.52559164179049,-29.0955435342218,24.181663342830856,-16.62781390963127,6.787287735792095
-6.958521398791985,18.32690320430058,59.48397710205199,60.708067603943924,-22.755313435861765,37.22429770686999,-24.203469330146863,8.353109198646097,12.333472360906336,32.05627725926338,-16.691700186227987,1.2297853122138882,7.951761158124512
-13.540876890094466,-33.38658481916296,60.708067603943924,144.08071375412587,6.1985972286424165,101.36001550383092,-38.3608331589093,27.925304115680728,14.36216075137218,74.85715066030507,-32.65819804723929,18.64359439176054,-1.194433662107622
-13.288163273153607,54.16877871526887,-22.755313435861765,6.1985972286424165,300.2011181620054,-38.06298954382973,45.54105521957018,-0.3372981869706364,84.97083525781,-35.61419386565451,65.93301050185322,-4.86155355729332,-5.270314106108976
-6.361936878856725,-54.841408360493,37.22429770686999,101.36001550383092,-38.06298954382973,158.2962254666478,-0.8434981069641854,31.940616083373175,3.7129787761209734,71.21137966672289,-25.45523762062782,27.19991295061815,15.371701852379646
3.108248154327223,14.359304634612569,-24.203469330146863,-38.3608331589093,45.54105521957018,-0.8434981069641854,74.01441387025804,21.85937041924792,13.382291610338227,-13.641119973535218,30.64510056872519,3.7511903500057677,10.534686769064885
-1.763104245000371,-12.229557831480426,8.353109198646097,27.925304115680728,-0.3372981869706364,31.940616083373175,21.85937041924792,56.515796117109005,29.466888860499523,30.272207880797595,7.627693916607801,17.670875243386394,7.46511813741698
-6.542509938900075,26.52559164179049,12.333472360906336,14.36216075137218,84.97083525781,3.7129787761209734,13.382291610338227,29.466888860499523,86.20411272702356,30.36469488010294,33.962449352938535,12.947445339262071,14.824126479640965
-5.174578349376909,-29.0955435342218,32.05627725926338,74.85715066030507,-35.61419386565451,71.21137966672289,-13.641119973535218,30.272207880797595,30.36469488010294,101.74939591709932,9.698071189854124,31.891674108339878,16.228366052081743
1.1625729308759707,24.181663342830856,-16.691700186227987,-32.65819804723929,65.93301050185322,-25.45523762062782,30.64510056872519,7.627693916607801,33.962449352938535,9.698071189854124,80.97533498751784,31.463263303995248,23.89521659209519
0.998315327559372,-16.62781390963127,1.2297853122138882,18.64359439176054,-4.86155355729332,27.19991295061815,3.7511903500057677,17.670875243386394,12.947445339262071,31.891674108339878,31.463263303995248,67.7234579786604,36.890842423225884
-0.18804499775066696,6.787287735792095,7.951761158124512,-1.194433662107622,-5.270314106108976,15.371701852379646,10.534686769064885,7.46511813741698,14.824126479640965,16.228366052081743,23.89521659209519,36.890842423225884,55.67960703120682
