1.885016544707509,1.7507825786841007,0.1857661535412747,-5.830423324992745,-10.03797106722962,-3.0825324332720894,0.9653527876258948,-0.692145197322364,-1.475615165550762,-0.6521908584321788,-1.0899539858830287,-0.3727641396218121,2.9781933762297044
1.7507825786841007,61.21596189770358,10.357400459839308,-52.20157461358187,35.3297827336958,-56.61029999447453,5.93386565548668,-10.08694019193213,31.832180902769398,-43.79616137434236,24.360495412094984,-5.967203824339812,-0.1378339074133323
0.1857661535412747,10.357400459839308,38.91375763843066,26.502820821530896,-64.68976979725822,6.029319691494453,-18.120689790300453,7.316413789147815,-14.090748554370009,22.077128404762096,-14.427639811610169,0.2068610776013483,11.709073114815046
-5.830423324992745,-52.20157461358187,26.502820821530896,108.09471541380033,-37.5084942289382,66.41077808962534,-19.016385197710363,17.378475900343375,-41.35501648412666,63.22440304856049,-27.91085130411499,10.410470227111853,-0.268033539904158
-10.03797106722962,35.3297827336958,-64.68976979725822,-37.5084942289382,336.31826112385113,-27.09588604734526,45.614821374254895,-15.074148859050355,85.30794428431997,-103.3615152813306,77.98386210080416,11.212023723705602,-56.51017837627569
-3.0825324332720894,-56.61029999447453,6.029319691494453,66.41077808962534,-27.09588604734526,125.27089839806654,21.558448485777483,24.202041525331524,-22.73659487480514,56.27194982167788,-29.81837493435883,-2.186762874815449,9.293958198168161
0.9653527876258948,5.93386565548668,-18.120689790300453,-19.016385197710363,45.614821374254895,21.558448485777483,72.11018310301371,30.357292786600258,20.824453309376203,-11.594545629370396,14.267037664738428,2.2611502753789563,3.3913005102970626
-0.692145197322364,-10.08694019193213,7.316413789147815,17.378475900343375,-15.074148859050355,24.202041525331524,30.357292786600258,63.26062999621874,25.842611473390576,21.24117848395615,4.021165976800795,20.026621192229623,11.910483284521131
-1.475615165550762,31.832180902769398,-14.090748554370009,-41.35501648412666,85.30794428431997,-22.73659487480514,20.824453309376203,25.842611473390576,90.52320342136116,-10.923190475233318,38.746535601517316,9.018747805083759,3.0147917881059767
-0.6521908584321788,-43.79616137434236,22.077128404762096,63.22440304856049,-103.3615152813306,56.27194982167788,-11.594545629370396,21.24117848395615,-10.923190475233318,116.24886340053516,-10.379818369797114,10.489738751676722,25.658004078279582
-1.0899539858830287,24.360495412094984,-14.427639811610169,-27.91085130411499,77.98386210080416,-29.81837493435883,14.267037664738428,4.021165976800795,38.746535601517316,-10.379818369797114,75.62235019916349,32.81414972241811,0.7414885307029144
-0.3727641396218121,-5.967203824339812,0.2068610776013483,10.410470227111853,11.212023723705602,-2.186762874815449,2.2611502753789563,20.026621192229623,9.018747805083759,10.489738751676722,32.81414972241811,59.984730539779235,27.024540758020038
2.9781933762297044,-0.1378339074133323,11.709073114815046,-0.268033539904158,-56.51017837627569,9.293958198168161,3.3913005102970626,11.910483284521131,3.0147917881059767,25.658004078279582,0.7414885307029144,27.024540758020038,57.90006601378747
