2.99048974083045,6.248709163705176,5.24463241211217,-3.6578146288114457,-15.972929026954851,-11.595424250408746,-3.4840383080223494,-4.424145833166764,-7.956162164608044,-4.4774412878807075,-4.625017334436407,-4.310802127206571,-3.3814729353368125
6.248709163705176,52.024542576451026,25.53882756951861,-27.10819958926516,-7.22380012495266,-45.24123807111212,-6.3947546982367305,-9.317406382899673,3.090393381598933,-38.473251760788784,4.34179962107706,-16.364646726931827,-8.399196097329437
5.24463241211217,25.53882756951861,54.43682747305512,40.02136665611645,-59.72259455664372,1.802557396411991,-10.319668082377387,1.242505244852376,-34.527127090008214,9.789899714763683,-29.87359470879943,-16.687540082994975,-6.323802772938498
-3.6578146288114457,-27.10819958926516,40.02136665611645,102.88402116937513,-19.21840367721483,67.6038271504752,4.036336084936874,24.228820318252566,-31.659031023534254,57.30445292063525,-33.151838581750624,3.772833603590279,2.745744088479864
-15.972929026954851,-7.22380012495266,-59.72259455664372,-19.21840367721483,246.2822924743212,45.443446844229825,37.081572088296085,29.535428012690296,118.0590087099952,-31.05874545600662,75.2252211194057,37.77721693355183,18.781358159119325
-11.595424250408746,-45.24123807111212,1.802557396411991,67.6038271504752,45.443446844229825,129.36945094803895,40.06754656379796,34.7434252654405,16.841918195800872,69.41675534568729,2.2900116221561007,18.443636284751065,26.76461315877014
-3.4840383080223494,-6.3947546982367305,-10.319668082377387,4.036336084936874,37.081572088296085,40.06754656379796,52.59868355607475,39.957175837076754,31.539661456041337,19.43376656739759,24.9996604853779,14.24277273170105,12.819056626380656
-4.424145833166764,-9.317406382899673,1.242505244852376,24.228820318252566,29.535428012690296,34.7434252654405,39.957175837076754,67.74319352401433,45.423108202624725,31.94433546052891,25.008495634949302,22.519520722335074,9.845730634552927
-7.956162164608044,3.090393381598933,-34.527127090008214,-31.659031023534254,118.0590087099952,16.841918195800872,31.539661456041337,45.423108202624725,115.59036008550163,14.375595230509676,64.61713318483284,28.69922070633926,20.840907385455925
-4.4774412878807075,-38.473251760788784,9.789899714763683,57.30445292063525,-31.05874545600662,69.41675534568729,19.43376656739759,31.94433546052891,14.375595230509676,110.21758962758963,16.588383681142627,23.29330920424633,20.687673977665295
-4.625017334436407,4.34179962107706,-29.87359470879943,-33.151838581750624,75.2252211194057,2.2900116221561007,24.9996604853779,25.008495634949302,64.61713318483284,16.588383681142627,92.48000595002439,46.818585360714714,20.572551759978875
-4.310802127206571,-16.364646726931827,-16.687540082994975,3.772833603590279,37.77721693355183,18.443636284751065,14.24277273170105,22.519520722335074,28.69922070633926,23.29330920424633,46.818585360714714,59.58987358028859,33.53134741531248
-3.3814729353368125,-8.399196097329437,-6.323802772938498,2.745744088479864,18.781358159119325,26.76461315877014,12.819056626380656,9.845730634552927,20.840907385455925,20.687673977665295,20.572551759978875,33.53134741531248,49.78256812379492
