0.6081100042276583,-1.9322809468492128,-2.065367837285867,-0.8982296041312976,-0.16691964118374164,-2.7610456978625986,-1.0008127522872667,-1.026577479281097,-0.5834554218789826,0.17704561295299215,-0.05186612261671806,0.41914425652290793,-0.24740648901994333
-1.9322809468492128,52.17130648382183,14.544621110332374,-27.608416338457374,20.868837430299642,-37.94888814237748,16.06477232007506,-10.39694682636644,-1.9101415058564863,-2.506967311331886,6.964062903611509,-11.717418271020504,0.1255598065083941
-2.065367837285867,14.544621110332374,33.68568152753454,17.498101145229686,-40.002862161386766,31.009751897986224,-27.30713417705019,-0.6046313507731307,2.28806422814883,-2.3738326990752787,-3.7861422408315715,-0.12928229234422078,5.028057469279243
-0.8982296041312976,-27.608416338457374,17.498101145229686,54.697122628024545,-15.071939721088379,41.40458062377603,-18.927125163431718,7.238165885599463,-1.980978167600989,0.4917727837554434,-10.076591843261362,9.889212231184864,-0.6401278131558691
-0.16691964118374164,20.868837430299642,-40.002862161386766,-15.071939721088379,179.33338261364946,-90.2490493094799,96.05295510659592,7.877536894073618,-16.175387978428997,-0.7239524431921591,13.13614826630487,-9.864333064486852,-15.562505033667579
-2.7610456978625986,-37.94888814237748,31.009751897986224,41.40458062377603,-90.2490493094799,200.50253107586863,-28.074458283716616,24.888614327746524,33.13225795889795,-7.395757344203726,-10.729310756886612,3.111850523249085,17.849549977367626
-1.0008127522872667,16.06477232007506,-27.30713417705019,-18.927125163431718,96.05295510659592,-28.074458283716616,112.02084300670383,40.92824346713587,12.950939818476446,15.573306322356183,1.8468251593052152,-11.103541615198349,-16.94016857758302
-1.026577479281097,-10.39694682636644,-0.6046313507731307,7.238165885599463,7.877536894073618,24.888614327746524,40.92824346713587,74.94785982062416,43.33864174217429,17.82246417345564,8.597626463092489,-4.364825232366832,-7.189656714820336
-0.5834554218789826,-1.9101415058564863,2.28806422814883,-1.980978167600989,-16.175387978428997,33.13225795889795,12.950939818476446,43.33864174217429,73.01480663743814,29.859179798341078,18.766219954401745,7.858369743617514,4.900387206248956
0.17704561295299215,-2.506967311331886,-2.3738326990752787,0.4917727837554434,-0.7239524431921591,-7.395757344203726,15.573306322356183,17.82246417345564,29.859179798341078,68.14481658364944,33.060201727196336,22.81694958244683,6.816748952991677
-0.05186612261671806,6.964062903611509,-3.7861422408315715,-10.076591843261362,13.13614826630487,-10.729310756886612,1.8468251593052152,8.597626463092489,18.766219954401745,33.060201727196336,71.416437809674,35.48296706190161,26.06520183622874
0.41914425652290793,-11.717418271020504,-0.12928229234422078,9.889212231184864,-9.864333064486852,3.111850523249085,-11.103541615198349,-4.364825232366832,7.858369743617514,22.81694958244683,35.48296706190161,69.20838545112005,43.3342161968914
-0.24740648901994333,0.1255598065083941,5.028057469279243,-0.6401278131558691,-15.562505033667579,17.849549977367626,-16.94016857758302,-7.189656714820336,4.900387206248956,6.816748952991677,26.06520183622874,43.3342161968914,60.41201973985266
