1.8075509455622571,3.480637862840989,1.3898807658994796,-7.7871811475124035,-16.100137225601408,-3.5358853627369404,-3.2172488157907826,-3.395968765395268,-1.2405883964164583,3.9509432815940304,0.10706039583897066,-2.9136227166154067,-0.34685453830206986
3.480637862840989,63.95241782856478,11.660220096793443,-57.05482834828399,9.323308480501156,-55.80855889354865,1.492145387151965,-18.399227442785985,17.847515474755937,-31.415286733049925,18.55697391754916,-16.313262401676106,-10.764379256298009
1.3898807658994796,11.660220096793443,35.210351342815805,21.93063707858754,-54.14694252481609,19.467656701107906,-18.17447480519574,2.124594640257303,-16.88340737150864,13.68921123037594,-23.782823949456848,-10.590750753280739,0.9152568653135537
-7.7871811475124035,-57.05482834828399,21.93063707858754,121.55885401634256,23.41627864416457,78.73452398071457,2.8996316516030216,33.741456107328865,-23.75863576690088,27.317788580393128,-40.4399398219513,14.412982831779345,13.483382887671993
-16.100137225601408,9.323308480501156,-54.14694252481609,23.41627864416457,369.6306778781663,-38.09040046978334,76.94182401448761,33.116635283828344,88.27394742468346,-111.69626677615506,65.15669255185676,48.47282772313126,-5.708324185030105
-3.5358853627369404,-55.80855889354865,19.467656701107906,78.73452398071457,-38.09040046978334,127.13178494300051,10.35187015035397,32.04916692659767,-18.8584896991579,58.63509844077587,-19.24425502781167,14.941207858467218,23.29674734670427
-3.2172488157907826,1.492145387151965,-18.17447480519574,2.8996316516030216,76.94182401448761,10.35187015035397,65.77171031087882,28.92083105884738,29.253745254150953,1.7962500818314497,31.0795070381513,17.12856177415426,6.111474192033395
-3.395968765395268,-18.399227442785985,2.124594640257303,33.741456107328865,33.116635283828344,32.04916692659767,28.92083105884738,60.17956188759154,31.06876355894715,16.405412276009024,9.341091814438107,20.63445172042641,6.855187070427978
-1.2405883964164583,17.847515474755937,-16.88340737150864,-23.75863576690088,88.27394742468346,-18.8584896991579,29.253745254150953,31.06876355894715,79.10538361924462,-3.3176466435564826,48.84470180892844,21.003938380912853,7.985254460900082
3.9509432815940304,-31.415286733049925,13.68921123037594,27.317788580393128,-111.69626677615506,58.63509844077587,1.7962500818314497,16.405412276009024,-3.3176466435564826,119.65269154344436,14.81388595698455,16.704553654440957,24.65084520346598
0.10706039583897066,18.55697391754916,-23.782823949456848,-40.4399398219513,65.15669255185676,-19.24425502781167,31.0795070381513,9.341091814438107,48.84470180892844,14.81388595698455,98.17220578168141,45.508588497465624,16.54805874245328
-2.9136227166154067,-16.313262401676106,-10.590750753280739,14.412982831779345,48.47282772313126,14.941207858467218,17.12856177415426,20.63445172042641,21.003938380912853,16.704553654440957,45.508588497465624,66.5906223156232,34.57586337273495
-0.34685453830206986,-10.764379256298009,0.9152568653135537,13.483382887671993,-5.708324185030105,23.29674734670427,6.111474192033395,6.855187070427978,7.985254460900082,24.65084520346598,16.54805874245328,34.57586337273495,50.122546655121575
