0.9125410751956492,0.5420758437290493,-0.0991355545974754,-1.860411969954048,-3.602959046487924,-4.317224616003793,-4.678469761901076,-4.05341824616519,-1.504380864629745,-0.8248544503925055,-2.346975612513385,-2.43909066232499,-0.626297510866858
0.5420758437290493,57.51660706865272,14.136251987322877,-33.88027713425204,49.10716078094966,-44.17828496066116,1.770678095730742,-19.057485260851333,23.981928395438516,-31.042514103249,21.789849723121748,-9.148332661189698,-7.338918137718767
-0.0991355545974754,14.136251987322877,49.94259096225681,47.61508040747526,-42.56382346306809,29.131262451445156,-23.085672699597517,-1.9400720789724775,-21.663760617336653,29.446447879464195,-11.972519216621398,-4.063140730771531,1.3754252170908796
-1.860411969954048,-33.88027713425204,47.61508040747526,112.25706992671168,-52.363431329796086,79.2429195324493,-1.1227565074190398,31.266858137074443,-44.497057460533995,57.05688615698288,-21.8556614776806,13.255064324345208,3.221426656931973
-3.602959046487924,49.10716078094966,-42.56382346306809,-52.363431329796086,246.30106099309,-44.31844373110368,95.71056208132129,40.29161269225839,83.46943993119898,-102.11087757455103,72.26358694405181,34.414825283460644,-21.24823668277281
-4.317224616003793,-44.17828496066116,29.131262451445156,79.2429195324493,-44.31844373110368,140.4665038174485,38.94847239034505,53.79466616865908,-16.960366968055887,63.242552365131196,-14.399606582532535,14.338365707129835,22.647248632127294
-4.678469761901076,1.770678095730742,-23.085672699597517,-1.1227565074190398,95.71056208132129,38.94847239034505,107.30827990275436,63.788834463091156,46.17392067222987,-4.038604555075325,36.95929058657454,23.869137702925155,7.241429873438044
-4.05341824616519,-19.057485260851333,-1.9400720789724775,31.266858137074443,40.29161269225839,53.79466616865908,63.788834463091156,85.49366450613479,38.50744433261777,21.328244557349052,27.2729259266458,32.512586720194165,3.796323555810212
-1.504380864629745,23.981928395438516,-21.663760617336653,-44.497057460533995,83.46943993119898,-16.960366968055887,46.17392067222987,38.50744433261777,91.80865300600662,-2.0307389460503447,52.14550645397139,19.37450598231875,9.981745889326097
-0.8248544503925055,-31.042514103249,29.446447879464195,57.05688615698288,-102.11087757455103,63.242552365131196,-4.038604555075325,21.328244557349052,-2.0307389460503447,126.27415420639917,9.516460667609511,15.507623402478073,31.603766609091185
-2.346975612513385,21.789849723121748,-11.972519216621398,-21.8556614776806,72.26358694405181,-14.399606582532535,36.95929058657454,27.2729259266458,52.14550645397139,9.516460667609511,88.99304551937962,49.73699688153663,15.486006732338605
-2.43909066232499,-9.148332661189698,-4.063140730771531,13.255064324345208,34.414825283460644,14.338365707129835,23.869137702925155,32.512586720194165,19.37450598231875,15.507623402478073,49.73699688153663,70.821140747417,28.83269847624357
-0.626297510866858,-7.338918137718767,1.3754252170908796,3.221426656931973,-21.24823668277281,22.647248632127294,7.241429873438044,3.796323555810212,9.981745889326097,31.603766609091185,15.486006732338605,28.83269847624357,55.7809496124866
