3.5500415966507934,1.8989420904550514,-1.9577441495157863,-12.31094227592698,-19.44830115887215,-14.638987174359471,-7.648891919348499,-11.548745570044721,-7.289373806650308,0.6548531961143585,2.6152517381567097,-3.377393170911635,-0.7973863242764294
1.8989420904550514,56.95616780337512,3.3259151781882457,-53.20126609185794,60.749833404507065,-32.518980476590606,13.899469774209555,-21.851576155870188,41.42717520040937,-40.11493781346596,31.08885572870942,-14.55115961491049,-0.8469976284326827
-1.9577441495157863,3.3259151781882457,42.68851662930147,60.82970231117083,-14.841183891194135,25.762809354529377,-0.40117962047575995,19.229195615247637,-15.809393134902143,19.091685226340758,-15.569108817250315,3.1421827587294078,2.100287436217286
-12.31094227592698,-53.20126609185794,60.82970231117083,177.8066665093477,-5.921797650165985,105.23078377830758,9.511583593792375,79.26769708142717,-39.52701153555343,61.80368193827316,-53.161523108455896,33.88267359096692,7.054482067913164
-19.44830115887215,60.749833404507065,-14.841183891194135,-5.921797650165985,311.93658270468273,75.70222675778676,93.8271878826352,51.36836157922607,140.23840668382505,-78.6767327145438,48.0558365784733,21.037822953143944,7.361167924290474
-14.638987174359471,-32.518980476590606,25.762809354529377,105.23078377830758,75.70222675778676,160.86322390177523,85.62606427337101,95.25841823050273,28.316779043491074,47.169357776907155,-20.707621949749278,11.736759442702192,2.240458359426798
-7.648891919348499,13.899469774209555,-0.40117962047575995,9.511583593792375,93.8271878826352,85.62606427337101,110.50754759487054,80.20687723990825,68.80419085728282,7.672404387394353,13.895137687820107,-8.749841582312754,-9.169278882956947
-11.548745570044721,-21.851576155870188,19.229195615247637,79.26769708142717,51.36836157922607,95.25841823050273,80.20687723990825,133.89577715375293,64.67830499954631,39.40274104304634,-21.651697682043007,11.753426362015457,-4.736698621534951
-7.289373806650308,41.42717520040937,-15.809393134902143,-39.52701153555343,140.23840668382505,28.316779043491074,68.80419085728282,64.67830499954631,144.91388015741813,2.401682243723185,41.35932006694113,-7.147753034063348,0.4697223485349161
0.6548531961143585,-40.11493781346596,19.091685226340758,61.80368193827316,-78.6767327145438,47.169357776907155,7.672404387394353,39.40274104304634,2.401682243723185,126.03327865592297,19.09083817205361,13.594574237713722,0.6605683780259453
2.6152517381567097,31.08885572870942,-15.569108817250315,-53.161523108455896,48.0558365784733,-20.707621949749278,13.895137687820107,-21.651697682043007,41.35932006694113,19.09083817205361,105.25924370891313,35.906942497360276,11.843389988947086
-3.377393170911635,-14.55115961491049,3.1421827587294078,33.88267359096692,21.037822953143944,11.736759442702192,-8.749841582312754,11.753426362015457,-7.147753034063348,13.594574237713722,35.906942497360276,83.32437451108245,46.95185246360202
-0.7973863242764294,-0.8469976284326827,2.100287436217286,7.054482067913164,7.361167924290474,2.240458359426798,-9.169278882956947,-4.736698621534951,0.4697223485349161,0.6605683780259453,11.843389988947086,46.95185246360202,65.02044994439181
