1.3764251434623267,0.09288013548425313,-1.0697167748753251,-3.6165130586135463,-3.1299913775816623,-0.7435567076544355,-3.4895625409675497,-6.148629497391403,-1.329688209173347,2.6569879005769352,2.3737417469038062,-1.373671009083684,-0.30466895639339936
0.09288013548425313,60.21971962804946,17.55438211770877,-37.55906813054944,11.662156676768825,-43.974464804616126,-6.651655896532532,-36.31700905887711,-0.22714728554815733,-3.4227432410913803,14.41623681380611,-18.823402310208095,-5.405263025764159
-1.0697167748753251,17.55438211770877,36.97704890424854,22.624441376069868,-36.102085298651666,22.70488395085619,-35.73442156817402,-6.0409266215956645,7.345787857908159,-0.5028342708746256,4.273357257421979,-3.6409121378541345,-0.4881827309914589
-3.6165130586135463,-37.55906813054944,22.624441376069868,88.89910513735757,8.541589105220845,37.3750525151995,12.264439944640724,57.4141469596748,3.770020795582874,9.76417182232875,-17.46411993495776,25.10074467730017,-0.12340810922961619
-3.1299913775816623,11.662156676768825,-36.102085298651666,8.541589105220845,192.7130366959121,-93.22403694098153,133.8259930084028,60.493616685483914,-16.56868384809228,15.090767027759824,-6.711112604582351,13.278775779858101,-7.493743678539383
-0.7435567076544355,-43.974464804616126,22.70488395085619,37.3750525151995,-93.22403694098153,184.8475139895766,-44.4691832418091,22.35741171531912,48.560947648738384,-23.511748380397485,2.5139649813238267,7.205007706004555,27.35957601623218
-3.4895625409675497,-6.651655896532532,-35.73442156817402,12.264439944640724,133.8259930084028,-44.4691832418091,146.1768916341915,80.01238900949768,-4.019091490149594,19.018210599141778,-15.168843740994365,24.75228264739171,-0.18613959961570686
-6.148629497391403,-36.31700905887711,-6.0409266215956645,57.4141469596748,60.493616685483914,22.35741171531912,80.01238900949768,121.11566189588984,24.53957747066827,9.040271938555517,-10.378748077339813,32.62488993029166,13.601101511601053
-1.329688209173347,-0.22714728554815733,7.345787857908159,3.770020795582874,-16.56868384809228,48.560947648738384,-4.019091490149594,24.53957747066827,68.1461470353743,16.18531469039756,24.31887225326177,13.0774741754404,18.637377070800657
2.6569879005769352,-3.4227432410913803,-0.5028342708746256,9.76417182232875,15.090767027759824,-23.511748380397485,19.018210599141778,9.040271938555517,16.18531469039756,79.94867186855772,36.4307183105669,24.527090947918325,5.61716960365516
2.3737417469038062,14.41623681380611,4.273357257421979,-17.46411993495776,-6.711112604582351,2.5139649813238267,-15.168843740994365,-10.378748077339813,24.31887225326177,36.4307183105669,75.92134130042106,22.73435544911776,18.05798645521551
-1.373671009083684,-18.823402310208095,-3.6409121378541345,25.10074467730017,13.278775779858101,7.205007706004555,24.75228264739171,32.62488993029166,13.0774741754404,24.527090947918325,22.73435544911776,63.58965957717725,32.404660124319136
-0.30466895639339936,-5.405263025764159,-0.4881827309914589,-0.12340810922961619,-7.493743678539383,27.35957601623218,-0.18613959961570686,13.601101511601053,18.637377070800657,5.61716960365516,18.05798645521551,32.404660124319136,50.576404308254226
