3.6761450292948057,0.13387100400450694,-2.472538482366094,-12.684278505005437,-11.188378715046376,-1.4190553390686023,1.8858647605610197,-7.981589117239311,-2.091237365397445,-9.139644903084058,-11.492185736539735,-12.274546046898575,0.47171986262605325
0.13387100400450694,58.21753195526922,7.702183035070071,-39.24501817784524,60.61530444962856,-35.92195952989045,21.287289242678398,-26.47726655650745,15.970250771099092,-37.302694349165066,27.51180254761561,-25.413156110451204,9.112724002498634
-2.472538482366094,7.702183035070071,46.99634471996997,57.36202880349649,-28.783590449410635,-12.889986729595893,-20.105658722554267,29.24065589551054,-13.34597115555916,-4.960515261978262,-24.090222770577174,10.900107284492636,-6.896681544584796
-12.684278505005437,-39.24501817784524,57.36202880349649,151.4830454182598,-34.41176055490325,18.773160767468767,-50.086328619551026,76.62059437722885,-32.64059831365409,43.44953108403244,-24.877474451084698,70.13436625165238,-15.404766281930002
-11.188378715046376,60.61530444962856,-28.783590449410635,-34.41176055490325,211.6914276090298,5.716140298520814,58.935069108546834,-39.31015275254874,12.517396616443534,-55.879639695078,77.07530250076225,2.472856928200698,42.33936144231425
-1.4190553390686023,-35.92195952989045,-12.889986729595893,18.773160767468767,5.716140298520814,126.03919760194087,25.53585774942405,-13.905597362112866,-19.402524317617086,35.00273684489327,-2.735823164667916,24.20744736625432,22.660554377298837
1.8858647605610197,21.287289242678398,-20.105658722554267,-50.086328619551026,58.935069108546834,25.53585774942405,99.05243157750202,29.814495536698026,29.305834595178236,-58.4970144373418,-18.962699330671605,-49.29732389964608,13.804608012446797
-7.981589117239311,-26.47726655650745,29.24065589551054,76.62059437722885,-39.31015275254874,-13.905597362112866,29.814495536698026,171.14618280455716,79.59643135167039,47.225031316358674,-36.24311779844131,-11.835488904987583,-64.35996613250771
-2.091237365397445,15.970250771099092,-13.34597115555916,-32.64059831365409,12.517396616443534,-19.402524317617086,29.305834595178236,79.59643135167039,166.3136554359812,140.74819997666947,78.17719496435556,-42.35228127636136,-86.35297445328854
-9.139644903084058,-37.302694349165066,-4.960515261978262,43.44953108403244,-55.879639695078,35.00273684489327,-58.4970144373418,47.225031316358674,140.74819997666947,334.2860080919572,205.20475216466,98.29219663471287,-103.88517271040598
-11.492185736539735,27.51180254761561,-24.090222770577174,-24.877474451084698,77.07530250076225,-2.735823164667916,-18.962699330671605,-36.24311779844131,78.17719496435556,205.20475216466,300.21018783846733,168.10788595277816,10.597804796031374
-12.274546046898575,-25.413156110451204,10.900107284492636,70.13436625165238,2.472856928200698,24.20744736625432,-49.29732389964608,-11.835488904987583,-42.35228127636136,98.29219663471287,168.10788595277816,253.39270882891,113.75089906419846
0.47171986262605325,9.112724002498634,-6.896681544584796,-15.404766281930002,42.33936144231425,22.660554377298837,13.804608012446797,-64.35996613250771,-86.35297445328854,-103.88517271040598,10.597804796031374,113.75089906419846,195.65336585674893
