1.9490723779844636,2.008083979215248,1.1553294812426538,-4.504723420435244,-7.445729526447351,0.8497348920776775,-2.187007342471422,-5.2325989438475595,-4.093975705631143,-6.67655367164316,-4.34022601017471,-2.8966716020146914,-1.311182146181669
2.008083979215248,44.94015815173347,10.05989217184093,-19.16619689751755,46.34173035703209,-33.0124664360421,21.867531695559723,-4.621944365163288,4.829156906999044,-20.15122751291962,13.959920123641579,-17.895337270407538,2.748171572482017
1.1553294812426538,10.05989217184093,63.49151670565132,83.57132998597265,-4.6070759744785486,59.10514088548206,-33.285065827929216,9.234230766101442,-1.1248305178407874,-5.350521475021926,-36.840824586149786,-5.053443340643567,-8.377736940718556
-4.504723420435244,-19.16619689751755,83.57132998597265,181.33426376744052,44.408723439145305,75.38962974234867,-48.49805135150263,29.716435288577095,-16.307681608531183,28.850030205949583,-51.93088213864379,14.762780766620407,-20.951572945121026
-7.445729526447351,46.34173035703209,-4.6070759744785486,44.408723439145305,225.47394915262862,-101.63347150376251,69.56721017710926,25.622173961515728,-11.93736047294155,19.427283257640173,48.13523429226727,-5.376692512646723,-7.281303684842786
0.8497348920776775,-33.0124664360421,59.10514088548206,75.38962974234867,-101.63347150376251,191.95728992145172,-51.8057482833944,19.08013190450653,39.88808932178504,1.6590260276557238,-46.62172870451725,19.776385558519433,17.71382272953273
-2.187007342471422,21.867531695559723,-33.285065827929216,-48.49805135150263,69.56721017710926,-51.8057482833944,100.41668087164157,37.47796879631344,17.07682704811435,15.10323862465727,38.13415988772723,-6.953832199106248,6.7694229906536405
-5.2325989438475595,-4.621944365163288,9.234230766101442,29.716435288577095,25.622173961515728,19.08013190450653,37.47796879631344,81.85584225038492,60.229588408260994,39.22323464568209,16.040757292280894,8.099481170390934,3.1764609133695956
-4.093975705631143,4.829156906999044,-1.1248305178407874,-16.307681608531183,-11.93736047294155,39.88808932178504,17.07682704811435,60.229588408260994,112.08582643833834,43.50464805867407,35.36064120609822,8.856799310451374,18.956046105002244
-6.67655367164316,-20.15122751291962,-5.350521475021926,28.850030205949583,19.427283257640173,1.6590260276557238,15.10323862465727,39.22323464568209,43.50464805867407,93.77831237897996,40.154531445429164,31.04584347213553,10.312872926598237
-4.34022601017471,13.959920123641579,-36.840824586149786,-51.93088213864379,48.13523429226727,-46.62172870451725,38.13415988772723,16.040757292280894,35.36064120609822,40.154531445429164,107.5507676378395,42.953586793846206,33.743701304713056
-2.8966716020146914,-17.895337270407538,-5.053443340643567,14.762780766620407,-5.376692512646723,19.776385558519433,-6.953832199106248,8.099481170390934,8.856799310451374,31.04584347213553,42.953586793846206,86.99938570301427,58.91422978387456
-1.311182146181669,2.748171572482017,-8.377736940718556,-20.951572945121026,-7.281303684842786,17.71382272953273,6.7694229906536405,3.1764609133695956,18.956046105002244,10.312872926598237,33.743701304713056,58.91422978387456,83.88043117167553
