2.188567131788293,3.383096666117614,0.7395635075816631,-8.604281401990956,-14.28943122715201,-2.127526124379137,-0.3930554104176455,-7.209298198090492,-9.472372096044122,-5.690045956654586,-2.8040862113217346,0.1188285784987098,4.928178542636795
3.383096666117614,57.431413811706435,8.482742097490506,-56.921686529481235,15.894374124025267,-37.814079275433535,10.055215176670625,-23.346593632076843,-2.08919762698722,-54.45396301390899,14.74392210189851,-3.530784675359329,4.890519091671273
0.7395635075816631,8.482742097490506,25.5289896056635,15.340545834875163,-36.019819250037635,25.18171518814808,-3.147416208788381,0.3649387162990542,-18.419445865029356,8.929249005938763,-10.570023395320838,2.2297465210733844,9.238867276976187
-8.604281401990956,-56.921686529481235,15.340545834875163,113.26670137257072,16.667636419092055,62.143927830245,-2.345213950013114,49.04611245001898,19.873407956920584,82.93734207888619,-11.28848510294536,4.964202997452197,-11.341101123317815
-14.28943122715201,15.894374124025267,-36.019819250037635,16.667636419092055,285.5270439240615,-61.65476459912577,27.324251996506703,61.39673052524693,146.7120101763123,-26.396646221271148,74.03416085894428,5.217930103606037,-58.044378352830535
-2.127526124379137,-37.814079275433535,25.18171518814808,62.143927830245,-61.65476459912577,100.18770663253218,5.496005254079766,26.34282274080383,-15.17171925953562,68.21696419617139,-18.64714653655612,3.985646041388,15.697796396837939
-0.3930554104176455,10.055215176670625,-3.147416208788381,-2.345213950013114,27.324251996506703,5.496005254079766,46.469487005988114,23.41920044491792,17.641142319708745,4.776191933806349,18.981653156086377,7.817313327772846,5.22191606862692
-7.209298198090492,-23.346593632076843,0.3649387162990542,49.04611245001898,61.39673052524693,26.34282274080383,23.41920044491792,76.02553001553707,66.25546130420224,47.7029362627621,28.089146466562553,22.119971538815342,-10.254783412140858
-9.472372096044122,-2.08919762698722,-18.419445865029356,19.873407956920584,146.7120101763123,-15.17171925953562,17.641142319708745,66.25546130420224,129.6964858257505,34.96404866700304,59.92943885601196,17.449530576317724,-19.579483605595676
-5.690045956654586,-54.45396301390899,8.929249005938763,82.93734207888619,-26.396646221271148,68.21696419617139,4.776191933806349,47.7029362627621,34.96404866700304,134.8768093587572,14.72185992080586,17.98925428701412,11.434643600956461
-2.8040862113217346,14.74392210189851,-10.570023395320838,-11.28848510294536,74.03416085894428,-18.64714653655612,18.981653156086377,28.089146466562553,59.92943885601196,14.72185992080586,72.71363770236566,31.560977938860912,4.759162557112753
0.1188285784987098,-3.530784675359329,2.2297465210733844,4.964202997452197,5.217930103606037,3.985646041388,7.817313327772846,22.119971538815342,17.449530576317724,17.98925428701412,31.560977938860912,54.33720629117741,30.50285695262699
4.928178542636795,4.890519091671273,9.238867276976187,-11.341101123317815,-58.044378352830535,15.697796396837939,5.22191606862692,-10.254783412140858,-19.579483605595676,11.434643600956461,4.759162557112753,30.50285695262699,58.3943161646244
