1.624447497229003,-1.434162137008375,-4.212161988402004,-6.874798699749757,-0.9234120017380166,1.0534534512427476,-3.318754066089059,-7.2900700360645505,1.4067127584286896,-0.8505445140924763,-0.9417544830672436,-2.203980084938308,1.5589410032044442
-1.434162137008375,63.26153701919282,22.556155318946896,-34.102827505335966,15.113234414779745,-34.133286389433806,10.762394840158484,-20.69338286529888,3.4408033691410576,-2.5794026052981094,8.594842102776378,-25.004430750647902,7.096702413268463
-4.212161988402004,22.556155318946896,54.38652075808545,35.792458171113616,-56.65293401757712,36.03261601804985,-28.023555018061057,13.959962309730445,3.8027845905684847,6.7046455567448,-7.160325659400229,1.2728255853597656,4.841212920148481
-6.874798699749757,-34.102827505335966,35.792458171113616,107.56075508094031,-16.024459712034428,16.37767483656524,-0.5350211054601719,75.9423585754519,-14.61461533112322,12.403861975371731,0.70466767623393,43.41101637051179,-19.2797522959043
-0.9234120017380166,15.113234414779745,-56.65293401757712,-16.024459712034428,216.95727176996934,-114.17935660702321,104.01922027936929,17.05311798481926,-18.129332895808353,-10.733878612455191,37.46358567220388,0.2762142808518933,-14.294686549722789
1.0534534512427476,-34.133286389433806,36.03261601804985,16.37767483656524,-114.17935660702321,234.74896084642592,-60.75338281571542,-42.86101116316168,43.307133569866835,3.0990826102288085,-37.17002999830165,-16.260217499967826,46.08494458002245
-3.318754066089059,10.762394840158484,-28.023555018061057,-0.5350211054601719,104.01922027936929,-60.75338281571542,114.20202594127267,61.02970480768273,-4.191861156551748,15.482548037345008,28.473432726723132,14.782699029013987,-13.639573603287136
-7.2900700360645505,-20.69338286529888,13.959962309730445,75.9423585754519,17.05311798481926,-42.86101116316168,61.02970480768273,148.36556025176947,8.690127970544394,28.0980004248365,36.71062265213563,53.23355109748843,-25.857921822015527
1.4067127584286896,3.4408033691410576,3.8027845905684847,-14.61461533112322,-18.129332895808353,43.307133569866835,-4.191861156551748,8.690127970544394,69.77761399740072,29.189898850083818,15.671930486143882,4.372956256368668,21.0740008289149
-0.8505445140924763,-2.5794026052981094,6.7046455567448,12.403861975371731,-10.733878612455191,3.0990826102288085,15.482548037345008,28.0980004248365,29.189898850083818,71.69653165962455,34.51807358363581,26.887938672932066,7.867422539812331
-0.9417544830672436,8.594842102776378,-7.160325659400229,0.70466767623393,37.46358567220388,-37.17002999830165,28.473432726723132,36.71062265213563,15.671930486143882,34.51807358363581,75.38874299848845,31.830665585793092,6.684814232638481
-2.203980084938308,-25.004430750647902,1.2728255853597656,43.41101637051179,0.2762142808518933,-16.260217499967826,14.782699029013987,53.23355109748843,4.372956256368668,26.887938672932066,31.830665585793092,74.501257507734,13.828819490938333
1.5589410032044442,7.096702413268463,4.841212920148481,-19.2797522959043,-14.294686549722789,46.08494458002245,-13.639573603287136,-25.857921822015527,21.0740008289149,7.867422539812331,6.684814232638481,13.828819490938333,62.16476024619642
