3.2429625073093624,3.468406591571396,2.1911854289376453,-3.054920569714193,-7.007280422748401,-9.478190734113115,-6.765828625545377,-7.921808465772589,-5.857766202354495,-5.1323533668811585,-3.992640819676022,-0.38378567118524115,0.9802150475771505
3.468406591571396,58.758811007324184,17.2791091752925,-42.00757982429607,48.06469337628162,-38.59734938961658,-11.411342990935994,-28.05617448416606,34.090177197567094,-48.46514538787258,11.630557346360138,-1.1189380854393718,15.825888994663655
2.1911854289376453,17.2791091752925,47.76346555824321,52.653229158595295,-25.42967639342968,-0.9626804903709429,-21.30829486266877,4.129324336090919,-26.075571074758145,8.888710254820523,-9.861913049774856,8.698845295081776,6.055979594920838
-3.054920569714193,-42.00757982429607,52.653229158595295,143.52858161222855,-69.00475988027613,52.91597406837707,-8.745529031849129,45.90880972681863,-74.85376598599667,70.47042901959256,-24.262913278516493,13.337945446247094,-13.148787754028536
-7.007280422748401,48.06469337628162,-25.42967639342968,-69.00475988027613,172.78554709076042,15.169557993186244,39.93839579257541,-8.609801540506378,98.90536476465243,-59.18310424890218,36.78962777955229,-6.420783496430635,7.930567819128293
-9.478190734113115,-38.59734938961658,-0.9626804903709429,52.91597406837707,15.169557993186244,94.16054053416218,49.44405075465719,51.35451213831399,4.495845580793808,52.653961240702635,9.694003074847057,4.359963275478577,-2.569698421571224
-6.765828625545377,-11.411342990935994,-21.30829486266877,-8.745529031849129,39.93839579257541,49.44405075465719,66.60422187171393,45.30435071872182,39.908655395241944,19.54634442987322,23.315101776452504,2.9801752727720174,5.221934580730528
-7.921808465772589,-28.05617448416606,4.129324336090919,45.90880972681863,-8.609801540506378,51.35451213831399,45.30435071872182,82.37210068512059,24.452738485234224,53.54872843003414,16.51525496126218,18.849656947880483,3.911826509378223
-5.857766202354495,34.090177197567094,-26.075571074758145,-74.85376598599667,98.90536476465243,4.495845580793808,39.908655395241944,24.452738485234224,120.41462193020236,-8.513592813981752,47.939566600087836,9.441860676342356,25.45275636867659
-5.1323533668811585,-48.46514538787258,8.888710254820523,70.47042901959256,-59.18310424890218,52.653961240702635,19.54634442987322,53.54872843003414,-8.513592813981752,106.93653850553305,21.855329133842563,22.49810284528868,4.546736577418408
-3.992640819676022,11.630557346360138,-9.861913049774856,-24.262913278516493,36.78962777955229,9.694003074847057,23.315101776452504,16.51525496126218,47.939566600087836,21.855329133842563,62.343577014993954,27.663758594435663,22.172728595560482
-0.38378567118524115,-1.1189380854393718,8.698845295081776,13.337945446247094,-6.420783496430635,4.359963275478577,2.9801752727720174,18.849656947880483,9.441860676342356,22.49810284528868,27.663758594435663,47.56102232037707,33.290790459075744
0.9802150475771505,15.825888994663655,6.055979594920838,-13.148787754028536,7.930567819128293,-2.569698421571224,5.221934580730528,3.911826509378223,25.45275636867659,4.546736577418408,22.172728595560482,33.290790459075744,52.84859504516598
