0.5784620912949814,0.25728911064058924,0.3006807903158274,-0.5738226191689528,-1.7360782483958008,-0.8426455114345834,-1.563139664820038,-1.0932505647764257,-0.2456949830031318,0.0018049188682769605,-1.2371855924088948,-0.8726470156551646,0.4048189832258844
0.25728911064058924,48.7070100831304,6.2280867732868295,-35.80994042299107,36.81119368627968,-44.92642586863888,10.386693807090307,-2.6151355743134928,18.235557926643096,-31.579420167000006,19.01644325641788,-7.434997889450982,-10.418340254180885
0.3006807903158274,6.2280867732868295,25.524608027026975,17.898124689973223,-37.02707717531899,17.469777333448093,-10.698327870132186,10.254008743248383,-7.390218513521828,11.31458962750767,-15.306080367316879,-0.2782692751400213,1.3438693343648505
-0.5738226191689528,-35.80994042299107,17.898124689973223,64.58309879162165,-39.8821350919511,57.49073108839755,1.113523681571179,15.374283306304244,-16.347048915248248,44.278911056316346,-21.019854905812885,6.641205496151371,10.901367660869827
-1.7360782483958008,36.81119368627968,-37.02707717531899,-39.8821350919511,205.114241691072,-48.01316240834655,61.727259005710614,6.990531178038989,67.88712846269183,-49.3959161470694,78.34209459447975,11.876281315752374,-14.746192249496413
-0.8426455114345834,-44.92642586863888,17.469777333448093,57.49073108839755,-48.01316240834655,115.04241187828003,8.064344559660366,25.708026122866446,-14.05415358768436,50.92930204799788,-20.33901868828879,9.687396914614615,15.319833162518263
-1.563139664820038,10.386693807090307,-10.698327870132186,1.113523681571179,61.727259005710614,8.064344559660366,67.90181272666145,29.72336042093214,26.181256055200823,2.571773237425407,25.213148482262774,8.537906449985138,0.5435802703932076
-1.0932505647764257,-2.6151355743134928,10.254008743248383,15.374283306304244,6.990531178038989,25.708026122866446,29.72336042093214,58.52051504437519,35.10781382273368,22.646797427956177,12.455693978772707,12.695151831968365,0.6287125954936991
-0.2456949830031318,18.235557926643096,-7.390218513521828,-16.347048915248248,67.88712846269183,-14.05415358768436,26.181256055200823,35.10781382273368,86.39030272112215,20.308383524731294,47.71934629311091,10.404407097761823,1.8031463840781703
0.0018049188682769605,-31.579420167000006,11.31458962750767,44.278911056316346,-49.3959161470694,50.92930204799788,2.571773237425407,22.646797427956177,20.308383524731294,106.60559267096814,14.82467048249786,21.385784808232398,16.413100485267154
-1.2371855924088948,19.01644325641788,-15.306080367316879,-21.019854905812885,78.34209459447975,-20.33901868828879,25.213148482262774,12.455693978772707,47.71934629311091,14.82467048249786,96.97772444691944,42.8690651364491,9.343310957482226
-0.8726470156551646,-7.434997889450982,-0.2782692751400213,6.641205496151371,11.876281315752374,9.687396914614615,8.537906449985138,12.695151831968365,10.404407097761823,21.385784808232398,42.8690651364491,66.83835538415961,41.15239675090394
0.4048189832258844,-10.418340254180885,1.3438693343648505,10.901367660869827,-14.746192249496413,15.319833162518263,0.5435802703932076,0.6287125954936991,1.8031463840781703,16.413100485267154,9.343310957482226,41.15239675090394,67.66963336874271
