0.9896617967266623,-1.408897412220808,-2.643821962626132,-2.201873034991284,0.15874224423207628,-1.9389173668182196,-1.0293182611722862,-1.4246671630028471,0.318591277450432,0.7806273634215517,0.6869274927686226,0.09823819639566932,-0.21036586074837182
-1.408897412220808,42.978373394644684,2.953448040160919,-29.088454567315978,40.15982111489125,-41.186986920364355,28.423721120428088,-6.53893155697277,1.4737286824195257,-2.884728736290487,3.6326877202583994,-2.8689122766154713,-0.5901743952729007
-2.643821962626132,2.953448040160919,25.830460847171537,25.04834738211404,-23.882600875481472,38.627670740133325,-13.716256750418605,10.019734398573165,6.2707508436341035,-6.759639679618251,2.9017545986848834,4.412678692108219,6.595308549141575
-2.201873034991284,-29.088454567315978,25.04834738211404,65.45570045600019,-20.85538736298651,57.30677175825247,-12.623332126146682,16.928424525231495,-1.2547568289525786,7.904049853203095,-4.319035022937949,12.306524226735341,5.664646150315798
0.15874224423207628,40.15982111489125,-23.882600875481472,-20.85538736298651,162.3452799266362,-102.54287839808148,98.87860940285468,-0.35799023918608824,-25.13142307011286,34.709370544048745,-3.310672513515776,-2.297815364176377,-7.109151127883865
-1.9389173668182196,-41.186986920364355,38.627670740133325,57.30677175825247,-102.54287839808148,202.19630538962366,-56.17436687104873,34.22339825623536,61.2947609318449,-29.0427219994878,14.665173480573714,0.32021069395166807,27.078485995581925
-1.0293182611722862,28.423721120428088,-13.716256750418605,-12.623332126146682,98.87860940285468,-56.17436687104873,124.57696334999311,39.65059673295265,-4.122690750635802,41.56940904715619,-2.8681041703710934,6.883136056157944,-13.967847172574508
-1.4246671630028471,-6.53893155697277,10.019734398573165,16.928424525231495,-0.35799023918608824,34.22339825623536,39.65059673295265,72.51716236013971,31.952179221371487,18.795576098213264,15.90328635683467,3.2094735818485325,0.8840427732741795
0.318591277450432,1.4737286824195257,6.2707508436341035,-1.2547568289525786,-25.13142307011286,61.2947609318449,-4.122690750635802,31.952179221371487,79.79247307556729,9.597142468130782,22.76741967017727,5.477723214999213,13.726395629817635
0.7806273634215517,-2.884728736290487,-6.759639679618251,7.904049853203095,34.709370544048745,-29.0427219994878,41.56940904715619,18.795576098213264,9.597142468130782,75.79246103470153,19.469005309759734,19.644406761837864,3.8601287502314174
0.6869274927686226,3.6326877202583994,2.9017545986848834,-4.319035022937949,-3.310672513515776,14.665173480573714,-2.8681041703710934,15.90328635683467,22.76741967017727,19.469005309759734,59.435993884324105,25.991663993273505,20.3190474488079
0.09823819639566932,-2.8689122766154713,4.412678692108219,12.306524226735341,-2.297815364176377,0.32021069395166807,6.883136056157944,3.2094735818485325,5.477723214999213,19.644406761837864,25.991663993273505,53.206108877033834,28.400850933259605
-0.21036586074837182,-0.5901743952729007,6.595308549141575,5.664646150315798,-7.109151127883865,27.078485995581925,-13.967847172574508,0.8840427732741795,13.726395629817635,3.8601287502314174,20.3190474488079,28.400850933259605,52.16096424912465
