1.8350975919647863,2.3791504826677916,-2.55816959564212,-11.267719895864312,-8.599708813814226,-3.1370919470315974,-0.7494888917517349,-7.503215508147218,-0.7599172384355499,-0.3404922401832209,-1.2231413418892265,-3.9750085698290656,2.8851906057112604
2.3791504826677916,57.4931815389537,-0.9126394649997344,-67.96871712174372,44.89901774555777,-34.92702596096247,8.136199473998925,-29.799899509078006,33.24511720592648,-48.90244656712743,24.487651405657477,-15.016194850390349,15.463793183906171
-2.55816959564212,-0.9126394649997344,39.66734461083498,58.029888786518356,-27.188784416158978,31.492595367941707,-3.2494137344815277,13.88582104453705,-28.832030221980105,20.7962403170728,-14.124427048191793,4.615565481369464,-2.1884563016005885
-11.267719895864312,-67.96871712174372,58.029888786518356,197.41966273974964,-16.79221338976127,81.23908415243123,-1.5989999657437266,91.18802302013269,-55.303365931923224,74.68727679228813,-26.551625048478055,40.27682966588805,-36.012471015939
-8.599708813814226,44.89901774555777,-27.188784416158978,-16.79221338976127,249.1255610366646,-37.77000434201682,41.46165772817266,61.35867038894667,122.93770259232424,-79.81145693939962,79.62427150445029,26.6518927631137,-19.23862649850351
-3.1370919470315974,-34.92702596096247,31.492595367941707,81.23908415243123,-37.77000434201682,113.39744248489228,38.4182944253643,49.94640127645196,-10.54162494885664,81.6327767967344,-19.53547084783524,5.470680420354067,3.2854172577547796
-0.7494888917517349,8.136199473998925,-3.2494137344815277,-1.5989999657437266,41.46165772817266,38.4182944253643,69.73910317857792,57.08730043383144,53.15478247873343,23.493551106299943,28.614647168053548,4.865346906286169,9.009973744922247
-7.503215508147218,-29.799899509078006,13.88582104453705,91.18802302013269,61.35867038894667,49.94640127645196,57.08730043383144,138.08148728854056,66.44039397604087,56.857699918373065,34.91982271954378,40.56475975720051,-20.555271572496213
-0.7599172384355499,33.24511720592648,-28.832030221980105,-55.303365931923224,122.93770259232424,-10.54162494885664,53.15478247873343,66.44039397604087,152.3969313543139,12.981884352391386,71.26378421927384,12.49995403224703,9.757067610557016
-0.3404922401832209,-48.90244656712743,20.7962403170728,74.68727679228813,-79.81145693939962,81.6327767967344,23.493551106299943,56.857699918373065,12.981884352391386,144.768623549964,6.499797831073296,17.659171529681604,4.238165566824055
-1.2231413418892265,24.487651405657477,-14.124427048191793,-26.551625048478055,79.62427150445029,-19.53547084783524,28.614647168053548,34.91982271954378,71.26378421927384,6.499797831073296,84.17035382573106,31.421884386500334,6.045913744468846
-3.9750085698290656,-15.016194850390349,4.615565481369464,40.27682966588805,26.6518927631137,5.470680420354067,4.865346906286169,40.56475975720051,12.49995403224703,17.659171529681604,31.421884386500334,54.347226745237315,7.083637228568762
2.8851906057112604,15.463793183906171,-2.1884563016005885,-36.012471015939,-19.23862649850351,3.2854172577547796,9.009973744922247,-20.555271572496213,9.757067610557016,4.238165566824055,6.045913744468846,7.083637228568762,49.43622605259293
