1.43948049097163,2.7587652302060386,3.8817334076149943,0.44650168379865124,-8.700873787550714,-3.2974766270768803,-4.960807974033184,-3.4161146996167178,-2.3026715426367974,2.7056142010807247,-2.132961607371903,-2.5719514637161356,-1.5101482901192174
2.7587652302060386,58.18604928886789,21.90727825377454,-30.71586059771504,18.39416200918659,-42.74386273258261,-8.377967454032936,-12.3426153907614,23.420552568420998,-21.365816378701886,16.901959106792752,-15.180325274242268,-10.493777248235379
3.8817334076149943,21.90727825377454,53.95808427619127,35.95111142199186,-73.861212063073,14.739386814260115,-31.165781244270416,-5.086904807908666,-19.595251653209022,37.43469716025013,-17.91653858127308,-5.985608939246448,3.673076278854725
0.44650168379865124,-30.71586059771504,35.95111142199186,84.68483565673276,-57.53870266616257,57.68750355210319,-7.899819417272749,10.850289160897558,-41.152471190636454,52.06977077689357,-26.4923793518754,12.015197531610529,13.36352079409451
-8.700873787550714,18.39416200918659,-73.861212063073,-57.53870266616257,289.93615594248763,-32.72268477455151,87.21930245405318,26.225741874966193,84.47502610329094,-125.78402841847289,74.30919329815195,24.974418954810993,-13.049535347020717
-3.2974766270768803,-42.74386273258261,14.739386814260115,57.68750355210319,-32.72268477455151,133.58537781311713,40.859720957682356,36.7356276918449,-16.355612009480165,57.47394296463722,-22.149538192444627,8.178240046516981,25.295096701805146
-4.960807974033184,-8.377967454032936,-31.165781244270416,-7.899819417272749,87.21930245405318,40.859720957682356,90.79440298557424,49.42580783911818,36.887501941367596,-11.636652796147509,21.29567894422326,7.527792199311137,8.551852970953243
-3.4161146996167178,-12.3426153907614,-5.086904807908666,10.850289160897558,26.225741874966193,36.7356276918449,49.42580783911818,65.45919977858634,36.61585968408498,12.150260012221727,12.687085837999975,17.942503755129266,10.864864080873629
-2.3026715426367974,23.420552568420998,-19.595251653209022,-41.152471190636454,84.47502610329094,-16.355612009480165,36.887501941367596,36.61585968408498,87.31699597038192,-14.67820725536855,41.134256685419295,9.702800279557206,7.816879299451741
2.7056142010807247,-21.365816378701886,37.43469716025013,52.06977077689357,-125.78402841847289,57.47394296463722,-11.636652796147509,12.150260012221727,-14.67820725536855,121.22424451752461,-9.436984299096412,9.141000018953411,29.69351536169097
-2.132961607371903,16.901959106792752,-17.91653858127308,-26.4923793518754,74.30919329815195,-22.149538192444627,21.29567894422326,12.687085837999975,41.134256685419295,-9.436984299096412,73.33987089238671,39.270165234312756,18.323890501855537
-2.5719514637161356,-15.180325274242268,-5.985608939246448,12.015197531610529,24.974418954810993,8.178240046516981,7.527792199311137,17.942503755129266,9.702800279557206,9.141000018953411,39.270165234312756,70.2874922024604,45.05895404166825
-1.5101482901192174,-10.493777248235379,3.673076278854725,13.36352079409451,-13.049535347020717,25.295096701805146,8.551852970953243,10.864864080873629,7.816879299451741,29.69351536169097,18.323890501855537,45.05895404166825,64.47525326040112
