0.7133697538000261,1.1705301649735047,0.890006838936422,-1.8642274533789638,-4.532675307298044,-1.2232623272763201,-2.2869513856661623,-1.603522251792491,-0.004574241792556252,-0.1463190596999724,-1.503329930565837,-1.630439000429539,-0.5197558626710385
1.1705301649735047,49.36471874457489,7.331436341914268,-33.11640384830178,26.422178808953287,-53.083856237667945,16.706485639314103,-10.223851621698817,-2.0897339846393397,-15.998407056760923,13.27469705840379,-24.889644663395494,-8.548075060506491
0.890006838936422,7.331436341914268,34.8944402275838,17.41444404039691,-62.128511290448785,31.8632312752497,-27.18017661996068,-3.080999294298728,-8.522237833385626,5.934564953229736,-22.216925287788868,-4.498684945670545,-5.144758049703219
-1.8642274533789638,-33.11640384830178,17.41444404039691,57.580370532002505,-22.93694217730459,55.95563617246033,-17.62910729727763,10.10169464573332,-2.994141237944849,17.806282650976193,-14.850017930373092,23.02572128111629,4.930430529522105
-4.532675307298044,26.422178808953287,-62.128511290448785,-22.93694217730459,246.5230899391099,-107.18398212556154,94.80211551118845,18.78301453472839,19.86856632262551,-25.7058395201066,82.96087259641166,7.883835196728482,9.714201666409195
-1.2232623272763201,-53.083856237667945,31.8632312752497,55.95563617246033,-107.18398212556154,156.14431469292663,-29.897196007550015,16.752608445625352,6.114967873540359,34.4338099890837,-37.846296576986795,26.492903564826886,13.292882414386183
-2.2869513856661623,16.706485639314103,-27.18017661996068,-17.62910729727763,94.80211551118845,-29.897196007550015,83.64261832095717,27.999498195876857,18.50239432874737,-0.1134541774190008,35.01713904026491,3.898688379843938,9.343692674373164
-1.603522251792491,-10.223851621698817,-3.080999294298728,10.10169464573332,18.78301453472839,16.752608445625352,27.999498195876857,49.555449059874285,29.23942891620247,14.636102062269016,15.960344937840334,14.899775437968513,9.877218485461423
-0.004574241792556252,-2.0897339846393397,-8.522237833385626,-2.994141237944849,19.86856632262551,6.114967873540359,18.50239432874737,29.23942891620247,53.97759593619508,26.51305381925523,23.62340301819222,12.538822075903424,11.426292321537238
-0.1463190596999724,-15.998407056760923,5.934564953229736,17.806282650976193,-25.7058395201066,34.4338099890837,-0.1134541774190008,14.636102062269016,26.51305381925523,64.58977603503057,16.76343812627208,23.34074529314578,12.23662181450808
-1.503329930565837,13.27469705840379,-22.216925287788868,-14.850017930373092,82.96087259641166,-37.846296576986795,35.01713904026491,15.960344937840334,23.62340301819222,16.76343812627208,80.29745534386562,28.411180164190164,18.998803652782268
-1.630439000429539,-24.889644663395494,-4.498684945670545,23.02572128111629,7.883835196728482,26.492903564826886,3.898688379843938,14.899775437968513,12.538822075903424,23.34074529314578,28.411180164190164,65.14456973751763,36.88713836143591
-0.5197558626710385,-8.548075060506491,-5.144758049703219,4.930430529522105,9.714201666409195,13.292882414386183,9.343692674373164,9.877218485461423,11.426292321537238,12.23662181450808,18.998803652782268,36.88713836143591,49.34945517125776
