0.6587386644411479,0.07224821089798153,-1.1902567393839227,-2.6419037176747837,-1.7851482175070597,-0.17522459147679445,0.1609012516663146,-0.9479885934988344,-0.6530446985332172,-0.41521710968436204,0.4825526515261859,0.03521745969743472,-0.2686178297243097
0.07224821089798153,43.94457553244752,8.61286150754071,-29.995401222963178,14.099852312177594,-31.376010654464064,26.086845969074133,-3.306286146288776,-13.514335409198358,-6.681885222265639,3.9532653987197963,-4.561882052282804,-2.7154684701207676
-1.1902567393839227,8.61286150754071,27.31237318207746,22.818730554140597,-22.663229177436065,29.822319034381344,-12.92147006674598,10.839394720912798,5.869761409560689,-5.871331410938778,0.9507654974076967,-1.617730828150566,1.1526975831568167
-2.6419037176747837,-29.995401222963178,22.818730554140597,77.02560215247466,18.61759111991908,41.00798117111445,-16.552229162883645,17.479657022002296,24.283658010873694,16.979065949106914,-7.871099053870593,4.9071946828754704,-0.3927073629940223
-1.7851482175070597,14.099852312177594,-22.663229177436065,18.61759111991908,190.53909552385323,-90.15524165415447,82.99776354357014,8.67946824489232,-6.455619819500973,48.800133070067766,-2.7329486149509674,0.21057369483251728,-9.296156663783405
-0.17522459147679445,-31.376010654464064,29.822319034381344,41.00798117111445,-90.15524165415447,185.20987271490253,-33.643297427621704,25.82589045854406,35.86602823427983,-35.167740178672084,14.161755333991719,0.8138571721339867,14.660407170042943
0.1609012516663146,26.086845969074133,-12.92147006674598,-16.552229162883645,82.99776354357014,-33.643297427621704,98.68575560710434,25.910644737213605,-1.859632454290541,24.860347069543565,-2.195905335994389,3.883953327777544,-10.147173338783714
-0.9479885934988344,-3.306286146288776,10.839394720912798,17.479657022002296,8.67946824489232,25.82589045854406,25.910644737213605,61.521191534739636,37.92207662492746,17.12853202217489,8.425868413048358,-2.088609582714134,3.396816594478505
-0.6530446985332172,-13.514335409198358,5.869761409560689,24.283658010873694,-6.455619819500973,35.86602823427983,-1.859632454290541,37.92207662492746,72.01559550174821,28.26888883661173,17.394859289487837,10.903977213186655,9.462826542030188
-0.41521710968436204,-6.681885222265639,-5.871331410938778,16.979065949106914,48.800133070067766,-35.167740178672084,24.860347069543565,17.12853202217489,28.26888883661173,83.50048607694684,27.658745627205917,24.106932440599437,5.398891241684793
0.4825526515261859,3.9532653987197963,0.9507654974076967,-7.871099053870593,-2.7329486149509674,14.161755333991719,-2.195905335994389,8.425868413048358,17.394859289487837,27.658745627205917,69.85224471482819,39.21912794814116,26.435993922547752
0.03521745969743472,-4.561882052282804,-1.617730828150566,4.9071946828754704,0.21057369483251728,0.8138571721339867,3.883953327777544,-2.088609582714134,10.903977213186655,24.106932440599437,39.21912794814116,64.56399660248506,41.99591174178836
-0.2686178297243097,-2.7154684701207676,1.1526975831568167,-0.3927073629940223,-9.296156663783405,14.660407170042943,-10.147173338783714,3.396816594478505,9.462826542030188,5.398891241684793,26.435993922547752,41.99591174178836,60.6124010973786
