1.5823585125949948,1.563055847119282,2.1791339142135917,-0.5176356817814501,-5.756454616872772,-5.306030835973882,-4.861898655217793,-2.925270398692058,-2.5267268334944926,0.0654063937073846,1.8067657036620364,1.2303630513171777,-0.6536702366285877
1.563055847119282,77.44766257888946,43.90289562794973,-32.015928207682215,-41.91260717305384,-68.13063024446325,-23.776406826249218,-19.890394242186222,-19.5619074701327,-19.94763078655467,-1.1375923953973968,-6.701213257200971,4.55363955599112
2.1791339142135917,43.90289562794973,61.37055846220342,12.518590455073811,-89.36210117949001,0.4403376784987271,-67.07070715508735,-13.967327963246287,-6.070273806047561,-23.607273780825437,2.8978478779789985,-1.7352887504348553,8.415120056776413
-0.5176356817814501,-32.015928207682215,12.518590455073811,61.03622226621978,12.44160867533811,51.423399003730665,-16.050211820351528,4.0985807098488225,13.65695022478019,12.453234973762466,3.251234792523876,9.213412641014097,-1.329368102974427
-5.756454616872772,-41.91260717305384,-89.36210117949001,12.44160867533811,285.81868286813136,-45.88381332548834,163.31695101140613,29.983640896044946,0.2630673618375931,72.40952648320724,2.8163170781833995,5.041995582754716,-18.388105490036246
-5.306030835973882,-68.13063024446325,0.4403376784987271,51.423399003730665,-45.88381332548834,214.2533489440957,-1.4849080734751985,47.31077169412743,56.95821604082578,-21.354719642775727,10.49065070847688,5.342584262991742,21.473576055630748
-4.861898655217793,-23.776406826249218,-67.07070715508735,-16.050211820351528,163.31695101140613,-1.4849080734751985,176.47361856697242,58.87386235696223,14.34481679993277,55.76794316049909,1.4821544258994537,17.397129826886236,-4.957002172458644
-2.925270398692058,-19.890394242186222,-13.967327963246287,4.0985807098488225,29.983640896044946,47.31077169412743,58.87386235696223,72.97299757681529,41.85642208678414,22.40622406773624,14.276773320743068,4.9782699884392665,12.20629707646385
-2.5267268334944926,-19.5619074701327,-6.070273806047561,13.65695022478019,0.2630673618375931,56.95821604082578,14.34481679993277,41.85642208678414,72.69333903956714,21.408350100562835,17.778980809556217,10.450392788121938,13.003244466364196
0.0654063937073846,-19.94763078655467,-23.607273780825437,12.453234973762466,72.40952648320724,-21.354719642775727,55.76794316049909,22.40622406773624,21.408350100562835,94.71895082346344,39.682989113254514,34.780474501783054,3.3899538334092845
1.8067657036620364,-1.1375923953973968,2.8978478779789985,3.251234792523876,2.8163170781833995,10.49065070847688,1.4821544258994537,14.276773320743068,17.778980809556217,39.682989113254514,77.02147459491158,45.15079140841328,21.4000912585161
1.2303630513171777,-6.701213257200971,-1.7352887504348553,9.213412641014097,5.041995582754716,5.342584262991742,17.397129826886236,4.9782699884392665,10.450392788121938,34.780474501783054,45.15079140841328,67.09491286206392,31.05504055361995
-0.6536702366285877,4.55363955599112,8.415120056776413,-1.329368102974427,-18.388105490036246,21.473576055630748,-4.957002172458644,12.20629707646385,13.003244466364196,3.3899538334092845,21.4000912585161,31.05504055361995,48.833876632811695
