3.3867744995271116,2.645586993185941,-0.932411788070408,-12.392207816852833,-16.92470789188491,-1.3371949033831747,-2.1866113768091866,-4.571624007913308,-5.041427579587301,-9.020856229243124,-5.377751338990595,-3.0031316664330014,-0.6826554844025543
2.645586993185941,92.94822488237752,38.013645031250526,-62.30761743007485,-26.504539550116096,-21.14113216495383,2.8106931443208127,-31.8926290973469,-3.999673065226682,-43.719157452024206,3.3914652076877183,-14.279278279995694,16.517309757433914
-0.932411788070408,38.013645031250526,53.819264893423345,11.897519007398135,-59.21482851427401,49.69787936602792,-34.51860443248379,-9.617625249439126,5.390994353562585,-21.004476154022882,2.5856818071746512,7.181021875064384,19.973655897776435
-12.392207816852833,-62.30761743007485,11.897519007398135,133.06591134072394,83.15019445212899,30.59177297656718,-1.2512601023831746,42.128328482369035,15.46137844730059,67.14320478276645,21.36868048397833,34.588018993792936,-7.085400770817806
-16.92470789188491,-26.504539550116096,-59.21482851427401,83.15019445212899,337.15807617314596,-132.0502187314806,123.47890608926288,44.47535957672641,5.596124573072494,99.37772570946885,45.08901399676331,4.4981343465315895,-34.431476120333656
-1.3371949033831747,-21.14113216495383,49.69787936602792,30.59177297656718,-132.0502187314806,212.90213673606192,-67.40367750863193,-4.518417989430904,39.880546857874954,-35.41984604923219,-12.94083586797337,4.54193509958786,38.77802547631238
-2.1866113768091866,2.8106931443208127,-34.51860443248379,-1.2512601023831746,123.47890608926288,-67.40367750863193,119.03532868924412,44.310026338114355,-4.0744472063571955,42.4380706977534,14.836109775171051,14.941323380488456,-6.07023301872843
-4.571624007913308,-31.8926290973469,-9.617625249439126,42.128328482369035,44.47535957672641,-4.518417989430904,44.310026338114355,86.2719736380906,39.2725850007259,53.56528799413264,32.375329109318564,33.39314429796232,10.985451593558984
-5.041427579587301,-3.999673065226682,5.390994353562585,15.46137844730059,5.596124573072494,39.880546857874954,-4.0744472063571955,39.2725850007259,92.77895115664101,43.86407294844832,34.427220830182804,22.383235335767658,28.859161937642927
-9.020856229243124,-43.719157452024206,-21.004476154022882,67.14320478276645,99.37772570946885,-35.41984604923219,42.4380706977534,53.56528799413264,43.86407294844832,140.27423385388414,65.04130985265068,53.65387775020046,7.511911505612048
-5.377751338990595,3.3914652076877183,2.5856818071746512,21.36868048397833,45.08901399676331,-12.94083586797337,14.836109775171051,32.375329109318564,34.427220830182804,65.04130985265068,96.0201834991252,57.95515203804404,30.583621976924558
-3.0031316664330014,-14.279278279995694,7.181021875064384,34.588018993792936,4.4981343465315895,4.54193509958786,14.941323380488456,33.39314429796232,22.383235335767658,53.65387775020046,57.95515203804404,93.37157426059875,47.78223153372727
-0.6826554844025543,16.517309757433914,19.973655897776435,-7.085400770817806,-34.431476120333656,38.77802547631238,-6.07023301872843,10.985451593558984,28.859161937642927,7.511911505612048,30.583621976924558,47.78223153372727,73.76943055661677
