1.9396494643054338,-4.689440130526084,-2.6015996493725932,0.4744690723665938,-2.269151083222662,-4.8559724104938295,-1.2611762796830672,-2.530680059006431,-3.8779969363397546,2.5655917177217407,0.6222863799634968,1.010507991950743,-1.1867205055959942
-4.689440130526084,86.43145817276749,29.899941069404512,-51.586711527110474,-21.171020850634616,-46.42340806786574,-17.482112920869547,-21.234954120417903,6.288646037642397,-8.097386512153859,11.436365988232708,-7.457973931287061,8.70547843433229
-2.6015996493725932,29.899941069404512,40.03050314403015,13.687181646909858,-42.59064330973551,8.357567281604211,-29.65153645878052,3.2776947909427037,5.709419075777012,-8.652792235444947,0.4356303424840277,0.8177247441778813,4.433922570559316
0.4744690723665938,-51.586711527110474,13.687181646909858,84.1458141499101,26.440377614303618,47.37878198087809,16.766388823673786,29.6344229533076,-1.8789080319193283,6.185922897314709,-18.352005290968677,9.479816561837646,-9.166929943577824
-2.269151083222662,-21.171020850634616,-42.59064330973551,26.440377614303618,216.7232334412429,-31.925988539822043,125.95721483706035,30.063958045892335,-16.606667617816,29.271703699414903,-15.831787935393619,-4.780073590561444,-16.462674856274305
-4.8559724104938295,-46.42340806786574,8.357567281604211,47.37878198087809,-31.925988539822043,194.10651562138935,-21.553045602334784,26.662510838072244,56.78163913807561,-35.61933000804181,12.358023931582922,-6.484836092203872,21.183815110071226
-1.2611762796830672,-17.482112920869547,-29.65153645878052,16.766388823673786,125.95721483706035,-21.553045602334784,131.48677653213414,51.34367012570902,-8.119261054975976,42.89477762411321,-18.570551164852493,6.687494089202912,-17.99852092365877
-2.530680059006431,-21.234954120417903,3.2776947909427037,29.6344229533076,30.063958045892335,26.662510838072244,51.34367012570902,78.90005279678184,31.777066252138827,20.607707763574897,1.7390372797619946,4.938456678342573,-1.501048623037045
-3.8779969363397546,6.288646037642397,5.709419075777012,-1.8789080319193283,-16.606667617816,56.78163913807561,-8.119261054975976,31.777066252138827,87.70440935338905,9.179844295706518,28.714210408435004,6.312524681636451,15.429348444983127
2.5655917177217407,-8.097386512153859,-8.652792235444947,6.185922897314709,29.271703699414903,-35.61933000804181,42.89477762411321,20.607707763574897,9.179844295706518,88.6350813341897,21.922839136692783,20.590220417342593,-5.337973265850175
0.6222863799634968,11.436365988232708,0.4356303424840277,-18.352005290968677,-15.831787935393619,12.358023931582922,-18.570551164852493,1.7390372797619946,28.714210408435004,21.922839136692783,69.42678759187065,27.118599557990475,24.09409723480575
1.010507991950743,-7.457973931287061,0.8177247441778813,9.479816561837646,-4.780073590561444,-6.484836092203872,6.687494089202912,4.938456678342573,6.312524681636451,20.590220417342593,27.118599557990475,55.121657520445936,29.777933338667495
-1.1867205055959942,8.70547843433229,4.433922570559316,-9.166929943577824,-16.462674856274305,21.183815110071226,-17.99852092365877,-1.501048623037045,15.429348444983127,-5.337973265850175,24.09409723480575,29.777933338667495,55.73833914141558
