2.0944212778300897,4.463966396276336,3.449981254696625,-4.009061513647659,-12.232183079337593,-3.2178557994337975,-3.1205174718276427,-1.9776862861635063,-0.34935201418420914,3.5647473250582125,-1.0806106293571052,-3.7167453912476685,-1.606439858186114
4.463966396276336,68.20068459000073,26.354938888879445,-39.436996279644205,8.26368300891241,-46.463556554683265,-3.346301902750215,-12.036388609489547,20.926530770319683,-19.344676258577103,15.840564687440343,-18.598670531265707,-13.24182077491849
3.449981254696625,26.354938888879445,50.53031191637818,29.401936524410715,-54.93497436696232,15.617910614391294,-22.80710699202071,2.749385952779177,-7.461967067886758,26.296217751451927,-16.777955650820637,-10.656946470019792,-0.4676536431762825
-4.009061513647659,-39.436996279644205,29.401936524410715,102.70900064742975,-4.164566060472885,67.06073652039353,-0.4995008246255894,22.714631804501682,-19.613273434092342,42.86785103156713,-22.909047214361628,16.87542994799686,18.252366216396183
-12.232183079337593,8.26368300891241,-54.93497436696232,-4.164566060472885,302.5858417998055,-25.693182009102454,75.25832175365181,23.850220100533406,72.61229896218292,-89.77037226965498,73.73443818909075,46.887668027271914,6.137973850121161
-3.2178557994337975,-46.463556554683265,15.617910614391294,67.06073652039353,-25.693182009102454,118.24769235235281,18.337085414108877,31.308440730929426,-10.310340678685815,51.188220768754405,-15.888942646550127,14.46653529596938,23.72984171617914
-3.1205174718276427,-3.346301902750215,-22.80710699202071,-0.4995008246255894,75.25832175365181,18.337085414108877,71.49468078680844,31.780470076657053,24.108687361043938,-5.529929029933539,24.401631106664684,16.46424041810677,8.690417922267041
-1.9776862861635063,-12.036388609489547,2.749385952779177,22.714631804501682,23.850220100533406,31.308440730929426,31.780470076657053,53.79602790077795,29.76551619466114,16.114629161638057,11.27578439624506,20.113074294116654,11.926550373727922
-0.34935201418420914,20.926530770319683,-7.461967067886758,-19.613273434092342,72.61229896218292,-10.310340678685815,24.108687361043938,29.76551619466114,79.58659841792178,7.68847912616538,40.9274343811395,14.797188732608442,11.600557957275205
3.5647473250582125,-19.344676258577103,26.296217751451927,42.86785103156713,-89.77037226965498,51.188220768754405,-5.529929029933539,16.114629161638057,7.68847912616538,112.67908292803416,2.5369613224561696,7.736062778065458,20.901477569456947
-1.0806106293571052,15.840564687440343,-16.777955650820637,-22.909047214361628,73.73443818909075,-15.888942646550127,24.401631106664684,11.27578439624506,40.9274343811395,2.5369613224561696,77.34406708542718,38.47727751555845,15.794875827597355
-3.7167453912476685,-18.598670531265707,-10.656946470019792,16.87542994799686,46.887668027271914,14.46653529596938,16.46424041810677,20.113074294116654,14.797188732608442,7.736062778065458,38.47727751555845,66.39324544079967,38.113611276633776
-1.606439858186114,-13.24182077491849,-0.4676536431762825,18.252366216396183,6.137973850121161,23.72984171617914,8.690417922267041,11.926550373727922,11.600557957275205,20.901477569456947,15.794875827597355,38.113611276633776,52.2752967907732
