3.1746060209929947,-1.847789950465181,-6.965473454700468,-13.53464554178828,-13.39016608408635,-6.193197638900904,2.979107975990415,-1.7899210898750852,-6.347917167544332,-5.454357611018371,1.4139677379321909,0.9239990167847584,-0.22350426974367746
-1.847789950465181,71.65478862588051,21.050111537345586,-47.46475498793353,60.95612654591196,-45.983846023001135,4.404092568877256,-20.5050794646829,48.35179378136263,-43.11636552386847,18.159444547761325,-5.115354050567517,8.569235210017254
-6.965473454700468,21.050111537345586,54.76840487596192,58.449804645880015,-11.811890092157899,22.810588427884024,-15.43950671602341,10.528666014346786,4.484454831365612,33.31968128170271,-10.069287578129664,-6.355771672488955,7.363366667881391
-13.53464554178828,-47.46475498793353,58.449804645880015,173.60512778678307,-14.300319215455486,91.04097101235936,-22.289008096909647,42.957586735082096,-26.29902221155677,104.77791558774135,-27.11438979962836,0.9357508814841844,-3.7678638230720396
-13.39016608408635,60.95612654591196,-11.811890092157899,-14.300319215455486,300.7146355145368,-7.192207536122791,18.95657065512476,-16.185957874915424,130.42014607123045,-59.28164021882694,47.725372697174244,23.513855899407673,-2.030039737613516
-6.193197638900904,-45.983846023001135,22.810588427884024,91.04097101235936,-7.192207536122791,119.7965039398368,21.22616952836592,35.992302122963515,-13.697882380645353,69.53378062401798,-6.794802712324942,7.83282610024611,13.318199025605335
2.979107975990415,4.404092568877256,-15.43950671602341,-22.289008096909647,18.95657065512476,21.22616952836592,65.72312969074287,23.064608050890172,11.646598499532807,-1.8152192307170276,19.766843258140746,9.6819478897719,12.379359718145992
-1.7899210898750852,-20.5050794646829,10.528666014346786,42.957586735082096,-16.185957874915424,35.992302122963515,23.064608050890172,62.72500610212307,15.887502353608857,43.051795474595394,6.052254281669063,14.993265490531783,5.862666787991093
-6.347917167544332,48.35179378136263,4.484454831365612,-26.29902221155677,130.42014607123045,-13.697882380645353,11.646598499532807,15.887502353608857,118.00554805471681,-3.881830930319983,40.44946005593847,19.348521812295385,15.996451526396848
-5.454357611018371,-43.11636552386847,33.31968128170271,104.77791558774135,-59.28164021882694,69.53378062401798,-1.8152192307170276,43.051795474595394,-3.881830930319983,131.4701891327256,11.540119297870186,17.56711254474818,15.477568645676982
1.4139677379321909,18.159444547761325,-10.069287578129664,-27.11438979962836,47.725372697174244,-6.794802712324942,19.766843258140746,6.052254281669063,40.44946005593847,11.540119297870186,70.88166438545626,41.478340188053494,24.292293183465166
0.9239990167847584,-5.115354050567517,-6.355771672488955,0.9357508814841844,23.513855899407673,7.83282610024611,9.6819478897719,14.993265490531783,19.348521812295385,17.56711254474818,41.478340188053494,63.26645479854246,35.96324827914747
-0.22350426974367746,8.569235210017254,7.363366667881391,-3.7678638230720396,-2.030039737613516,13.318199025605335,12.379359718145992,5.862666787991093,15.996451526396848,15.477568645676982,24.292293183465166,35.96324827914747,56.85546859021526
