1.942411680332244,1.2157490165258469,0.23323735753247882,-6.421797782908608,-11.789100854290009,-1.9554777777375292,0.5752853503421957,-2.2288830038320993,-3.5936014277236,-2.2411567293126673,-1.8394570337026748,1.2597488743503424,5.461982976950052
1.2157490165258469,68.0647081779222,9.880976432177265,-58.254160514526575,52.84032338878582,-46.73807904964122,21.956782145475195,-10.798453413414643,34.809111783334714,-59.95753553221202,16.85189339974059,-7.8528879287856,3.987301264555845
0.23323735753247882,9.880976432177265,50.378160773322335,43.51244817762412,-72.47560839809205,17.368660251694436,-26.005248766943467,-10.218189069197319,-46.17036537868525,14.965879638181487,-26.667593071701734,-8.103671622048164,11.129008317621452
-6.421797782908608,-58.254160514526575,43.51244817762412,143.12327601103212,-59.25768988436765,62.471511760745926,-51.678303357803074,1.481667434158417,-75.77321078066616,78.1591404008629,-32.940655448802566,-2.18379110686843,-15.750105064852454
-11.789100854290009,52.84032338878582,-72.47560839809205,-59.25768988436765,360.2433612828847,-56.78994281025884,66.3709248176074,25.469806481641516,151.3480870307664,-97.6487032248458,88.1354828303507,13.905046785931294,-62.45912193101789
-1.9554777777375292,-46.73807904964122,17.368660251694436,62.471511760745926,-56.78994281025884,109.76574533362061,24.313295631386296,36.55348428877699,-26.285095174226832,51.46383272043014,-32.41716540693968,1.1678426978310197,18.227029850722197
0.5752853503421957,21.956782145475195,-26.005248766943467,-51.678303357803074,66.3709248176074,24.313295631386296,117.70728509739804,65.76062556491837,62.4573303789321,-37.89395245889834,7.712650832677629,5.430957475230289,17.335583431665036
-2.2288830038320993,-10.798453413414643,-10.218189069197319,1.481667434158417,25.469806481641516,36.55348428877699,65.76062556491837,89.49862707787264,59.49229524167717,9.566470241806556,2.5666097296940165,17.433581644968445,7.349876519972092
-3.5936014277236,34.809111783334714,-46.17036537868525,-75.77321078066616,151.3480870307664,-26.285095174226832,62.4573303789321,59.49229524167717,155.60783348321266,-12.396790164885871,69.78900869204342,23.42327169602869,-5.2113691185395306
-2.2411567293126673,-59.95753553221202,14.965879638181487,78.1591404008629,-97.6487032248458,51.46383272043014,-37.89395245889834,9.566470241806556,-12.396790164885871,161.2865683941442,37.09338230350067,26.173265819419985,9.55717163856162
-1.8394570337026748,16.85189339974059,-26.667593071701734,-32.940655448802566,88.1354828303507,-32.41716540693968,7.712650832677629,2.5666097296940165,69.78900869204342,37.09338230350067,120.34774597310512,56.88798407044668,5.760117227694988
1.2597488743503424,-7.8528879287856,-8.103671622048164,-2.18379110686843,13.905046785931294,1.1678426978310197,5.430957475230289,17.433581644968445,23.42327169602869,26.173265819419985,56.88798407044668,83.17385159050295,51.63601726462151
5.461982976950052,3.987301264555845,11.129008317621452,-15.750105064852454,-62.45912193101789,18.227029850722197,17.335583431665036,7.349876519972092,-5.2113691185395306,9.55717163856162,5.760117227694988,51.63601726462151,99.34028844946548
