1.7659375953495677,2.81005959708616,0.5107054650704638,-6.878947866859369,-11.355775775642423,-3.376568781728455,-0.6226735641455955,-1.159715671691379,0.623966494865844,2.6639909688464156,0.19945921952982112,-2.6264051649161493,-0.6882562066645438
2.81005959708616,60.231705864594275,13.72667241045862,-51.22532666866187,9.684973066204416,-48.97261967787437,1.1897232543867446,-9.044904053240264,21.248376057945023,-30.648182618304418,18.295364659260237,-15.606504507992046,-11.643381498248186
0.5107054650704638,13.72667241045862,33.353172476263296,19.381475817833195,-47.582032166104355,12.874500525626742,-15.828511188306356,4.3078095623533965,-13.58242183323476,11.646631256304767,-18.111386927313486,-5.585177586304196,-0.8012906709179142
-6.878947866859369,-51.22532666866187,19.381475817833195,108.80273588551599,10.211259900256318,63.73224512842651,-6.072450630522578,15.494451313202166,-34.30413790859695,30.30578994929782,-33.34540888401429,17.2073708859761,11.693562864498018
-11.355775775642423,9.684973066204416,-47.582032166104355,10.211259900256318,304.23813495824834,-34.27515425459329,43.823591544099536,2.247385306293921,59.73296001748236,-94.87530327439968,60.83051309867473,33.127420866582476,-6.549430170528803
-3.376568781728455,-48.97261967787437,12.874500525626742,63.73224512842651,-34.27515425459329,111.06584513912283,11.629149215466885,19.576329897633762,-23.327141411370853,50.050431304410544,-20.318383260506995,11.471853655047392,18.263392399377764
-0.6226735641455955,1.1897232543867446,-15.828511188306356,-6.072450630522578,43.823591544099536,11.629149215466885,56.82283272058589,25.747338002367297,22.29096804221699,4.095123469239282,21.41158479914635,8.945732496797682,6.8980560958295944
-1.159715671691379,-9.044904053240264,4.3078095623533965,15.494451313202166,2.247385306293921,19.576329897633762,25.747338002367297,54.941051601082904,28.522165460534033,17.48834989655885,8.15925885417359,18.114673582994925,9.443107270686708
0.623966494865844,21.248376057945023,-13.58242183323476,-34.30413790859695,59.73296001748236,-23.327141411370853,22.29096804221699,28.522165460534033,75.94564862348939,0.44457028406183197,42.61538906694968,12.235691763641526,7.805921199275071
2.6639909688464156,-30.648182618304418,11.646631256304767,30.30578994929782,-94.87530327439968,50.050431304410544,4.095123469239282,17.48834989655885,0.44457028406183197,106.86288210986264,5.988936234638579,12.834865444984008,21.12101961695949
0.19945921952982112,18.295364659260237,-18.111386927313486,-33.34540888401429,60.83051309867473,-20.318383260506995,21.41158479914635,8.15925885417359,42.61538906694968,5.988936234638579,79.58843518631178,33.964987402814174,12.91460848416612
-2.6264051649161493,-15.606504507992046,-5.585177586304196,17.2073708859761,33.127420866582476,11.471853655047392,8.945732496797682,18.114673582994925,12.235691763641526,12.834865444984008,33.964987402814174,62.03557769436035,34.6285692501573
-0.6882562066645438,-11.643381498248186,-0.8012906709179142,11.693562864498018,-6.549430170528803,18.263392399377764,6.8980560958295944,9.443107270686708,7.805921199275071,21.12101961695949,12.91460848416612,34.6285692501573,50.61080782900058
