1.531643759336868,1.9382565780310816,0.8881059599310277,-5.002225391152176,-8.842594569161058,-4.430438391382535,-1.7434801164364766,-1.9089880627652562,-0.46707410113166603,-0.7131413119186526,-0.2016966768456343,0.1610296240769164,2.0184950521918386
1.9382565780310816,56.73367213511483,13.871659103975285,-36.192817819313326,19.47105059291925,-72.1530414794084,19.095525793395062,-4.144650074651924,-0.44331346609631256,-11.130528869418976,20.085014562510768,-20.119900313503525,4.0573354237118044
0.8881059599310277,13.871659103975285,54.718958866377974,35.103278770046664,-76.5923877774187,30.997248025215843,-47.397005260371564,-2.7225304976328326,7.309042056706782,14.027096474714321,-9.151810892308477,8.821910824608498,11.190181586378998
-5.002225391152176,-36.192817819313326,35.103278770046664,92.81301172991942,-17.772410863722204,89.09400459934318,-43.85029698415358,7.357643223488121,8.593735907685055,34.31279203456283,-13.8049659445862,24.178357106507004,-3.398265332741024
-8.842594569161058,19.47105059291925,-76.5923877774187,-17.772410863722204,289.05816285754736,-77.59124519534143,130.5582780764348,30.665168037270394,-4.49776899474312,-6.472171539605333,58.64315878771799,-26.35804886147129,-26.59778190465922
-4.430438391382535,-72.1530414794084,30.997248025215843,89.09400459934318,-77.59124519534143,223.9787512822903,-21.037649578082387,39.77533697958666,33.77348990681264,20.233827944888162,-32.55547433890312,47.694793906566936,24.56684820346722
-1.7434801164364766,19.095525793395062,-47.397005260371564,-43.85029698415358,130.5582780764348,-21.037649578082387,139.34737027506242,54.75383918200953,13.412149380779644,-10.184825118945696,26.521088265315154,-12.963400221328483,0.4195639658694398
-1.9089880627652562,-4.144650074651924,-2.7225304976328326,7.357643223488121,30.665168037270394,39.77533697958666,54.75383918200953,66.71013948899807,40.04592173691248,14.851321969010806,15.414878365067437,9.960186815251578,7.114245807161158
-0.46707410113166603,-0.44331346609631256,7.309042056706782,8.593735907685055,-4.49776899474312,33.77348990681264,13.412149380779644,40.04592173691248,63.14145309818791,32.085038372126455,23.53102574115745,17.345343300335205,10.897979695430724
-0.7131413119186526,-11.130528869418976,14.027096474714321,34.31279203456283,-6.472171539605333,20.233827944888162,-10.184825118945696,14.851321969010806,32.085038372126455,76.9982660770034,30.008714670247237,24.087454673567432,3.8457291240156724
-0.2016966768456343,20.085014562510768,-9.151810892308477,-13.8049659445862,58.64315878771799,-32.55547433890312,26.521088265315154,15.414878365067437,23.53102574115745,30.008714670247237,75.83759276516656,23.60044714312127,13.68967960179335
0.1610296240769164,-20.119900313503525,8.821910824608498,24.178357106507004,-26.35804886147129,47.694793906566936,-12.963400221328483,9.960186815251578,17.345343300335205,24.087454673567432,23.60044714312127,66.66302542027024,39.855608274976944
2.0184950521918386,4.0573354237118044,11.190181586378998,-3.398265332741024,-26.59778190465922,24.56684820346722,0.4195639658694398,7.114245807161158,10.897979695430724,3.8457291240156724,13.68967960179335,39.855608274976944,59.44010391210407
