2.806667470702026,3.7736650879678875,0.3069850821967017,-11.23034781837867,-12.562680765973463,5.308235928328883,0.04401292598317549,-1.9487347904554904,5.073923473014619,-3.666164863575118,0.43100503712868865,1.843652761656469,7.562385476155951
3.7736650879678875,64.09148671093052,10.983037422716102,-56.23434229220955,18.481284144872895,-26.923672710693474,16.647887749657702,-18.224691370743976,21.450859585103405,-17.067250030981473,17.586725121979594,-22.87887657296068,19.0332999514866
0.3069850821967017,10.983037422716102,32.96182909635554,16.798495130682642,-43.8963558371261,44.1745561999566,-29.76452857179006,-3.772425506437896,12.384640745847722,-0.5497974818673618,-3.591289441071611,-2.3328022928548275,8.181544093036923
-11.23034781837867,-56.23434229220955,16.798495130682642,125.25814735681551,40.86180666352569,12.571187985474593,-26.744730903988287,14.855937135380769,-38.139943386725,41.793715977515824,-15.922412815035107,5.508650514673509,-53.204969436825166
-12.562680765973463,18.481284144872895,-43.8963558371261,40.86180666352569,279.8895818171042,-162.66171841174182,84.65414192760048,-5.4258296948627125,-54.952932276830545,40.265953101874864,27.95830791551829,-41.350168152604674,-72.29985943822987
5.308235928328883,-26.923672710693474,44.1745561999566,12.571187985474593,-162.66171841174182,223.72610060880507,-73.0983142702915,-10.120836294447079,63.2820393302406,-11.660561812878278,-17.040383892319028,23.934710264107395,53.900392237721235
0.04401292598317549,16.647887749657702,-29.76452857179006,-26.744730903988287,84.65414192760048,-73.0983142702915,108.05031174942287,40.49990969649299,-11.989643678003056,9.776251930838242,18.67149335395716,9.01728267677004,0.6529917846748335
-1.9487347904554904,-18.224691370743976,-3.772425506437896,14.855937135380769,-5.4258296948627125,-10.120836294447079,40.49990969649299,77.31453561753489,13.087715660284276,9.239141068467989,10.394879830584898,28.12436643172608,7.668805252827027
5.073923473014619,21.450859585103405,12.384640745847722,-38.139943386725,-54.952932276830545,63.2820393302406,-11.989643678003056,13.087715660284276,89.3178013301492,5.545249610168584,19.30518498388319,14.224288942931965,47.886809892432
-3.666164863575118,-17.067250030981473,-0.5497974818673618,41.793715977515824,40.265953101874864,-11.660561812878278,9.776251930838242,9.239141068467989,5.545249610168584,83.03965585284128,26.188763105331798,12.81285708588729,-13.73919770008524
0.43100503712868865,17.586725121979594,-3.591289441071611,-15.922412815035107,27.95830791551829,-17.040383892319028,18.67149335395716,10.394879830584898,19.30518498388319,26.188763105331798,65.80941811139779,23.635017722095085,20.979488549755242
1.843652761656469,-22.87887657296068,-2.3328022928548275,5.508650514673509,-41.350168152604674,23.934710264107395,9.01728267677004,28.12436643172608,14.224288942931965,12.81285708588729,23.635017722095085,79.3612952406876,49.12533666507955
7.562385476155951,19.0332999514866,8.181544093036923,-53.204969436825166,-72.29985943822987,53.900392237721235,0.6529917846748335,7.668805252827027,47.886809892432,-13.73919770008524,20.979488549755242,49.12533666507955,95.1784111760141
