3.060199576630823,5.127547104624147,-0.6469185317903495,-14.15333011619044,-14.56806280431625,4.689953917896383,-1.9088858608541166,-7.1578270908270145,-5.043374125773807,-13.472879478950501,-3.3454907539647847,-2.1118030009511246,3.9180441940815336
5.127547104624147,76.83008133013126,20.35056406731981,-65.54158556597629,-10.740730671547311,-23.838504312652553,31.424358005708985,-18.98865129074925,-19.12914508414675,-61.321656071329556,-15.40580149585865,-19.788832148131764,24.152749435116203
-0.6469185317903495,20.35056406731981,41.66936636000812,19.517940093828035,-44.00136484409258,48.27330092093701,-13.573202802640493,4.774298890688628,-3.9874403288611266,-30.96371210723245,-19.691662263982714,-10.598606980898829,6.5813462796079625
-14.15333011619044,-65.54158556597629,19.517940093828035,144.55126030225986,71.63697381105113,22.225841108734222,-17.139790996867525,39.38742952359243,18.59763660895159,82.9675711605149,3.52499095864919,6.440099938026329,-55.23728978573038
-14.56806280431625,-10.740730671547311,-44.00136484409258,71.63697381105113,296.0081540570263,-152.78174339024307,96.44825922537547,29.270739032596484,7.825959958963205,121.24529173532206,37.78944037039326,-10.189834697493756,-73.7504582302016
4.689953917896383,-23.838504312652553,48.27330092093701,22.225841108734222,-152.78174339024307,231.3287376962154,-55.078579134982185,8.691110218440333,38.72647873811743,-64.62432698445664,-24.263781304278318,-7.397022661857421,43.03775473510715
-1.9088858608541166,31.424358005708985,-13.573202802640493,-17.139790996867525,96.44825922537547,-55.078579134982185,116.23472415966086,42.60352238983949,10.680189522408515,29.48807166477717,7.782687740730045,7.352964127578367,6.808916459679184
-7.1578270908270145,-18.98865129074925,4.774298890688628,39.38742952359243,29.270739032596484,8.691110218440333,42.60352238983949,88.06851125564023,50.996584581569415,47.62300260032175,25.179518110168896,28.290586954971793,18.93244976266855
-5.043374125773807,-19.12914508414675,-3.9874403288611266,18.59763660895159,7.825959958963205,38.72647873811743,10.680189522408515,50.996584581569415,91.12975595220611,49.84282552830263,36.06214276536103,33.670395542653516,37.19096180043063
-13.472879478950501,-61.321656071329556,-30.96371210723245,82.9675711605149,121.24529173532206,-64.62432698445664,29.48807166477717,47.62300260032175,49.84282552830263,178.75576873713115,61.80087504044839,44.83308553286226,-26.640160076179583
-3.3454907539647847,-15.40580149585865,-19.691662263982714,3.52499095864919,37.78944037039326,-24.263781304278318,7.782687740730045,25.179518110168896,36.06214276536103,61.80087504044839,83.67825125255506,46.47155564362301,19.596334624236686
-2.1118030009511246,-19.788832148131764,-10.598606980898829,6.440099938026329,-10.189834697493756,-7.397022661857421,7.352964127578367,28.290586954971793,33.670395542653516,44.83308553286226,46.47155564362301,78.98760106760511,50.08368129242494
3.9180441940815336,24.152749435116203,6.5813462796079625,-55.23728978573038,-73.7504582302016,43.03775473510715,6.808916459679184,18.93244976266855,37.19096180043063,-26.640160076179583,19.596334624236686,50.08368129242494,113.56067418610829
