3.1339959912630984,1.0709163972066131,-4.923020871819833,-11.34296192577961,-8.207095360108623,-16.01677112046989,-6.159511084284418,-4.892426618570649,0.8829094472469678,-4.720566051776127,-3.5342654361670722,-2.454184412287703,-2.4995178866418777
1.0709163972066131,71.74868561662493,29.55029250542065,-43.660195309320905,-1.1340081571267937,-53.73189755666522,-9.35554328640724,-9.388909848342871,27.69706786421167,-27.884319535852,7.457247053552721,-13.682198472459717,-1.8697327657642295
-4.923020871819833,29.55029250542065,70.2140705586323,55.87804788247203,-60.405891995590444,36.649725494289264,-15.754550550752992,17.095729620740208,-13.653094411535188,39.01107191057931,-13.765530716536988,-2.456785723582304,9.281184767470279
-11.34296192577961,-43.660195309320905,55.87804788247203,152.37346928124109,-7.427175554931063,112.92906640452097,8.993359757826516,36.19536449547576,-44.83668189299433,78.15700838110442,-2.290326738237153,16.385328744629067,6.501058992326784
-8.207095360108623,-1.1340081571267937,-60.405891995590444,-7.427175554931063,302.30698853726096,3.932007290709587,69.5465273918711,5.657574797204104,69.24136976537805,-77.16912806621261,90.83572684582944,27.354545842905022,-16.587551438458252
-16.01677112046989,-53.73189755666522,36.649725494289264,112.92906640452097,3.932007290709587,246.28165407683196,79.19106810713191,45.12605059810413,-31.071709571006103,98.09755652251327,6.450401061096969,20.792192655770357,49.893121991213
-6.159511084284418,-9.35554328640724,-15.754550550752992,8.993359757826516,69.5465273918711,79.19106810713191,96.57538565164583,41.85935675305267,20.059867012293378,13.477321047661082,30.33297395775288,21.58852147722383,25.581242423489233
-4.892426618570649,-9.388909848342871,17.095729620740208,36.19536449547576,5.657574797204104,45.12605059810413,41.85935675305267,73.42392145875188,26.78065016139893,25.910185742214278,17.455807360118122,28.807060447584146,17.430082813158105
0.8829094472469678,27.69706786421167,-13.653094411535188,-44.83668189299433,69.24136976537805,-31.071709571006103,20.059867012293378,26.78065016139893,89.17014834902743,-11.011091223456768,38.750762418318274,12.496404675981703,15.226937939798692
-4.720566051776127,-27.884319535852,39.01107191057931,78.15700838110442,-77.16912806621261,98.09755652251327,13.477321047661082,25.910185742214278,-11.011091223456768,128.24686739320165,7.939333180985997,10.349099313938638,29.986524975306597
-3.5342654361670722,7.457247053552721,-13.765530716536988,-2.290326738237153,90.83572684582944,6.450401061096969,30.33297395775288,17.455807360118122,38.750762418318274,7.939333180985997,81.42796911216101,32.485903420786876,6.962396258337466
-2.454184412287703,-13.682198472459717,-2.456785723582304,16.385328744629067,27.354545842905022,20.792192655770357,21.58852147722383,28.807060447584146,12.496404675981703,10.349099313938638,32.485903420786876,60.55539801019241,30.250021221224177
-2.4995178866418777,-1.8697327657642295,9.281184767470279,6.501058992326784,-16.587551438458252,49.893121991213,25.581242423489233,17.430082813158105,15.226937939798692,29.986524975306597,6.962396258337466,30.250021221224177,65.01952785815938
