1.2574500276251068,0.47787384466033983,-0.6296428367559488,-3.150141516618091,-5.0753707754159745,-5.276549618554905,-3.9792850528454387,-3.7036297267565743,-1.8577281574944768,-0.8895930797534842,-1.1159933086376754,-2.1453403096222816,-1.4663302706757941
0.47787384466033983,53.8282354066351,8.876934946432423,-39.29421335473399,42.60154078221844,-46.56766853094361,8.750268171883414,-10.88007183176051,20.770633311912874,-36.712626505284696,23.69102482314409,-6.957080229358625,-5.617568341681402
-0.6296428367559488,8.876934946432423,36.345453397445525,27.255455511890634,-50.38266300774315,24.487429020974368,-10.021039373902175,8.36929190302065,-12.764845936527475,23.437562821958583,-10.547942621657302,0.42288092354475365,7.262882435173496
-3.150141516618091,-39.29421335473399,27.255455511890634,82.75218999922735,-47.40635759710369,74.20438254660802,0.5246398332014387,24.426890111294693,-22.767297646351427,60.132124101509994,-23.469456911884095,10.504338094312377,13.118380422865526
-5.0753707754159745,42.60154078221844,-50.38266300774315,-47.40635759710369,261.2067143054563,-41.24333587819878,66.76010710999473,5.640650019331094,84.60419966390565,-81.10959411092601,66.12284774115506,14.74551380115327,-13.715377097402719
-5.276549618554905,-46.56766853094361,24.487429020974368,74.20438254660802,-41.24333587819878,134.7618926333554,26.1971994400645,42.114064282975704,-9.234003226701377,65.11951187435889,-21.251117713555285,13.58754712358533,26.558605395983214
-3.9792850528454387,8.750268171883414,-10.021039373902175,0.5246398332014387,66.76010710999473,26.1971994400645,78.26858780547175,44.98584165350121,36.4701178639306,-0.241579647402086,19.829351662109655,10.882775274249317,10.763471347000095
-3.7036297267565743,-10.88007183176051,8.36929190302065,24.426890111294693,5.640650019331094,42.114064282975704,44.98584165350121,77.25657003754863,46.01729724254638,35.56068546845389,12.909734723635431,18.16659792638702,8.469674405923962
-1.8577281574944768,20.770633311912874,-12.764845936527475,-22.767297646351427,84.60419966390565,-9.234003226701377,36.4701178639306,46.01729724254638,101.33691141533363,20.995686225436703,52.55013533294586,14.989083097848505,2.0469913377764697
-0.8895930797534842,-36.712626505284696,23.437562821958583,60.132124101509994,-81.10959411092601,65.11951187435889,-0.241579647402086,35.56068546845389,20.995686225436703,136.99851414705142,22.19180021070545,23.67387348376166,17.69053947839677
-1.1159933086376754,23.69102482314409,-10.547942621657302,-23.469456911884095,66.12284774115506,-21.251117713555285,19.829351662109655,12.909734723635431,52.55013533294586,22.19180021070545,92.3182507500065,41.63034801214695,9.263011342927138
-2.1453403096222816,-6.957080229358625,0.42288092354475365,10.504338094312377,14.74551380115327,13.58754712358533,10.882775274249317,18.16659792638702,14.989083097848505,23.67387348376166,41.63034801214695,65.35639960662321,38.80453538413593
-1.4663302706757941,-5.617568341681402,7.262882435173496,13.118380422865526,-13.715377097402719,26.558605395983214,10.763471347000095,8.469674405923962,2.0469913377764697,17.69053947839677,9.263011342927138,38.80453538413593,63.35975896809064
