2.190568813750373,1.7110129058233672,-4.204924556799799,-12.420167968001023,-7.494843178076912,-6.080568139266658,-1.5672141443230267,-5.480905144363096,0.9326222861278363,-2.0182371605044898,1.1877512876277387,-0.36805563202315705,2.363550256988078
1.7110129058233672,54.40240229523969,8.171527228305788,-43.99302425036626,25.496521363488537,-57.736709307503894,27.112979160553987,-6.8276513692605,4.849241009840652,-17.6209824440139,31.527720910314432,-23.486195159302678,7.8706708202206155
-4.204924556799799,8.171527228305788,63.27889240376847,58.05958941378715,-62.25298441201278,54.657398480001916,-23.675025573376185,14.922345305886013,4.551167050117427,16.584240780637415,-13.879736933512655,10.88448913430599,9.083451293975127
-12.420167968001023,-43.99302425036626,58.05958941378715,150.63217271067663,3.9600604170473392,103.3118549382092,-29.058115221124005,44.76417139539785,-5.159389861972524,36.41408571019921,-36.86334503481148,29.125170645795652,-15.4731289034684
-7.494843178076912,25.496521363488537,-62.25298441201278,3.9600604170473392,284.5232322305925,-98.96629009164822,95.21755695889377,27.742324505891254,-14.721083347736247,-26.427574839413445,54.05482277651782,-37.74613674970725,-36.75210304078606
-6.080568139266658,-57.736709307503894,54.657398480001916,103.3118549382092,-98.96629009164822,221.89030234125238,-25.702529648796947,23.271914995550198,5.231635834622918,34.10728117418006,-56.80637211583163,40.28988873663799,14.182438585292623
-1.5672141443230267,27.112979160553987,-23.675025573376185,-29.058115221124005,95.21755695889377,-25.702529648796947,93.33929472218986,31.761835632694883,0.7107230749272191,-11.257581087228884,28.945201532149312,-17.131258726397224,0.5971977645106
-5.480905144363096,-6.8276513692605,14.922345305886013,44.76417139539785,27.742324505891254,23.271914995550198,31.761835632694883,73.17013294305472,31.751505953409826,23.03951634332799,6.556348043745083,11.899994713810187,1.175281715168461
0.9326222861278363,4.849241009840652,4.551167050117427,-5.159389861972524,-14.721083347736247,5.231635834622918,0.7107230749272191,31.751505953409826,68.23163833077689,38.09802962263072,26.927343711151988,14.921793654510285,16.129498914478912
-2.0182371605044898,-17.6209824440139,16.584240780637415,36.41408571019921,-26.427574839413445,34.10728117418006,-11.257581087228884,23.03951634332799,38.09802962263072,79.7255769032868,24.290515823336598,34.23975186664255,11.604051136726648
1.1877512876277387,31.527720910314432,-13.879736933512655,-36.86334503481148,54.05482277651782,-56.80637211583163,28.945201532149312,6.556348043745083,26.927343711151988,24.290515823336598,89.23584766186634,16.190560144256466,15.76750555885351
-0.36805563202315705,-23.486195159302678,10.88448913430599,29.125170645795652,-37.74613674970725,40.28988873663799,-17.131258726397224,11.899994713810187,14.921793654510285,34.23975186664255,16.190560144256466,62.92689928543286,31.595675149005103
2.363550256988078,7.8706708202206155,9.083451293975127,-15.4731289034684,-36.75210304078606,14.182438585292623,0.5971977645106,1.175281715168461,16.129498914478912,11.604051136726648,15.76750555885351,31.595675149005103,56.34021075323605
