0.9261672637351156,-1.3798152441040104,-1.994438253040323,-1.7013551935776958,-0.3079673815289933,-3.162298015486466,-1.0817347755486564,-0.54617511721331,-0.18673623797375982,-2.4262138396673683,-2.055590426577509,-0.792242755766439,-1.0170214307409522
-1.3798152441040104,77.37404045919851,32.9642916474366,-30.042884483094387,28.750243402560024,-47.45929686733222,1.9946027120799978,-18.05866261526034,22.6255046119411,-9.176642480411996,36.0747894786466,4.151663472686182,-5.89805158604015
-1.994438253040323,32.9642916474366,53.775101411098156,31.571896764595472,-44.10391776708026,20.863636410576568,-19.313476593482182,0.7777019776238148,-5.635804665368751,36.95514698606698,10.707054090236706,4.732597007410045,8.03972275465001
-1.7013551935776958,-30.042884483094387,31.571896764595472,80.88379318393793,-43.16095496144822,67.59612010865875,-1.688737764455317,22.13302087377989,-23.078568227923466,49.316812704678576,-16.87382813697265,2.0089690853122657,13.133260457898126
-0.3079673815289933,28.750243402560024,-44.10391776708026,-43.16095496144822,212.79472525368516,-46.13730892114752,73.70349873939644,13.20470233111372,62.283785257901165,-86.78289585301641,26.95957925766085,8.332778330872221,-20.58897259450843
-3.162298015486466,-47.45929686733222,20.863636410576568,67.59612010865875,-46.13730892114752,127.15673014623162,15.060563083978064,39.63501520160059,-13.225556631198305,52.11708054346705,-13.85125904628639,1.578484359320136,24.069013373619313
-1.0817347755486564,1.9946027120799978,-19.313476593482182,-1.688737764455317,73.70349873939644,15.060563083978064,77.56979784049405,33.33780910045833,27.13447162246385,-6.338520130886186,7.650282395511393,6.885638700363645,0.2257858891993375
-0.54617511721331,-18.05866261526034,0.7777019776238148,22.13302087377989,13.20470233111372,39.63501520160059,33.33780910045833,58.865879463370234,27.21266396508634,16.202360957790205,3.7166573070444744,9.519322374232935,4.609025170665845
-0.18673623797375982,22.6255046119411,-5.635804665368751,-23.078568227923466,62.283785257901165,-13.225556631198305,27.13447162246385,27.21266396508634,71.81192801121045,0.7436105659776826,31.76550231325553,11.491309768711911,5.830593167190845
-2.4262138396673683,-9.176642480411996,36.95514698606698,49.316812704678576,-86.78289585301641,52.11708054346705,-6.338520130886186,16.202360957790205,0.7436105659776826,113.99271330389543,20.394487890453316,19.52935564452221,27.283481869805918
-2.055590426577509,36.0747894786466,10.707054090236706,-16.87382813697265,26.95957925766085,-13.85125904628639,7.650282395511393,3.7166573070444744,31.76550231325553,20.394487890453316,74.79835888757319,34.008004447948366,14.692968298483542
-0.792242755766439,4.151663472686182,4.732597007410045,2.0089690853122657,8.332778330872221,1.578484359320136,6.885638700363645,9.519322374232935,11.491309768711911,19.52935564452221,34.008004447948366,50.68972360009123,28.466152990028846
-1.0170214307409522,-5.89805158604015,8.03972275465001,13.133260457898126,-20.58897259450843,24.069013373619313,0.2257858891993375,4.609025170665845,5.830593167190845,27.283481869805918,14.692968298483542,28.466152990028846,50.390630629573835
