1.03652177804578,0.33576607152890725,-1.239106419304597,-3.6689789804695976,-2.378198936863494,0.40187497082129126,0.3425398076831592,-0.6094311845185264,0.33600039118464375,-2.244123999797108,-2.6863557305795114,-1.1753595359920974,1.3345308250615506
0.33576607152890725,48.25732657350463,15.694014719010404,-25.404977245400463,16.962531729939506,-23.431141744778706,11.956347418696172,-4.996749450187028,0.11886207171810238,-18.93900156949829,-0.3897685589385816,-4.999281554569451,13.930548246283946
-1.239106419304597,15.694014719010404,36.037205606304745,23.683242055552036,-34.46420795011033,35.18849152212494,-29.78673049692643,1.0707406718962351,4.565969710732054,-16.38231247687451,1.1740142673347285,2.392193958557242,9.366016965414063
-3.6689789804695976,-25.404977245400463,23.683242055552036,66.63352773212046,-10.586351694718113,32.06272298717058,-22.63170281772524,6.184741996556438,-3.0353361450852825,19.24912071362735,9.167588377115218,11.61694638231501,-15.37079859101485
-2.378198936863494,16.962531729939506,-34.46420795011033,-10.586351694718113,160.41393844896663,-109.38491326180471,90.37453875940524,10.078718594778449,-25.473221087841342,53.744348151219974,20.815428640795513,-0.8760609898355036,-24.987942975115832
0.40187497082129126,-23.431141744778706,35.18849152212494,32.06272298717058,-109.38491326180471,168.34387565167813,-57.6862162184004,19.10456992837578,56.36458599943737,-35.78839813870397,1.3807591493567384,5.692027059293239,29.939657265055097
0.3425398076831592,11.956347418696172,-29.78673049692643,-22.63170281772524,90.37453875940524,-57.6862162184004,102.04280204922235,28.652191007851698,-4.781096599562506,37.830859857661025,0.8559650875983291,2.0519997750840693,-10.471440542358263
-0.6094311845185264,-4.996749450187028,1.0707406718962351,6.184741996556438,10.078718594778449,19.10456992837578,28.652191007851698,51.25728787057523,28.320766730966383,18.078891911566007,15.969590798212861,4.311990560759646,3.688222213120794
0.33600039118464375,0.11886207171810238,4.565969710732054,-3.0353361450852825,-25.473221087841342,56.36458599943737,-4.781096599562506,28.320766730966383,77.66839938675352,13.793618662226807,25.081369319990312,13.700558063682431,20.02996057860149
-2.244123999797108,-18.93900156949829,-16.38231247687451,19.24912071362735,53.744348151219974,-35.78839813870397,37.830859857661025,18.078891911566007,13.793618662226807,98.36663602123299,43.59394992736543,24.210837140849407,-14.213677984748958
-2.6863557305795114,-0.3897685589385816,1.1740142673347285,9.167588377115218,20.815428640795513,1.3807591493567384,0.8559650875983291,15.969590798212861,25.081369319990312,43.59394992736543,75.7347523487719,37.41499756409518,11.383098520416514
-1.1753595359920974,-4.999281554569451,2.392193958557242,11.61694638231501,-0.8760609898355036,5.692027059293239,2.0519997750840693,4.311990560759646,13.700558063682431,24.210837140849407,37.41499756409518,55.46698149532205,27.06514175736081
1.3345308250615506,13.930548246283946,9.366016965414063,-15.37079859101485,-24.987942975115832,29.939657265055097,-10.471440542358263,3.688222213120794,20.02996057860149,-14.213677984748958,11.383098520416514,27.06514175736081,60.50636338400814
