2.8043667870734303,2.6966250458359062,-1.2876005921777813,-12.43542165890379,-11.145282198644946,6.4313197760312475,-6.001968864965042,-4.833274573689992,5.211880067271758,-11.05670763633418,-7.0081195236254334,-1.0883895204066634,2.057615330938195
2.6966250458359062,54.06012225172416,18.211406259028863,-25.601211732019525,10.806708210535334,-37.772309828153844,23.01045232051803,0.3861963399989146,-10.367765841459043,-18.807960582624762,1.6258968893471593,-13.814761833033923,-0.4550500178510104
-1.2876005921777813,18.211406259028863,65.29958896474167,63.778239878805145,-55.139195261665854,35.08826231845437,-25.616148553118876,12.079199692434514,-29.94066778279848,14.81582977283316,-9.350138475169336,-1.914675809261592,-2.1348004667483202
-12.43542165890379,-25.601211732019525,63.778239878805145,149.7850702921052,14.925673473362489,31.879788838171017,-19.42098567336004,21.042219476814115,-38.39525086033867,71.66602340432689,16.62958215902989,7.1749654090187045,-16.180719121370863
-11.145282198644946,10.806708210535334,-55.139195261665854,14.925673473362489,290.5786235594576,-104.58773857241327,106.6830304554876,9.951362972527262,26.406245562320244,29.396935156146636,54.04263919023566,-24.5678804037987,-26.707289582294266
6.4313197760312475,-37.772309828153844,35.08826231845437,31.879788838171017,-104.58773857241327,295.37791869875207,25.221387795881135,35.76151779247315,25.487331731488563,-16.824115690433523,-82.21949056994727,-40.97420349257728,20.200375929248665
-6.001968864965042,23.01045232051803,-25.616148553118876,-19.42098567336004,106.6830304554876,25.221387795881135,177.68303570786762,80.61543913968201,12.451400784977093,8.778906794393798,-4.490657776822568,-31.993065554014944,1.7877792756843565
-4.833274573689992,0.3861963399989146,12.079199692434514,21.042219476814115,9.951362972527262,35.76151779247315,80.61543913968201,108.42989013282306,38.367014085244264,16.80486660976226,-9.998705410412649,-13.619476963689417,2.4073335504381252
5.211880067271758,-10.367765841459043,-29.94066778279848,-38.39525086033867,26.406245562320244,25.487331731488563,12.451400784977093,38.367014085244264,124.44739802403943,10.763703691336259,-7.861060143993463,-7.110245069880721,6.314106041955214
-11.05670763633418,-18.807960582624762,14.81582977283316,71.66602340432689,29.396935156146636,-16.824115690433523,8.778906794393798,16.80486660976226,10.763703691336259,154.38793759969857,81.96294283274996,26.245809402026666,-9.895439648857112
-7.0081195236254334,1.6258968893471593,-9.350138475169336,16.62958215902989,54.04263919023566,-82.21949056994727,-4.490657776822568,-9.998705410412649,-7.861060143993463,81.96294283274996,141.97925603714432,72.25815501644568,9.82763857601801
-1.0883895204066634,-13.814761833033923,-1.914675809261592,7.1749654090187045,-24.5678804037987,-40.97420349257728,-31.993065554014944,-13.619476963689417,-7.110245069880721,26.245809402026666,72.25815501644568,116.21964555872313,57.004584554014286
2.057615330938195,-0.4550500178510104,-2.1348004667483202,-16.180719121370863,-26.707289582294266,20.200375929248665,1.7877792756843565,2.4073335504381252,6.314106041955214,-9.895439648857112,9.82763857601801,57.004584554014286,87.61305804908933
