2.5557529849002005,-6.257088626804251,-6.280455696152853,-3.2908430076056163,-1.1451440059193667,-2.97559481422331,-0.15204433932043876,-0.8337325593840689,-0.9886300705950198,0.4606397163050408,0.27542917255711125,-0.2875106336142594,-1.6900118663619486
-6.257088626804251,84.78362471326184,24.955522528817706,-46.78859516961161,9.629105120277378,-20.620271860748897,20.463079873269855,-15.651640796434965,1.6379713060353518,-3.9197362370967785,1.4461093400833491,-12.174684275540745,7.576350493967079
-6.280455696152853,24.955522528817706,40.26715566944901,24.661583492067997,-25.443869532573604,25.181989723853317,-15.841613107715224,8.920461609827989,5.666493539950425,-3.8095566145198814,0.6152151085470888,-0.377757312717961,5.483855444169485
-3.2908430076056163,-46.78859516961161,24.661583492067997,87.64583709247468,1.8891610101195646,27.234482680057656,-14.982112438609912,26.407469077470623,4.309754768185537,9.609682327418291,-4.517305906645928,17.76543629607117,-5.765956161652377
-1.1451440059193667,9.629105120277378,-25.443869532573604,1.8891610101195646,155.71122473417216,-87.74555878078796,81.46121043983877,7.848530328441775,-16.119895253479335,33.64577855706673,-3.831936098251065,10.002384666518157,-13.837948900099937
-2.97559481422331,-20.620271860748897,25.181989723853317,27.234482680057656,-87.74555878078796,180.59832045704377,-53.164627267744166,13.717928121597662,54.22315038897834,-31.90364972265671,25.786625340580724,-5.074126288174364,32.219513139657444
-0.15204433932043876,20.463079873269855,-15.841613107715224,-14.982112438609912,81.46121043983877,-53.164627267744166,92.7746658043015,17.60499096396117,-8.431562413032445,38.818791777025936,-6.631419591252746,14.403864684321391,-7.341101580342261
-0.8337325593840689,-15.651640796434965,8.920461609827989,26.407469077470623,7.848530328441775,13.717928121597662,17.60499096396117,55.983049277892015,25.601793812134375,16.317927701030435,14.58540878299251,12.20291151330192,8.566354003051675
-0.9886300705950198,1.6379713060353518,5.666493539950425,4.309754768185537,-16.119895253479335,54.22315038897834,-8.431562413032445,25.601793812134375,76.65058329988798,8.266466784900171,31.439647040403685,13.576463249815252,22.346389525268002
0.4606397163050408,-3.9197362370967785,-3.8095566145198814,9.609682327418291,33.64577855706673,-31.90364972265671,38.818791777025936,16.317927701030435,8.266466784900171,76.16143570833911,18.122524020297615,27.287724031364053,4.0090373341311025
0.27542917255711125,1.4461093400833491,0.6152151085470888,-4.517305906645928,-3.831936098251065,25.786625340580724,-6.631419591252746,14.58540878299251,31.439647040403685,18.122524020297615,65.0922661883634,27.149221163618307,26.21908145387108
-0.2875106336142594,-12.174684275540745,-0.377757312717961,17.76543629607117,10.002384666518157,-5.074126288174364,14.403864684321391,12.20291151330192,13.576463249815252,27.287724031364053,27.149221163618307,57.08590040624074,27.882018371039905
-1.6900118663619486,7.576350493967079,5.483855444169485,-5.765956161652377,-13.837948900099937,32.219513139657444,-7.341101580342261,8.566354003051675,22.346389525268002,4.0090373341311025,26.21908145387108,27.882018371039905,52.94707073442432
