0.6291292879064755,-0.9022462723651032,-1.5369011439857736,-1.453680184629226,-0.2548041902313711,-0.8103324491666839,-1.0959161640234671,-1.7461041948688005,-0.40366172515879717,-0.554919415302882,-0.013608455043185707,-0.45967848782547327,-0.4983142340635382
-0.9022462723651032,44.16123856886951,9.13054167079996,-21.664839110634965,30.197086399995918,-46.72482814372732,18.604053381805144,-9.598087870660995,-7.981627333045606,-2.7750036800204465,-3.6351081458546055,-9.407709883307337,-4.289907343312947
-1.5369011439857736,9.13054167079996,28.16703888836058,22.699438061526482,-27.04951578746208,20.68483403690812,-16.50734719791674,9.291973228712042,0.9616174581991725,-4.63578399557636,-5.245152898245783,-0.4170556616759191,4.987273271801829
-1.453680184629226,-21.664839110634965,22.699438061526482,52.977254127221535,-20.040079508790022,46.938578770891205,-9.296420682860127,19.307369701993924,7.666253597950702,5.126269443001335,-3.02361707852986,11.486097494622596,6.380894984691349
-0.2548041902313711,30.197086399995918,-27.04951578746208,-20.040079508790022,156.760109318894,-76.1511546079603,90.18230194191614,3.7488582979843486,-6.893400371062678,21.889257399156755,13.144922598954505,1.2432947908682586,-11.679017149529688
-0.8103324491666839,-46.72482814372732,20.68483403690812,46.938578770891205,-76.1511546079603,185.72248768918573,-34.2339215732542,29.263752355645508,47.02239372508752,-7.9645661497310645,14.646013411832268,-0.9112469918370586,16.269699753064522
-1.0959161640234671,18.604053381805144,-16.50734719791674,-9.296420682860127,90.18230194191614,-34.2339215732542,100.23708056529064,32.119640201547874,8.180253837434833,31.25812637810582,7.532936108501759,14.340331907938333,-3.98882158741163
-1.7461041948688005,-9.598087870660995,9.291973228712042,19.307369701993924,3.7488582979843486,29.263752355645508,32.119640201547874,70.17186806729438,35.96479298009415,23.661635014659048,20.182910763202838,16.377008618652184,15.94004070916355
-0.40366172515879717,-7.981627333045606,0.9616174581991725,7.666253597950702,-6.893400371062678,47.02239372508752,8.180253837434833,35.96479298009415,74.80911249941882,31.80243483871432,30.302933806832492,16.366277083213962,16.04579853662326
-0.554919415302882,-2.7750036800204465,-4.63578399557636,5.126269443001335,21.889257399156755,-7.9645661497310645,31.25812637810582,23.661635014659048,31.80243483871432,74.32738717063602,38.065889097205655,34.00821199761319,15.454154798552333
-0.013608455043185707,-3.6351081458546055,-5.245152898245783,-3.02361707852986,13.144922598954505,14.646013411832268,7.532936108501759,20.182910763202838,30.302933806832492,38.065889097205655,77.9512893667421,43.1820059756354,28.88905296268627
-0.45967848782547327,-9.407709883307337,-0.4170556616759191,11.486097494622596,1.2432947908682586,-0.9112469918370586,14.340331907938333,16.377008618652184,16.366277083213962,34.00821199761319,43.1820059756354,78.27922607974658,48.55325049266403
-0.4983142340635382,-4.289907343312947,4.987273271801829,6.380894984691349,-11.679017149529688,16.269699753064522,-3.98882158741163,15.94004070916355,16.04579853662326,15.454154798552333,28.88905296268627,48.55325049266403,65.12125589721033
