1.8375131403518161,-5.558489842135301,-3.3517217161280195,1.7288649356836998,3.204172457500436,-2.1406279085812527,-3.206566014671026,-6.348753820743161,-4.88993947599555,2.251552956268163,-1.2142699476264478,-1.7185361768218115,-0.8355613908353101
-5.558489842135301,54.09081227920009,14.807437727525333,-23.67346540969144,30.974684858590642,-36.35664766510229,35.25022411503036,10.777042323679861,10.595757524648285,8.781592678066994,8.250144422678492,6.091592610434898,0.2022094633732867
-3.3517217161280195,14.807437727525333,32.448980128121995,25.67996968692911,-23.001483250753783,23.130583198941665,-9.385272890651947,19.013370994314972,12.387481056666669,3.1750257079072717,12.750166174806054,9.624492084959718,5.129465031761619
1.7288649356836998,-23.67346540969144,25.67996968692911,60.40591879877566,-22.296419382726814,35.57731497281604,-21.699365795660515,8.072212933596806,-1.026879656022605,6.6108983520455045,4.7629629691081945,13.28577290626349,1.3034088685535026
3.204172457500436,30.974684858590642,-23.001483250753783,-22.296419382726814,140.12607276611737,-95.92864208459767,76.08419330600097,-13.991723761035555,-32.08014131949274,33.38580130936633,-7.467435406673404,-0.6318531947851354,-14.392872147012906
-2.1406279085812527,-36.35664766510229,23.130583198941665,35.57731497281604,-95.92864208459767,182.04074524901165,-47.8465624509402,35.49525781459266,63.876168252854065,-36.74022416106698,22.737593134592423,-2.7180330122575587,28.861877955757617
-3.206566014671026,35.25022411503036,-9.385272890651947,-21.699365795660515,76.08419330600097,-47.8465624509402,109.1751769088731,40.43312575547707,7.466846472038843,27.845361258339153,-10.59064446041271,14.011109177481712,-8.32298719219155
-6.348753820743161,10.777042323679861,19.013370994314972,8.072212933596806,-13.991723761035555,35.49525781459266,40.43312575547707,97.98073430302074,57.904789381078494,6.8927151557270445,19.570549501916286,14.057923498061264,11.706771020130756
-4.88993947599555,10.595757524648285,12.387481056666669,-1.026879656022605,-32.08014131949274,63.876168252854065,7.466846472038843,57.904789381078494,104.28408966225088,16.593627621504517,29.938517749064907,14.387787974974291,18.457329907019055
2.251552956268163,8.781592678066994,3.1750257079072717,6.6108983520455045,33.38580130936633,-36.74022416106698,27.845361258339153,6.8927151557270445,16.593627621504517,87.36387406975706,24.366431905394247,17.467121141675396,0.048963629518992635
-1.2142699476264478,8.250144422678492,12.750166174806054,4.7629629691081945,-7.467435406673404,22.737593134592423,-10.59064446041271,19.570549501916286,29.938517749064907,24.366431905394247,66.81799902431696,31.67740664316806,25.956999592144673
-1.7185361768218115,6.091592610434898,9.624492084959718,13.28577290626349,-0.6318531947851354,-2.7180330122575587,14.011109177481712,14.057923498061264,14.387787974974291,17.467121141675396,31.67740664316806,66.42893126161863,32.58553410513381
-0.8355613908353101,0.2022094633732867,5.129465031761619,1.3034088685535026,-14.392872147012906,28.861877955757617,-8.32298719219155,11.706771020130756,18.457329907019055,0.048963629518992635,25.956999592144673,32.58553410513381,56.134186983063614
