1.9127792770783159,1.9856439727293032,-0.889528302056939,-7.973139750641307,-9.95226076984611,-4.140175048248616,-5.062813102650574,-5.508881492541828,0.0940588687518726,-0.7225639516069179,-0.5870523597344383,-0.5174199795364043,0.6792441252578094
1.9856439727293032,53.27044402572076,25.760647764647555,-23.82952946671711,-5.996852546133414,-36.89705435383339,-13.502232049098378,-27.500244020688413,-17.969356169622266,-21.49099596070414,3.8640112042115935,-15.927774038689957,2.9535825330845107
-0.889528302056939,25.760647764647555,84.95231443495321,66.55787909140838,-78.32787725879054,67.0337412620647,-62.20326774864267,-15.587738630935714,-25.25242776220095,-7.742033610947496,-29.657744467998523,10.886860509175778,8.299724068953207
-7.973139750641307,-23.82952946671711,66.55787909140838,137.86174477272502,16.732725162484947,101.078188224866,-14.775472507117845,32.79806076529977,-12.451319924313474,10.731890152739552,-27.256551898490038,21.794249314877188,2.304136763307777
-9.95226076984611,-5.996852546133414,-78.32787725879054,16.732725162484947,321.1032125553587,-88.38592213090072,155.21416367269566,72.82354570836486,15.67978057286412,-4.198722014795142,60.164697199857805,-30.27016559081581,-13.727224170957552
-4.140175048248616,-36.89705435383339,67.0337412620647,101.078188224866,-88.38592213090072,190.55019207261594,-32.739278060246406,26.668064741716574,12.346065988508514,28.33996914540419,-25.09876580886002,40.017600362000444,19.660669137330288
-5.062813102650574,-13.502232049098378,-62.20326774864267,-14.775472507117845,155.21416367269566,-32.739278060246406,139.3336789992324,73.44799581454089,30.673763018726973,20.08175748721336,41.9203352769403,-5.446554751237239,-5.790706504199839
-5.508881492541828,-27.500244020688413,-15.587738630935714,32.79806076529977,72.82354570836486,26.668064741716574,73.44799581454089,101.73707051728634,54.15647279838726,34.984586611700195,30.84929492157677,14.479384907315177,2.468035515946979
0.0940588687518726,-17.969356169622266,-25.25242776220095,-12.451319924313474,15.67978057286412,12.346065988508514,30.673763018726973,54.15647279838726,85.00594398989034,47.012426475611505,36.43853261911441,18.612861113263016,9.445317560322408
-0.7225639516069179,-21.49099596070414,-7.742033610947496,10.731890152739552,-4.198722014795142,28.33996914540419,20.08175748721336,34.984586611700195,47.012426475611505,81.01158564171841,41.00394961691983,37.332300236270136,17.42246176706307
-0.5870523597344383,3.8640112042115935,-29.657744467998523,-27.256551898490038,60.164697199857805,-25.09876580886002,41.9203352769403,30.84929492157677,36.43853261911441,41.00394961691983,96.28435007840305,36.84855054302575,23.504883224959435
-0.5174199795364043,-15.927774038689957,10.886860509175778,21.794249314877188,-30.27016559081581,40.017600362000444,-5.446554751237239,14.479384907315177,18.612861113263016,37.332300236270136,36.84855054302575,74.09981985908415,38.37653785671375
0.6792441252578094,2.9535825330845107,8.299724068953207,2.304136763307777,-13.727224170957552,19.660669137330288,-5.790706504199839,2.468035515946979,9.445317560322408,17.42246176706307,23.504883224959435,38.37653785671375,59.81797675739631
