1.1378314015768196,3.2643342653634133,3.030679410535847,-0.7843407180120997,-4.786630751749927,-1.853196971919795,-4.463528595971498,-4.904644476048732,-1.8762962216723582,0.23602598332774496,-2.8764510321250163,-3.8647010987069157,-0.19235518995324027
3.2643342653634133,73.16178949275628,28.584740815089628,-32.96785960533806,28.744964380954837,-52.552188823929136,-7.146120061315177,-26.059683430748944,9.940768916932875,-35.47628743680485,13.525498473316711,-20.71431980822451,-8.485389555221072
3.030679410535847,28.584740815089628,53.879522497033044,28.760155867884425,-63.200359694423675,14.907100462620846,-33.67814554953717,-13.964721685356615,-24.337572338195375,16.26092172060423,-22.568395669749485,-10.71497526498108,7.936682051224173
-0.7843407180120997,-32.96785960533806,28.760155867884425,76.28691980171202,-50.9578600627224,62.75698106944717,-9.458321949597847,10.970437729505136,-29.353466648615033,48.35564189115011,-24.44857779443843,12.165960946372788,15.550835556022594
-4.786630751749927,28.744964380954837,-63.200359694423675,-50.9578600627224,263.67749412093343,-49.051715901067155,84.04892984038214,18.941963884259753,80.07284976695118,-77.18185755521435,84.23718139695066,23.64538137935462,-23.926107417730627
-1.853196971919795,-52.552188823929136,14.907100462620846,62.75698106944717,-49.051715901067155,123.82487989628494,12.904745814956788,28.85057382303662,-17.56126978152731,55.40966397397182,-17.812771387500508,16.374002410481815,21.79247424051909
-4.463528595971498,-7.146120061315177,-33.67814554953717,-9.458321949597847,84.04892984038214,12.904745814956788,88.442536466319,48.11865397260048,35.90733202666177,-5.266660096911421,32.657693485405375,18.46045976374643,-1.504840136137469
-4.904644476048732,-26.059683430748944,-13.964721685356615,10.970437729505136,18.941963884259753,28.85057382303662,48.11865397260048,76.81190875042574,38.140985590817884,15.991190368704714,18.956864913284008,26.854789628333986,3.6720614740237445
-1.8762962216723582,9.940768916932875,-24.337572338195375,-29.353466648615033,80.07284976695118,-17.56126978152731,35.90733202666177,38.140985590817884,80.83045007069565,0.08640413093908321,44.63064681474313,12.99542979056141,-2.1767868743018837
0.23602598332774496,-35.47628743680485,16.26092172060423,48.35564189115011,-77.18185755521435,55.40966397397182,-5.266660096911421,15.991190368704714,0.08640413093908321,102.08591609582624,0.8613926244274656,16.557304267072464,20.171662930979192
-2.8764510321250163,13.525498473316711,-22.568395669749485,-24.44857779443843,84.23718139695066,-17.812771387500508,32.657693485405375,18.956864913284008,44.63064681474313,0.8613926244274656,85.32636642383547,39.06085548970797,6.643768243721599
-3.8647010987069157,-20.71431980822451,-10.71497526498108,12.165960946372788,23.64538137935462,16.374002410481815,18.46045976374643,26.854789628333986,12.99542979056141,16.557304267072464,39.06085548970797,70.227519132793,36.6467895418005
-0.19235518995324027,-8.485389555221072,7.936682051224173,15.550835556022594,-23.926107417730627,21.79247424051909,-1.504840136137469,3.6720614740237445,-2.1767868743018837,20.171662930979192,6.643768243721599,36.6467895418005,58.661002081454576
