1.0016033734553376,-0.7394311616548139,-2.138926982488759,-3.4997787765464645,-1.6088084737807224,-0.7814444732570486,-1.5978307014487114,-3.7466691149561377,-1.5306264296908147,-2.821399435579417,-2.137944546724078,-1.654698873326402,0.030452880540782233
-0.7394311616548139,57.69887579712877,24.186216135379222,-26.71936288040884,11.12120331675794,-35.635493104449154,16.06631433483585,-7.420380647801266,-0.40682110396718574,-13.476959787893215,8.860924091085936,-17.298824666547862,5.517535637124633
-2.138926982488759,24.186216135379222,71.42391076527251,37.41567924275239,-97.36745392997345,55.53207605727951,-34.80429623446136,11.362680107722964,5.256655215497731,12.176274396137746,-18.02945737265393,5.308099075109955,10.20955394961526
-3.4997787765464645,-26.71936288040884,37.41567924275239,81.03213964154196,-33.36793345314433,48.15922291069197,-22.281587328743715,35.280633085361046,12.509633798391448,39.69383608344402,-0.9566273602341143,26.83894462789619,-3.3578918669713693
-1.6088084737807224,11.12120331675794,-97.36745392997345,-33.36793345314433,291.83946642075847,-148.884240610584,113.4348251738454,23.17345095065504,13.66778646641825,8.130926501760332,86.45711927220046,-3.796143695636137,-19.243304091340512
-0.7814444732570486,-35.635493104449154,55.53207605727951,48.15922291069197,-148.884240610584,206.7386875859189,-41.919348210071036,12.77730820786877,28.394211877587576,21.233380717868318,-31.709093335440258,28.57644344268651,28.287568080469608
-1.5978307014487114,16.06631433483585,-34.80429623446136,-22.281587328743715,113.4348251738454,-41.919348210071036,99.64942102569378,34.77869397709114,14.515291768720807,9.985621427836744,32.48434981713639,-1.4207100558370738,-4.544507783951973
-3.7466691149561377,-7.420380647801266,11.362680107722964,35.280633085361046,23.17345095065504,12.77730820786877,34.77869397709114,75.69741872004678,38.84657452659797,33.27172959151947,21.883840403229037,15.65233287079078,0.0031915738053752557
-1.5306264296908147,-0.40682110396718574,5.256655215497731,12.509633798391448,13.66778646641825,28.394211877587576,14.515291768720807,38.84657452659797,70.31488167986095,41.71997728707201,26.182701084604336,14.094708671921607,14.457525368544998
-2.821399435579417,-13.476959787893215,12.176274396137746,39.69383608344402,8.130926501760332,21.233380717868318,9.985621427836744,33.27172959151947,41.71997728707201,88.7596290064957,34.653519971433425,28.04382637510987,9.159741146020059
-2.137944546724078,8.860924091085936,-18.02945737265393,-0.9566273602341143,86.45711927220046,-31.709093335440258,32.48434981713639,21.883840403229037,26.182701084604336,34.653519971433425,85.940822167325,31.76116905072791,11.808362379870765
-1.654698873326402,-17.298824666547862,5.308099075109955,26.83894462789619,-3.796143695636137,28.57644344268651,-1.4207100558370738,15.65233287079078,14.094708671921607,28.04382637510987,31.76116905072791,65.93629346898221,32.74340827304782
0.030452880540782233,5.517535637124633,10.20955394961526,-3.3578918669713693,-19.243304091340512,28.287568080469608,-4.544507783951973,0.0031915738053752557,14.457525368544998,9.159741146020059,11.808362379870765,32.74340827304782,59.2829927911059
