1.117174138343426,2.848957398492908,0.6111180457753368,-5.0307395432278925,-7.1116552712013545,-2.0246636235319824,-3.3010933714244364,-2.7887659480893845,-1.8382603622166669,-4.281507535364909,-1.247969513746344,-1.0850472798691708,0.5581991901495182
2.848957398492908,77.77250176357393,22.673611193026776,-58.76963806597263,-19.97268233979811,-46.57620579474192,-1.8729106750352287,-37.30998095909196,-22.88408183377727,-37.27789583861967,-9.051822045320655,-14.821052779747584,6.420338872497538
0.6111180457753368,22.673611193026776,32.25563769854461,3.8773788381357637,-51.03668727122567,27.18705884922896,-32.26420753624882,-9.82253099258135,-6.748613520300873,-26.91944829674248,-3.8637398003226804,-5.639711600004979,5.844088478140204
-5.0307395432278925,-58.76963806597263,3.8773788381357637,89.8042712398116,39.69254659675693,48.320361923184336,4.966117992198747,34.37504639914296,17.85295852497714,39.43416930757519,7.770789293315208,16.088381505424724,-13.554353635035124
-7.1116552712013545,-19.97268233979811,-51.03668727122567,39.69254659675693,253.19337340192104,-91.41670421163343,130.8445492166643,35.62450629048461,7.7971743202862145,97.91658486833897,16.18458627142387,12.032475239639615,-29.31586402747273
-2.0246636235319824,-46.57620579474192,27.18705884922896,48.320361923184336,-91.41670421163343,190.3979957191724,-55.14214873043948,26.096668318237572,52.19944053544775,-26.101522126874872,15.428045919833059,-1.672815439876819,26.757837364573497
-3.3010933714244364,-1.8729106750352287,-32.26420753624882,4.966117992198747,130.8445492166643,-55.14214873043948,130.96222052704226,46.582502636537434,5.1648724130987,60.964783457602216,2.077802465306643,21.069643348339525,-5.310947508161882
-2.7887659480893845,-37.30998095909196,-9.82253099258135,34.37504639914296,35.62450629048461,26.096668318237572,46.582502636537434,80.59554676947525,37.7972250254879,40.84760516296337,23.011808054690242,20.20641467797672,12.785000249371869
-1.8382603622166669,-22.88408183377727,-6.748613520300873,17.85295852497714,7.7971743202862145,52.19944053544775,5.1648724130987,37.7972250254879,81.84641450340109,40.64195294849643,35.84591588777364,20.042977212595964,18.914533037788964
-4.281507535364909,-37.27789583861967,-26.91944829674248,39.43416930757519,97.91658486833897,-26.101522126874872,60.964783457602216,40.84760516296337,40.64195294849643,131.42502395175796,50.39814531363159,37.8321986414019,-4.804489464510252
-1.247969513746344,-9.051822045320655,-3.8637398003226804,7.770789293315208,16.18458627142387,15.428045919833059,2.077802465306643,23.011808054690242,35.84591588777364,50.39814531363159,80.18061513040486,38.746617788189546,22.05586268899823
-1.0850472798691708,-14.821052779747584,-5.639711600004979,16.088381505424724,12.032475239639615,-1.672815439876819,21.069643348339525,20.20641467797672,20.042977212595964,37.8321986414019,38.746617788189546,67.84679854787203,34.296532544982576
0.5581991901495182,6.420338872497538,5.844088478140204,-13.554353635035124,-29.31586402747273,26.757837364573497,-5.310947508161882,12.785000249371869,18.914533037788964,-4.804489464510252,22.05586268899823,34.296532544982576,63.65590632186504
