3.0712063639615304,1.2445735861589557,-9.988518666745374,-20.39510538453811,-1.7525550877125842,-7.419032916396691,5.148848004340923,-3.4312287542238797,1.8736605519191794,-13.93399294852685,-4.981585407405437,-2.674252634509787,0.3620826307711463
1.2445735861589557,68.60223954279017,15.918153941896897,-57.53843379628732,49.164178772619834,-35.491821266845314,7.831438722987949,-29.674891593758783,30.444328222071753,-60.88513688550759,16.421061843275194,-16.76771305695403,15.022026769093452
-9.988518666745374,15.918153941896897,99.23699765047671,124.18272212128507,-64.4171547479068,46.061866180995516,-31.044983394657496,0.723397377507053,-59.38906748834711,64.89553090214038,-6.597768189856735,-5.567855685172395,10.049452186544096
-20.39510538453811,-57.53843379628732,124.18272212128507,280.25375344110995,-86.73423015633843,102.24587841940213,-69.21284448199259,38.591996862801366,-103.76392195644705,175.88580484098145,-10.256520834234825,18.9999732910029,-19.13359812619674
-1.7525550877125842,49.164178772619834,-64.4171547479068,-86.73423015633843,256.62033939322293,-59.06878957808739,-1.4728896741231954,-16.629176313270236,130.68881089690905,-87.50054782264021,64.55887306405768,12.268529882126105,-22.793903439953755
-7.419032916396691,-35.491821266845314,46.061866180995516,102.24587841940213,-59.06878957808739,105.95089909498482,13.105451187851974,31.11719296634304,-38.89368748793604,93.44814630357371,1.2580682706315938,17.49863331268914,28.09940821075937
5.148848004340923,7.831438722987949,-31.044983394657496,-69.21284448199259,-1.4728896741231954,13.105451187851974,86.18570680930824,32.10516458881311,29.200013518385184,-18.957448442611582,19.9326069935519,10.567609894450422,31.818461413130525
-3.4312287542238797,-29.674891593758783,0.723397377507053,38.591996862801366,-16.629176313270236,31.11719296634304,32.10516458881311,78.19199267458295,31.922513202747282,60.33037151966121,24.18828344799188,26.92602221462509,3.3613190375587507
1.8736605519191794,30.444328222071753,-59.38906748834711,-103.76392195644705,130.68881089690905,-38.89368748793604,29.200013518385184,31.922513202747282,154.27793775633293,-21.675721845028583,58.22631246088581,15.553484020222974,8.89029484721615
-13.93399294852685,-60.88513688550759,64.89553090214038,175.88580484098145,-87.50054782264021,93.44814630357371,-18.957448442611582,60.33037151966121,-21.675721845028583,204.8728969261972,35.445256071803776,41.03337295872756,15.601083694462025
-4.981585407405437,16.421061843275194,-6.597768189856735,-10.256520834234825,64.55887306405768,1.2580682706315938,19.9326069935519,24.18828344799188,58.22631246088581,35.445256071803776,102.46206563801135,51.61553812509914,29.670011777032226
-2.674252634509787,-16.76771305695403,-5.567855685172395,18.9999732910029,12.268529882126105,17.49863331268914,10.567609894450422,26.92602221462509,15.553484020222974,41.03337295872756,51.61553812509914,64.54634311618882,31.390358820347476
0.3620826307711463,15.022026769093452,10.049452186544096,-19.13359812619674,-22.793903439953755,28.09940821075937,31.818461413130525,3.3613190375587507,8.89029484721615,15.601083694462025,29.670011777032226,31.390358820347476,76.33268239016509
