5.071451211367042,-4.117044104813184,-12.214053592892437,-19.800090550754177,-12.338453130180287,0.45384897543238867,1.690665406514005,-3.993616915095906,-4.529766735569312,-13.746767643528983,-13.856167872201178,-6.7460254540939255,7.776745280867628
-4.117044104813184,60.870150920431506,54.0254722008291,25.209853390545945,27.225436650765857,-15.032053998543997,-4.853237378683834,-4.259022147854602,-7.548468053281816,-16.325587769497872,-0.5572771079066102,-4.353083461511294,6.930912751459993
-12.214053592892437,54.0254722008291,112.37406645438203,113.3093898484529,-0.3685731591376268,53.44000730408415,-43.75040433196393,19.055467492559856,17.646730571594784,12.718062721132096,36.53942442702999,21.559362502752176,-2.034337643049898
-19.800090550754177,25.209853390545945,113.3093898484529,165.8449154045369,35.97200495912327,66.50262176175217,-31.206485302030874,38.90128016379545,40.90270471877726,71.17729612732614,76.74702938595577,48.50325430265543,-26.31484447424123
-12.338453130180287,27.225436650765857,-0.3685731591376268,35.97200495912327,180.51787862198984,-74.8200207208628,83.75368703827303,29.038487762928657,5.621011419287819,85.9763394730902,55.61854829801903,18.914024877844877,-29.86020226052623
0.45384897543238867,-15.032053998543997,53.44000730408415,66.50262176175217,-74.8200207208628,161.82455082095748,-29.203880032882193,41.421153391798136,54.24917762230551,-9.86432199492132,14.677343297466301,16.527418357867997,26.311802455710662
1.690665406514005,-4.853237378683834,-43.75040433196393,-31.206485302030874,83.75368703827303,-29.203880032882193,121.35058351303161,45.2400696175342,8.65989876276417,54.64679896155736,8.447523338181618,12.112277973982392,-2.751693213950495
-3.993616915095906,-4.259022147854602,19.055467492559856,38.90128016379545,29.038487762928657,41.421153391798136,45.2400696175342,82.83503671953167,54.18624945712413,56.79650148625586,49.44782275329935,24.21481287655677,1.7324748578691975
-4.529766735569312,-7.548468053281816,17.646730571594784,40.90270471877726,5.621011419287819,54.24917762230551,8.65989876276417,54.18624945712413,91.56660001823438,51.46705934622604,50.0722776853908,28.402884923238418,6.386151066884824
-13.746767643528983,-16.325587769497872,12.718062721132096,71.17729612732614,85.9763394730902,-9.86432199492132,54.64679896155736,56.79650148625586,51.46705934622604,175.93984367577536,114.39216057381961,65.20206154027277,-25.79857064774431
-13.856167872201178,-0.5572771079066102,36.53942442702999,76.74702938595577,55.61854829801903,14.677343297466301,8.447523338181618,49.44782275329935,50.0722776853908,114.39216057381961,129.37243502378237,64.68036680124413,-7.834591150955114
-6.7460254540939255,-4.353083461511294,21.559362502752176,48.50325430265543,18.914024877844877,16.527418357867997,12.112277973982392,24.21481287655677,28.402884923238418,65.20206154027277,64.68036680124413,67.04843784704224,15.59508691691215
7.776745280867628,6.930912751459993,-2.034337643049898,-26.31484447424123,-29.86020226052623,26.311802455710662,-2.751693213950495,1.7324748578691975,6.386151066884824,-25.79857064774431,-7.834591150955114,15.59508691691215,64.28694311699711
