2.97445534950636,4.405914503505346,5.292995535067303,-3.0430204303140416,-18.815847407931397,-6.240412370155375,-10.247892587722543,-11.176019720587657,-10.863171161890598,-0.839644864833231,-6.041818214392955,-4.91528856956008,0.09974131775158883
4.405914503505346,63.480863719145326,25.918886910745638,-34.93588482894428,11.5987357004045,-43.26645679261987,-15.358560571553205,-35.23692731009894,-0.7479871343955443,-33.35447461217877,9.292802072580459,-18.822113636832793,-8.247817964489391
5.292995535067303,25.918886910745638,58.62953816679012,34.61797050872982,-77.92143731378863,7.554926377085018,-48.98151912871129,-30.584320769795113,-45.23010617197375,16.653838091504323,-29.102542070507873,-19.736826825167846,-3.277387046751937
-3.0430204303140416,-34.93588482894428,34.61797050872982,102.46131253781671,-20.57397484575445,44.264329814927834,-21.15404116149978,14.465616071537216,-29.064799181000396,45.902337862135525,-21.830684420398057,7.246797704065044,-1.4964303877466412
-18.815847407931397,11.5987357004045,-77.92143731378863,-20.57397484575445,366.7526600931653,-34.77841870763433,108.91060293905063,76.98089425384845,150.3748771676346,-83.18654530873874,109.8058137353694,59.15973995080142,-17.36865531496317
-6.240412370155375,-43.26645679261987,7.554926377085018,44.264329814927834,-34.77841870763433,130.04069204402347,45.437469189076666,49.962783678606144,5.906547408531066,62.01191457538737,-9.554980776831318,8.250479133410703,19.121211745423217
-10.247892587722543,-15.358560571553205,-48.98151912871129,-21.15404116149978,108.91060293905063,45.437469189076666,126.23692387562807,85.18642411279488,80.21243546496493,7.0885098696609585,44.87800289648705,27.534303094922137,15.23882586607774
-11.176019720587657,-35.23692731009894,-30.584320769795113,14.465616071537216,76.98089425384845,49.962783678606144,85.18642411279488,113.95758327855626,88.6928495619074,29.887945972711485,36.540258022081495,38.03084467720622,10.807169962171471
-10.863171161890598,-0.7479871343955443,-45.23010617197375,-29.064799181000396,150.3748771676346,5.906547408531066,80.21243546496493,88.6928495619074,140.52891934010754,9.365526904889995,70.94589075439015,35.48960147030537,8.245329045139645
-0.839644864833231,-33.35447461217877,16.653838091504323,45.902337862135525,-83.18654530873874,62.01191457538737,7.0885098696609585,29.887945972711485,9.365526904889995,118.54974160259167,6.967467544656244,7.313656369729419,16.73892383690572
-6.041818214392955,9.292802072580459,-29.102542070507873,-21.830684420398057,109.8058137353694,-9.554980776831318,44.87800289648705,36.540258022081495,70.94589075439015,6.967467544656244,93.45583326161878,46.720939975916664,11.198747043760937
-4.91528856956008,-18.822113636832793,-19.736826825167846,7.246797704065044,59.15973995080142,8.250479133410703,27.534303094922137,38.03084467720622,35.48960147030537,7.313656369729419,46.720939975916664,70.85548603871563,33.866123299698195
0.09974131775158883,-8.247817964489391,-3.277387046751937,-1.4964303877466412,-17.36865531496317,19.121211745423217,15.23882586607774,10.807169962171471,8.245329045139645,16.73892383690572,11.198747043760937,33.866123299698195,57.371487517295364
