1.5669954954889815,0.6756409428600377,-3.379419182456399,-9.228637338340738,-6.553639347053872,-3.2417871763437014,0.4795608400125792,-2.130826029508866,2.522069894852936,1.1048073323729997,0.9342276889901157,-0.226707651041183,2.6417401794314657
0.6756409428600377,59.29511957135861,3.4142551418625433,-61.128558891339146,44.06633141616495,-36.578142609664965,16.839159401463277,-10.545281345594768,35.39105595632955,-45.01590850598456,29.40859600347112,-8.849063073736293,14.338815916698291
-3.379419182456399,3.4142551418625433,43.139654713195156,52.53481349445787,-32.585501508565855,45.8661526936829,-2.218571565535751,5.172707948968415,-31.433660891388474,20.926469837133105,-19.37926153304682,-2.2291860822398544,9.804295442045865
-9.228637338340738,-61.128558891339146,52.53481349445787,174.69951480754827,-13.949283565035874,84.36366180748459,-23.925921020302155,25.58978658200812,-80.23391074197168,53.29556826331318,-45.6541662314215,9.551118204594099,-26.36708811665516
-6.553639347053872,44.06633141616495,-32.585501508565855,-13.949283565035874,273.74621799005456,-87.75029389656514,2.1745065195247895,8.530440943897664,72.48762301985724,-123.24784252673662,66.03528477185878,5.456729692149701,-49.14637493998222
-3.2417871763437014,-36.578142609664965,45.8661526936829,84.36366180748459,-87.75029389656514,130.14482044108203,14.788289438838047,15.418419630564012,-49.03674381713406,79.54802152330828,-41.61349928632272,-4.843169044679788,13.82835024045069
0.4795608400125792,16.839159401463277,-2.218571565535751,-23.925921020302155,2.1745065195247895,14.788289438838047,56.38674433352582,25.044092523648185,21.414745261548752,3.879153809623119,13.66900414447631,-1.8320145820317677,11.658818253437419
-2.130826029508866,-10.545281345594768,5.172707948968415,25.58978658200812,8.530440943897664,15.418419630564012,25.044092523648185,64.48599903360702,30.42870061514826,22.934490881202578,14.6551275286174,13.44612915414253,-9.179614200750295
2.522069894852936,35.39105595632955,-31.433660891388474,-80.23391074197168,72.48762301985724,-49.03674381713406,21.414745261548752,30.42870061514826,123.34168785363076,1.5187508982530658,58.15755718149019,4.173339083926544,3.600065173116523
1.1048073323729997,-45.01590850598456,20.926469837133105,53.29556826331318,-123.24784252673662,79.54802152330828,3.879153809623119,22.934490881202578,1.5187508982530658,154.4777495993194,-5.488920266978686,7.766652668321264,12.456708120386374
0.9342276889901157,29.40859600347112,-19.37926153304682,-45.6541662314215,66.03528477185878,-41.61349928632272,13.66900414447631,14.6551275286174,58.15755718149019,-5.488920266978686,82.35709754886412,23.677043129218998,3.8861595256118653
-0.226707651041183,-8.849063073736293,-2.2291860822398544,9.551118204594099,5.456729692149701,-4.843169044679788,-1.8320145820317677,13.44612915414253,4.173339083926544,7.766652668321264,23.677043129218998,51.59796629925757,23.418548505583654
2.6417401794314657,14.338815916698291,9.804295442045865,-26.36708811665516,-49.14637493998222,13.82835024045069,11.658818253437419,-9.179614200750295,3.600065173116523,12.456708120386374,3.8861595256118653,23.418548505583654,85.9597851999495
