0.8782112807997757,-1.080919996920816,-2.7413516065944497,-3.3159821404744476,-0.5287038384785884,-1.5098831715055172,-0.8832410610215355,-1.1399315769336766,1.0047877285973708,-1.128886208622859,0.5448013738568519,0.20891802293583853,-0.1879864995758269
-1.080919996920816,50.54245881686149,9.741991560816913,-33.42520458102077,24.788587805385585,-38.73353025327814,15.8713576615484,-10.662696995276992,5.82704733695188,-7.009533061254907,2.282701871974249,-6.329552851076695,6.380821616660492
-2.7413516065944497,9.741991560816913,34.501522353513984,30.062683762695006,-28.936936290266168,34.20833148786035,-21.546158516818483,7.098435792864778,5.706400800488862,-1.6369764734563381,0.18808726307843343,2.3933772305655623,6.522641031013721
-3.3159821404744476,-33.42520458102077,30.062683762695006,87.7976432709032,-4.376700428394539,45.76386577413061,-4.512752478815061,24.089190533721915,-12.329074983630804,25.55554457684766,-3.8950044984724626,10.261330367125797,-9.724622767415386
-0.5287038384785884,24.788587805385585,-28.936936290266168,-4.376700428394539,178.56491530738708,-96.87386026070497,111.3835278134043,8.967020129088963,-32.17869655354393,43.59462953732701,6.197133806478691,-9.034632135334649,-22.052516608719355
-1.5098831715055172,-38.73353025327814,34.20833148786035,45.76386577413061,-96.87386026070497,206.41583515254487,-56.15447489619637,13.706580261039344,51.18951038648002,-30.922363942091792,12.616502138974665,2.8122482960314272,28.636678203204763
-0.8832410610215355,15.8713576615484,-21.546158516818483,-4.512752478815061,111.3835278134043,-56.15447489619637,121.06840060162318,30.387388372526537,-17.89425861987323,46.334738130203185,1.2380033428189923,2.5144454692329146,-15.016466154186629
-1.1399315769336766,-10.662696995276992,7.098435792864778,24.089190533721915,8.967020129088963,13.706580261039344,30.387388372526537,61.76113856494028,19.88139236150807,24.810521762080164,11.56516515604695,7.993151859938924,1.1303221860476693
1.0047877285973708,5.82704733695188,5.706400800488862,-12.329074983630804,-32.17869655354393,51.18951038648002,-17.89425861987323,19.88139236150807,79.51321454064403,3.0038307494035776,21.752829343004326,12.850529627681015,20.77665802278174
-1.128886208622859,-7.009533061254907,-1.6369764734563381,25.55554457684766,43.59462953732701,-30.922363942091792,46.334738130203185,24.810521762080164,3.0038307494035776,86.70273486238314,30.1360151392399,23.0363501535119,-1.787838213186982
0.5448013738568519,2.282701871974249,0.18808726307843343,-3.8950044984724626,6.197133806478691,12.616502138974665,1.2380033428189923,11.56516515604695,21.752829343004326,30.1360151392399,67.35442443334738,33.01159252877153,23.967364673313547
0.20891802293583853,-6.329552851076695,2.3933772305655623,10.261330367125797,-9.034632135334649,2.8122482960314272,2.5144454692329146,7.993151859938924,12.850529627681015,23.0363501535119,33.01159252877153,61.32395892509445,32.890335886255556
-0.1879864995758269,6.380821616660492,6.522641031013721,-9.724622767415386,-22.052516608719355,28.636678203204763,-15.016466154186629,1.1303221860476693,20.77665802278174,-1.787838213186982,23.967364673313547,32.890335886255556,56.84007513016853
