3.960709769153297,2.8894864215063345,3.033510657020975,-11.365860661520735,-19.734541580116453,4.331268407185745,-0.6727646002980902,-8.88950367629738,-1.3828387412888974,-4.160700231672188,-6.7912635828813785,-6.071971698138824,-0.5971272155219957
2.8894864215063345,53.67223529688555,4.6195093475868685,-43.702303813044445,43.71211221451605,-45.16843903592693,27.539958485210498,-14.773143506674554,17.96545109219076,-22.219434175025732,34.257583155206696,-19.011779246466496,6.186311391789521
3.033510657020975,4.6195093475868685,38.46309620202596,35.83643135551693,-44.664114872532856,19.254505948752875,-8.070772951196645,15.240437679436038,-9.005896083356943,6.16435685787001,-26.508689162340175,-8.91815590029624,-12.578109015020445
-11.365860661520735,-43.702303813044445,35.83643135551693,132.89761136869234,2.412980102566514,42.11422302559919,-30.868159324228788,60.090484819885496,-21.301728047787165,40.81124240912276,-35.94825821066135,26.25120356836835,-20.310395716392573
-19.734541580116453,43.71211221451605,-44.664114872532856,2.412980102566514,261.3142839798797,-71.61580523037476,46.78924963855473,11.390840507636032,38.469568236529014,-6.339432917890427,108.23213193622851,27.027672556224296,23.206855943931917
4.331268407185745,-45.16843903592693,19.254505948752875,42.11422302559919,-71.61580523037476,122.04029591403221,-0.6860685664891419,10.64706779508205,-6.92573135010141,27.425382603406142,-41.524553649979104,14.590695773088493,1.689088042288501
-0.6727646002980902,27.539958485210498,-8.070772951196645,-30.868159324228788,46.78924963855473,-0.6860685664891419,89.94339021906595,38.49113763394317,17.74998153974949,-23.681084449391243,14.544392156384392,-27.10146060325041,-2.0852165249257055
-8.88950367629738,-14.773143506674554,15.240437679436038,60.090484819885496,11.390840507636032,10.64706779508205,38.49113763394317,104.57437241886589,25.32124639920482,17.730250834081883,-20.719179288065902,-0.6292114657670608,-13.471033247269668
-1.3828387412888974,17.96545109219076,-9.005896083356943,-21.301728047787165,38.469568236529014,-6.92573135010141,17.74998153974949,25.32124639920482,77.46302789744047,39.72798413173535,45.75351752701744,18.76753728673198,24.731452718268528
-4.160700231672188,-22.219434175025732,6.16435685787001,40.81124240912276,-6.339432917890427,27.425382603406142,-23.681084449391243,17.730250834081883,39.72798413173535,99.09987310642668,52.70037600741702,55.8666121666867,21.439579326548646
-6.7912635828813785,34.257583155206696,-26.508689162340175,-35.94825821066135,108.23213193622851,-41.524553649979104,14.544392156384392,-20.719179288065902,45.75351752701744,52.70037600741702,153.58675682682951,76.09354568255071,56.04482097726203
-6.071971698138824,-19.011779246466496,-8.91815590029624,26.25120356836835,27.027672556224296,14.590695773088493,-27.10146060325041,-0.6292114657670608,18.76753728673198,55.8666121666867,76.09354568255071,116.30933242729128,71.02071222717532
-0.5971272155219957,6.186311391789521,-12.578109015020445,-20.310395716392573,23.206855943931917,1.689088042288501,-2.0852165249257055,-13.471033247269668,24.731452718268528,21.439579326548646,56.04482097726203,71.02071222717532,80.13813420569272
