1.4347509974771957,2.524305946478517,0.8678478889986581,-5.708128536056183,-10.736909619515192,-1.7692274160042862,-2.0795622114962784,-6.114843125199898,-4.184548906464765,1.4456956507594052,-0.5405260610565594,-2.343976553539475,0.27384971865440905
2.524305946478517,56.35340626339419,3.523683017212517,-53.39728860886809,44.53403436104432,-48.625045496448685,3.800531324533851,-18.416824136813958,25.440835391773742,-44.983145815995975,29.505014416849576,-8.470842063523904,-5.1491584532956525
0.8678478889986581,3.523683017212517,37.60843535895503,40.96503208542404,-45.637557361502815,13.110830206251876,-21.231098638917146,4.444536539236773,-17.81671887964635,22.726291354754974,-20.27253625115831,2.9327463371270412,9.185125429509467
-5.708128536056183,-53.39728860886809,40.96503208542404,130.4507287716902,-41.67978729393006,59.06960734784135,-20.09332623947557,42.56813184223229,-30.03382768119057,61.27135807656903,-46.87361808073792,20.45309329425223,15.441506819379644
-10.736909619515192,44.53403436104432,-45.637557361502815,-41.67978729393006,274.64302474245466,-51.5591323947462,53.47542393405073,38.96564323640015,109.58449864528946,-106.07308534558685,77.13656051042237,19.66312027813865,-19.107267975865604
-1.7692274160042862,-48.625045496448685,13.110830206251876,59.06960734784135,-51.5591323947462,109.3063598352985,29.683391559543285,35.40069666048377,-13.529189404645797,70.28922883537369,-24.466229137309966,6.503704348232302,17.02232405329567
-2.0795622114962784,3.800531324533851,-21.231098638917146,-20.09332623947557,53.47542393405073,29.683391559543285,73.45835909974453,38.431149276311096,39.56116840952388,4.202667653619268,29.374044142343767,3.691798141566521,3.1738732645367214
-6.114843125199898,-18.416824136813958,4.444536539236773,42.56813184223229,38.96564323640015,35.40069666048377,38.431149276311096,79.37969202679555,44.1300434819192,22.687079106314957,10.71831010855853,25.794156892769784,9.372200128589744
-4.184548906464765,25.440835391773742,-17.81671887964635,-30.03382768119057,109.58449864528946,-13.529189404645797,39.56116840952388,44.1300434819192,93.90486597142241,-12.945329725616013,53.92139436471356,17.400788464804712,5.3143577003154086
1.4456956507594052,-44.983145815995975,22.726291354754974,61.27135807656903,-106.07308534558685,70.28922883537369,4.202667653619268,22.687079106314957,-12.945329725616013,121.86390561241261,-8.841568932709912,15.278598119532889,26.930382481065216
-0.5405260610565594,29.505014416849576,-20.27253625115831,-46.87361808073792,77.13656051042237,-24.466229137309966,29.374044142343767,10.71831010855853,53.92139436471356,-8.841568932709912,82.88689086991008,27.34110100675359,6.973719065865308
-2.343976553539475,-8.470842063523904,2.9327463371270412,20.45309329425223,19.66312027813865,6.503704348232302,3.691798141566521,25.794156892769784,17.400788464804712,15.278598119532889,27.34110100675359,52.40842490164874,29.435323994199155
0.27384971865440905,-5.1491584532956525,9.185125429509467,15.441506819379644,-19.107267975865604,17.02232405329567,3.1738732645367214,9.372200128589744,5.3143577003154086,26.930382481065216,6.973719065865308,29.435323994199155,48.57509077931788
