1.6664549070954,3.651393780094837,1.632926925519425,-7.047792748271603,-14.911298955707615,-4.1593819424482845,-3.7516614729403948,-3.377482786437513,-1.045216032705419,3.607840994469998,-0.03561369877172734,-3.2558374325898667,-1.5784095455638676
3.651393780094837,63.782299284422365,10.991287762415068,-56.31329427208532,10.993784566074302,-63.05357574166265,-1.2456978718734855,-17.866335481384642,16.642756137652814,-31.93830938306635,21.505123074607635,-16.38503988177779,-16.94479281970032
1.632926925519425,10.991287762415068,32.63645182426638,19.483310043095443,-52.57320547955769,13.518196669173976,-18.536453284041492,1.0925546188503998,-16.839355722461427,14.01897091458357,-19.412111510627316,-8.432686793315183,-4.954965453720685
-7.047792748271603,-56.31329427208532,19.483310043095443,115.26215218063915,20.814961988582493,82.68487384473131,8.534750270481002,29.14688736070482,-22.981932878292632,31.521931225082486,-36.10088117683199,15.604738978724523,17.049251297879962
-14.911298955707615,10.993784566074302,-52.57320547955769,20.814961988582493,361.8546216316458,-21.35826046114067,86.2691918729441,32.3211725137245,87.34994802207294,-102.31377190045896,66.64171745174447,42.91816249307446,10.084268940983558
-4.1593819424482845,-63.05357574166265,13.518196669173976,82.68487384473131,-21.35826046114067,137.40634314656526,21.438443151904146,37.843454419574066,-16.195280206765304,55.03267449245268,-23.18890818353422,16.876655872957592,22.734567911858992
-3.7516614729403948,-1.2456978718734855,-18.536453284041492,8.534750270481002,86.2691918729441,21.438443151904146,75.19785701999211,34.661222606901,28.632847296784238,-2.446570569235695,26.941972129920504,16.193530542736294,9.222057893620494
-3.377482786437513,-17.866335481384642,1.0925546188503998,29.14688736070482,32.3211725137245,37.843454419574066,34.661222606901,61.160271195356735,34.58284737015338,19.811607488309914,10.372754885363536,19.476932401283992,7.496866658744513
-1.045216032705419,16.642756137652814,-16.839355722461427,-22.981932878292632,87.34994802207294,-16.195280206765304,28.632847296784238,34.58284737015338,90.14076366034054,9.257771356875892,48.29702837936844,14.457253515522908,7.451324224146596
3.607840994469998,-31.93830938306635,14.01897091458357,31.521931225082486,-102.31377190045896,55.03267449245268,-2.446570569235695,19.811607488309914,9.257771356875892,123.08869769400674,8.689300976846692,10.22039943248426,17.018212114441308
-0.03561369877172734,21.505123074607635,-19.412111510627316,-36.10088117683199,66.64171745174447,-23.18890818353422,26.941972129920504,10.372754885363536,48.29702837936844,8.689300976846692,86.57665475396226,37.67948398096963,16.675965036437486
-3.2558374325898667,-16.38503988177779,-8.432686793315183,15.604738978724523,42.91816249307446,16.876655872957592,16.193530542736294,19.476932401283992,14.457253515522908,10.22039943248426,37.67948398096963,65.89335949661677,41.144343533310945
-1.5784095455638676,-16.94479281970032,-4.954965453720685,17.049251297879962,10.084268940983558,22.734567911858992,9.222057893620494,7.496866658744513,7.451324224146596,17.018212114441308,16.675965036437486,41.144343533310945,58.37299509113797
