5.242876497148444,-5.545105162232026,-19.857945218330464,-18.44470538797005,11.431827377114265,-14.864965942817419,7.319334776635484,-4.754538730644021,0.564064982656712,-2.2026271394982935,0.5340187555140603,-3.7210027918897,-2.2243947253491614
-5.545105162232026,59.62455276675111,45.36663824595,-2.2742887307475756,5.03960154303816,-2.1593542024060417,15.849146364432945,2.778048942620446,8.693567290640573,-9.162840190688849,18.096573910255433,-6.802667235656564,10.71422021083185
-19.857945218330464,45.36663824595,137.36860156736088,111.91444598926267,-88.39547482350082,119.60656923120038,-41.30738902819804,27.861705202178314,9.297694982756214,16.058222540709853,-9.82663688105311,19.857304106575576,21.338404311498508
-18.44470538797005,-2.2742887307475756,111.91444598926267,158.30668511151177,-39.29847848860523,120.53826301721824,-48.09941995512048,39.08304360065369,2.003314435110694,29.286288385469305,-27.356790177723184,25.704722663817257,3.8697204339821267
11.431827377114265,5.03960154303816,-88.39547482350082,-39.29847848860523,225.28946935889664,-120.10733378813653,76.24325765712308,3.0267499589790754,1.8346385154528153,-14.571003255632302,27.193871269951035,-27.450767222233022,-27.389679440812472
-14.864965942817419,-2.1593542024060417,119.60656923120038,120.53826301721824,-120.10733378813653,218.70061795386349,-50.13204531450448,31.815841383642866,33.58217452440923,27.899903650242113,-22.170424709310385,34.03543775969632,32.410469270146756
7.319334776635484,15.849146364432945,-41.30738902819804,-48.09941995512048,76.24325765712308,-50.13204531450448,91.05971553586231,23.571627827951087,8.640787505790287,3.842582085284116,19.516405860054963,-8.566343390345029,-3.775861440787881
-4.754538730644021,2.778048942620446,27.861705202178314,39.08304360065369,3.0267499589790754,31.815841383642866,23.571627827951087,63.27285015683735,31.060782162429838,20.182425872080337,4.922121112378342,8.911422295301973,2.9107690467421454
0.564064982656712,8.693567290640573,9.297694982756214,2.003314435110694,1.8346385154528153,33.58217452440923,8.640787505790287,31.060782162429838,68.85971909894218,31.528331801689326,21.574094770873533,8.881742753772912,14.242922049340388
-2.2026271394982935,-9.162840190688849,16.058222540709853,29.286288385469305,-14.571003255632302,27.899903650242113,3.842582085284116,20.182425872080337,31.528331801689326,74.76761400388575,24.373589368468664,28.18036872327087,11.177500187024942
0.5340187555140603,18.096573910255433,-9.82663688105311,-27.356790177723184,27.193871269951035,-22.170424709310385,19.516405860054963,4.922121112378342,21.574094770873533,24.373589368468664,83.10324739142857,32.853332784399235,21.846741142586783
-3.7210027918897,-6.802667235656564,19.857304106575576,25.704722663817257,-27.450767222233022,34.03543775969632,-8.566343390345029,8.911422295301973,8.881742753772912,28.18036872327087,32.853332784399235,66.90081896036843,38.412984246954714
-2.2243947253491614,10.71422021083185,21.338404311498508,3.8697204339821267,-27.389679440812472,32.410469270146756,-3.775861440787881,2.9107690467421454,14.242922049340388,11.177500187024942,21.846741142586783,38.412984246954714,58.514624009896124
