1.5109029389291746,1.5668815621374357,-1.4398773523539505,-8.41804393072355,-6.504738908910758,-1.0565699620561468,2.8459989907731416,-1.5941230187024285,1.4325031299940272,-1.4130024292051175,1.6122262053998873,1.3053876193222134,3.534228452149426
1.5668815621374357,52.33614064320517,-5.35833430648235,-51.08521613702356,53.693319524776335,-58.745201990104384,29.504782610372384,-7.2079735455785965,15.212804697634539,-36.103785396703586,40.30009235306964,-27.466228641049778,4.346417971796308
-1.4398773523539505,-5.35833430648235,22.451919909736063,38.08685466361818,-12.866884669644351,17.682230434711343,-15.962146569337643,6.636898882141367,-4.69552091171664,13.580051401485248,-17.069873958443946,2.4954897196660055,-7.2068393238465305
-8.41804393072355,-51.08521613702356,38.08685466361818,134.8161172224838,-2.3753252180934394,71.18571992919765,-50.65014468941661,24.785291867278673,-22.581906579942203,51.28653968644155,-54.11374551948883,17.964572953137164,-27.985200283696845
-6.504738908910758,53.693319524776335,-12.866884669644351,-2.3753252180934394,180.5755019566782,-51.249466146621984,43.21606493897361,10.51531574705862,12.651902532736708,-40.40323253343792,61.47561041995329,-37.00585727940321,-11.851774898423987
-1.0565699620561468,-58.745201990104384,17.682230434711343,71.18571992919765,-51.249466146621984,122.82697256143571,-9.673494364199405,13.296301504608206,-11.560186908290044,49.75047930286085,-40.27815144188251,39.68797313605298,2.638689861211449
2.8459989907731416,29.504782610372384,-15.962146569337643,-50.65014468941661,43.21606493897361,-9.673494364199405,72.95704348649846,20.51462409239689,21.48620353501847,-21.13891473239477,46.36671165639869,0.00505582032941254,21.354303677003433
-1.5941230187024285,-7.2079735455785965,6.636898882141367,24.785291867278673,10.51531574705862,13.296301504608206,20.51462409239689,52.90579206312499,28.91116096307715,19.421982567373295,4.613445735094295,14.3250338166253,4.930013264390673
1.4325031299940272,15.212804697634539,-4.69552091171664,-22.581906579942203,12.651902532736708,-11.560186908290044,21.48620353501847,28.91116096307715,54.68896892125325,16.313922967776872,25.666371934053853,3.3294176662978687,13.173502116282178
-1.4130024292051175,-36.103785396703586,13.580051401485248,51.28653968644155,-40.40323253343792,49.75047930286085,-21.13891473239477,19.421982567373295,16.313922967776872,74.28896580986063,-6.440111091462113,30.25206145922066,2.829780028649129
1.6122262053998873,40.30009235306964,-17.069873958443946,-54.11374551948883,61.47561041995329,-40.27815144188251,46.36671165639869,4.613445735094295,25.666371934053853,-6.440111091462113,89.38229703463588,14.43689615647922,28.922599299055715
1.3053876193222134,-27.466228641049778,2.4954897196660055,17.964572953137164,-37.00585727940321,39.68797313605298,0.00505582032941254,14.3250338166253,3.3294176662978687,30.25206145922066,14.43689615647922,69.95205014560365,40.515629435306714
3.534228452149426,4.346417971796308,-7.2068393238465305,-27.985200283696845,-11.851774898423987,2.638689861211449,21.354303677003433,4.930013264390673,13.173502116282178,2.829780028649129,28.922599299055715,40.515629435306714,57.545735498669
