1.2615203318420112,-0.12127140133218461,-1.4030638233357193,-3.829154507689508,-3.486793444972349,-1.927246086227041,-4.476869498914801,-4.982546256701986,0.6498277632599343,2.498261110902376,2.8575831448688245,-0.5744230250387768,-0.6343369252269584
-0.12127140133218461,56.42951762288489,13.415549601158508,-33.4885400010254,28.242004023673964,-45.136777295701,11.394045745598065,-22.839737621072466,2.1422013440549232,-4.3658064085604735,18.289807450176262,-11.652445820756094,-3.7603300692020256
-1.4030638233357193,13.415549601158508,38.13168325254823,27.325110159373335,-38.15187400839435,28.570212036699417,-31.286733691902793,-1.244647135760029,1.8584715364291513,-3.3260334460447303,0.19251417881866076,2.6924999456105256,2.512873387593329
-3.829154507689508,-33.4885400010254,27.325110159373335,86.14940101356865,-4.84805448705955,42.26930103114619,-2.0548320370555677,38.83151306401794,-10.211462987162005,1.9174385915222598,-29.78376742502992,18.11265182312313,1.212989967134337
-3.486793444972349,28.242004023673964,-38.15187400839435,-4.84805448705955,208.28182139362448,-99.63475727407047,131.70519704687717,38.01284287209935,-17.212586730095843,-0.15484564161670933,-11.17929118200972,-7.611620217320255,-11.80442600590329
-1.927246086227041,-45.136777295701,28.570212036699417,42.26930103114619,-99.63475727407047,204.51893254249094,-43.60235334803073,26.226617149591135,50.082985948752174,-25.95994430992847,-10.19983105015604,4.114386590534347,26.344549185724677
-4.476869498914801,11.394045745598065,-31.286733691902793,-2.0548320370555677,131.70519704687717,-43.60235334803073,146.03603073911347,62.26483130632827,-3.656962311940185,14.416255627474255,-12.95239252931069,5.652524642130459,-4.512959865020978
-4.982546256701986,-22.839737621072466,-1.244647135760029,38.83151306401794,38.01284287209935,26.226617149591135,62.26483130632827,93.47093258911491,24.14273000803275,14.681648028789748,-5.135177057275286,18.37116638162483,12.391052508677902
0.6498277632599343,2.1422013440549232,1.8584715364291513,-10.211462987162005,-17.212586730095843,50.082985948752174,-3.656962311940185,24.14273000803275,83.11665058407955,28.8445277878415,34.88981711812369,17.87164629370103,24.221300730389707
2.498261110902376,-4.3658064085604735,-3.3260334460447303,1.9174385915222598,-0.15484564161670933,-25.95994430992847,14.416255627474255,14.681648028789748,28.8445277878415,91.22986615472949,46.84403399744883,35.28710907906269,12.492369344097206
2.8575831448688245,18.289807450176262,0.19251417881866076,-29.78376742502992,-11.17929118200972,-10.19983105015604,-12.95239252931069,-5.135177057275286,34.88981711812369,46.84403399744883,92.08741767114228,32.4971891455323,20.882381200691643
-0.5744230250387768,-11.652445820756094,2.6924999456105256,18.11265182312313,-7.611620217320255,4.114386590534347,5.652524642130459,18.37116638162483,17.87164629370103,35.28710907906269,32.4971891455323,63.41572164875058,34.951522713059944
-0.6343369252269584,-3.7603300692020256,2.512873387593329,1.212989967134337,-11.80442600590329,26.344549185724677,-4.512959865020978,12.391052508677902,24.221300730389707,12.492369344097206,20.882381200691643,34.951522713059944,53.27023078238962
