0.4770409218830442,1.0996467138790351,0.8028070621034415,-1.6049396535310612,-4.379200087334636,-1.2812173792830002,-1.4070139111640463,-1.0579222687639787,-0.5328760055945759,0.6852580013933387,-0.6976910748010976,-0.9495996828726199,-0.1257367825083758
1.0996467138790351,53.5178729190221,3.6098215218078176,-43.11067340414022,44.85857378888994,-59.231395503279174,7.415866958464227,-11.218064593760708,25.180420555199994,-32.06015482534385,25.814148754799128,-7.172269166392988,-11.29805441295328
0.8028070621034415,3.6098215218078176,24.36521740178312,20.188323524031045,-36.95210559280225,13.01215386058692,-16.88898599960261,3.966845690950616,-6.063716164327128,19.874774010447197,-7.855093872426666,0.13747180829265201,0.5584581958044734
-1.6049396535310612,-43.11067340414022,20.188323524031045,76.75507433874712,-40.01404517936081,66.19622003079189,-4.6437352320198215,19.57728183933215,-21.33357146009905,50.26487389650166,-21.98119129654462,10.09065824748576,11.410722878216058
-4.379200087334636,44.85857378888994,-36.95210559280225,-40.01404517936081,230.49536559059945,-47.15459243884076,73.31380341056737,15.23949458269031,70.3693113673632,-74.18861467116211,65.47327707968,16.039446229082866,-11.528617876398334
-1.2812173792830002,-59.231395503279174,13.01215386058692,66.19622003079189,-47.15459243884076,131.25087969207377,15.741051597760682,35.28852045353084,-17.373598204751865,51.47135622628128,-27.41184435445963,6.984680951745258,19.196335834206014
-1.4070139111640463,7.415866958464227,-16.88898599960261,-4.6437352320198215,73.31380341056737,15.741051597760682,74.00638699166228,29.459863967794295,26.04968623833668,-6.929645857729862,17.076386697355765,4.270440909069096,2.887118371743824
-1.0579222687639787,-11.218064593760708,3.966845690950616,19.57728183933215,15.23949458269031,35.28852045353084,29.459863967794295,51.291847948046495,27.26748476681233,17.797863703228547,9.497390808645605,14.862461624962808,6.807941325823773
-0.5328760055945759,25.180420555199994,-6.063716164327128,-21.33357146009905,70.3693113673632,-17.373598204751865,26.04968623833668,27.26748476681233,68.06183619578746,-2.8138030422670934,39.717647248971964,13.65479141741186,6.233411442578073
0.6852580013933387,-32.06015482534385,19.874774010447197,50.26487389650166,-74.18861467116211,51.47135622628128,-6.929645857729862,17.797863703228547,-2.8138030422670934,94.39980030973312,1.3004060721567914,20.09474576268808,23.560965621563984
-0.6976910748010976,25.814148754799128,-7.855093872426666,-21.98119129654462,65.47327707968,-27.41184435445963,17.076386697355765,9.497390808645605,39.717647248971964,1.3004060721567914,76.33746340031867,35.88092384385878,15.004158683621831
-0.9495996828726199,-7.172269166392988,0.13747180829265201,10.09065824748576,16.039446229082866,6.984680951745258,4.270440909069096,14.862461624962808,13.65479141741186,20.09474576268808,35.88092384385878,56.07129703513787,32.46742825843187
-0.1257367825083758,-11.29805441295328,0.5584581958044734,11.410722878216058,-11.528617876398334,19.196335834206014,2.887118371743824,6.807941325823773,6.233411442578073,23.560965621563984,15.004158683621831,32.46742825843187,46.41036448704915
