4.258844348353952,-4.225678512608163,-9.716603448397395,-21.30628340660249,-19.057197725213484,-1.4076433895361973,8.320516602129308,-4.8233729227026725,-0.3761582462474271,2.154082879921707,1.627714043730146,-5.355192283758027,3.9727394902658055
-4.225678512608163,83.26815696583601,38.05819718743742,-25.16855879877326,63.68183666574035,-60.91979498455952,-11.257095733893536,-19.1942174017134,36.50714005999696,-60.00205528417507,18.93698347323986,-4.26429796381106,1.8312172039347454
-9.716603448397395,38.05819718743742,80.43954352690312,91.58784762286608,-14.444008468348667,-21.924824855077347,-46.78480264254773,12.978901376250535,-23.02317567218043,6.95806628059267,-14.33377743513356,3.0836528221140176,-10.738122956038254
-21.30628340660249,-25.16855879877326,91.58784762286608,224.47444251588988,9.069530931977136,51.51786858549403,-68.07700994886254,49.917091016169415,-66.7157389010075,64.14231468540831,-36.93378531968444,32.38967814308032,-31.318376388376706
-19.057197725213484,63.68183666574035,-14.444008468348667,9.069530931977136,324.7350571683842,26.440406886402616,19.445899577170575,-7.203942773970746,88.12622593295406,-101.09277993583437,48.707486744295196,54.27332100899769,-10.052995640227543
-1.4076433895361973,-60.91979498455952,-21.924824855077347,51.51786858549403,26.440406886402616,116.41111879025092,40.503393663471286,28.344166931256446,-19.442546989660467,44.98369503059856,-2.8707649330340983,24.2084876652219,6.030331697982099
8.320516602129308,-11.257095733893536,-46.78480264254773,-68.07700994886254,19.445899577170575,40.503393663471286,88.53740917401319,20.432357208487055,34.90261398905036,-1.7739011287319282,19.114097129986913,-1.2750340421104365,20.469028526477235
-4.8233729227026725,-19.1942174017134,12.978901376250535,49.917091016169415,-7.203942773970746,28.344166931256446,20.432357208487055,69.69022236228997,24.88096535356444,38.87392270762328,-6.64103442926547,6.731637939792958,-4.27902359644567
-0.3761582462474271,36.50714005999696,-23.02317567218043,-66.7157389010075,88.12622593295406,-19.442546989660467,34.90261398905036,24.88096535356444,109.68023870064306,-14.886363993015213,35.41319573626612,2.02267799595596,9.252016331395414
2.154082879921707,-60.00205528417507,6.95806628059267,64.14231468540831,-101.09277993583437,44.98369503059856,-1.7739011287319282,38.87392270762328,-14.886363993015213,124.83312340458029,4.334149215747699,8.128275871711496,-2.2097903092879956
1.627714043730146,18.93698347323986,-14.33377743513356,-36.93378531968444,48.707486744295196,-2.8707649330340983,19.114097129986913,-6.64103442926547,35.41319573626612,4.334149215747699,67.0288655664403,33.95489455209846,16.072731797656047
-5.355192283758027,-4.26429796381106,3.0836528221140176,32.38967814308032,54.27332100899769,24.2084876652219,-1.2750340421104365,6.731637939792958,2.02267799595596,8.128275871711496,33.95489455209846,64.46663438105567,28.14348595218271
3.9727394902658055,1.8312172039347454,-10.738122956038254,-31.318376388376706,-10.052995640227543,6.030331697982099,20.469028526477235,-4.27902359644567,9.252016331395414,-2.2097903092879956,16.072731797656047,28.14348595218271,56.9966160487743
