1.5028445342294283,3.0331263482271553,2.594466504776824,-1.4363214088192235,-8.101073330475408,-6.963404863176198,-3.1183328185395744,-1.5554145711857388,-1.995242441730456,0.043360724742849126,-1.1917945410858168,0.48630943452487946,0.6930977752128538
3.0331263482271553,46.63400993141401,25.121301000429078,-23.37013934246744,-20.072991409718583,-37.48331649598655,-14.213709904627901,-6.504908078278594,5.615536742139638,-20.68011311645419,4.723886947329418,-4.531700543992998,1.2569366799458639
2.594466504776824,25.121301000429078,63.293340349250684,46.749904108475,-88.55944853146868,14.700070613162929,-23.74288799513446,-0.1995566023743745,-33.102910891696915,42.59224818382471,-22.451790454381186,-0.8527846076228165,8.279568446386113
-1.4363214088192235,-23.37013934246744,46.749904108475,101.97159327627283,-29.71504134004876,74.17817711347554,-0.7855910704753076,9.84504519865596,-34.55987745456053,72.72735318602746,-17.653644669426146,7.168519613926055,7.216866861940843
-8.101073330475408,-20.072991409718583,-88.55944853146868,-29.71504134004876,338.8923229181855,36.392431447467004,69.61138824593677,20.099271877308027,117.75234217744284,-88.89470894511147,91.69978068844654,15.82333399581162,-16.20832579438591
-6.963404863176198,-37.48331649598655,14.700070613162929,74.17817711347554,36.392431447467004,165.78669189246423,81.88363533793277,63.82682086609611,18.34828800755357,78.95516540942823,9.909037881319604,12.3159115319894,19.02518972772
-3.1183328185395744,-14.213709904627901,-23.74288799513446,-0.7855910704753076,69.61138824593677,81.88363533793277,110.36421755529068,81.19642541222639,56.294826782033134,19.367482566363496,32.62309418978625,15.749794975505553,15.754434826818676
-1.5554145711857388,-6.504908078278594,-0.1995566023743745,9.84504519865596,20.099271877308027,63.82682086609611,81.19642541222639,93.79647202714905,60.366448776701795,39.16734875806641,23.962531162268693,18.177781560688775,16.733054845875646
-1.995242441730456,5.615536742139638,-33.102910891696915,-34.55987745456053,117.75234217744284,18.34828800755357,56.294826782033134,60.366448776701795,117.3791409920616,5.778464522282567,61.34974276659091,17.16823745690889,10.027303441510247
0.043360724742849126,-20.68011311645419,42.59224818382471,72.72735318602746,-88.89470894511147,78.95516540942823,19.367482566363496,39.16734875806641,5.778464522282567,145.60971094612285,13.435220174800552,21.744753991460268,25.26809909762871
-1.1917945410858168,4.723886947329418,-22.451790454381186,-17.653644669426146,91.69978068844654,9.909037881319604,32.62309418978625,23.962531162268693,61.34974276659091,13.435220174800552,85.4933379666705,38.729480293163746,14.84964386517885
0.48630943452487946,-4.531700543992998,-0.8527846076228165,7.168519613926055,15.82333399581162,12.3159115319894,15.749794975505553,18.177781560688775,17.16823745690889,21.744753991460268,38.729480293163746,51.530264664091746,32.770276463130706
0.6930977752128538,1.2569366799458639,8.279568446386113,7.216866861940843,-16.20832579438591,19.02518972772,15.754434826818676,16.733054845875646,10.027303441510247,25.26809909762871,14.84964386517885,32.770276463130706,52.31538107774606
