1.1411240272599315,2.5077878660242354,0.3389166548691405,-4.4374047009199,-4.666271057879745,1.2720751140318625,-2.056160480279058,-4.191844128402415,-3.5606246694211774,-5.692074147874073,-1.3938091238233514,-0.6530667446398878,1.2534250588745475
2.5077878660242354,70.52622565040964,19.387851282423984,-52.616515001551875,-8.25666560298519,-31.445116764104206,11.299119344248705,-32.1978088194495,-27.458768597473846,-41.79207786880762,-5.817475033374928,-9.819075127051537,8.375949598482123
0.3389166548691405,19.387851282423984,33.26622864918484,9.42442480979691,-46.58504182375194,39.652665377871685,-24.334779310875724,-8.267284226782822,-12.52651355225445,-27.665496764745637,-3.0156129901897306,-3.234881788974941,6.8590516117320455
-4.4374047009199,-52.616515001551875,9.42442480979691,85.98278987797325,24.26636946286189,40.59776724458087,-2.13615126331567,32.609303771320334,17.29832235056754,41.72891036425809,3.1272018184236074,10.611736976482558,-15.4442004369533
-4.666271057879745,-8.25666560298519,-46.58504182375194,24.26636946286189,219.27541687084485,-117.34494121238562,110.89473553239806,32.15248742327004,11.55750123644022,90.08937398706465,12.421682009461916,4.153773726745342,-33.728069587238636
1.2720751140318625,-31.445116764104206,39.652665377871685,40.59776724458087,-117.34494121238562,188.71529902379993,-72.99950166665377,5.081035000328496,30.618059794811877,-36.666955859982494,14.949187457066317,-2.3265945820676848,26.66281514986103
-2.056160480279058,11.299119344248705,-24.334779310875724,-2.13615126331567,110.89473553239806,-72.99950166665377,111.33752255438017,35.070031357455804,3.9625155632692715,59.78577871468689,5.468695164059312,15.087915327782977,-16.71894611325474
-4.191844128402415,-32.1978088194495,-8.267284226782822,32.609303771320334,32.15248742327004,5.081035000328496,35.070031357455804,79.18157755098761,50.97847193260157,56.96968171565824,28.157013371324854,17.020127555999206,-0.3186645949681841
-3.5606246694211774,-27.458768597473846,-12.52651355225445,17.29832235056754,11.55750123644022,30.618059794811877,3.9625155632692715,50.97847193260157,101.02516579724085,59.07354421812412,37.30680803392844,20.41425144681616,10.318439782314444
-5.692074147874073,-41.79207786880762,-27.665496764745637,41.72891036425809,90.08937398706465,-36.666955859982494,59.78577871468689,56.96968171565824,59.07354421812412,133.67665215278083,37.54044131713196,30.9576620008593,-11.507744713339365
-1.3938091238233514,-5.817475033374928,-3.0156129901897306,3.1272018184236074,12.421682009461916,14.949187457066317,5.468695164059312,28.157013371324854,37.30680803392844,37.54044131713196,62.98962532793668,26.58798554205503,18.277001624743765
-0.6530667446398878,-9.819075127051537,-3.234881788974941,10.611736976482558,4.153773726745342,-2.3265945820676848,15.087915327782977,17.020127555999206,20.41425144681616,30.9576620008593,26.58798554205503,55.43935895371883,27.57254077843965
1.2534250588745475,8.375949598482123,6.8590516117320455,-15.4442004369533,-33.728069587238636,26.66281514986103,-16.71894611325474,-0.3186645949681841,10.318439782314444,-11.507744713339365,18.277001624743765,27.57254077843965,56.291645146410104
