1.6572409041021599,0.7956728853377669,-1.3244400540081258,-6.3364828699371225,-8.876117647323314,-3.4633091035104027,-4.534303858293333,-2.28249379623721,0.3290174195791387,-2.2610073295684225,-2.870811555118363,-3.874535769968416,-2.00515239968974
0.7956728853377669,62.62427639819892,12.913560404012836,-47.16053051135958,13.005218511246587,-36.0609091300112,19.158955759549677,-16.611492980539968,1.680794772869963,-13.889623406169019,2.2998783257913247,-16.227774898211297,3.8998779487156963
-1.3244400540081258,12.913560404012836,29.296228909952685,14.952374795033165,-32.526538270817035,40.38121970867013,-19.159925594275418,1.549786062348371,8.310464772652733,-6.094547952152845,6.366005452239457,6.155635668155365,12.285530197252184
-6.3364828699371225,-47.16053051135958,14.952374795033165,91.71144171606835,31.57844145793565,51.76429230053524,4.625035299943173,28.58109694441176,0.4930978131360121,28.32189792323542,14.245534598082182,41.989259534029415,9.492878459304801
-8.876117647323314,13.005218511246587,-32.526538270817035,31.57844145793565,246.18216858504155,-100.30701975182599,132.55025768348023,25.91604056078353,-25.571815762963787,48.14794202590595,24.4035774881201,27.407584934633235,-5.201311694332573
-3.4633091035104027,-36.0609091300112,40.38121970867013,51.76429230053524,-100.30701975182599,201.5670937812696,-53.788307698834856,13.368789802493716,37.35561741450096,-28.559737459664028,12.888748676900047,5.557958352483544,27.83711684894089
-4.534303858293333,19.158955759549677,-19.159925594275418,4.625035299943173,132.55025768348023,-53.788307698834856,138.46667790378876,40.2388756673398,-21.23459375836241,29.19032115246856,8.407007666041473,22.132377242023914,-1.8827362489476178
-2.28249379623721,-16.611492980539968,1.549786062348371,28.58109694441176,25.91604056078353,13.368789802493716,40.2388756673398,68.27993810699789,26.611986296974713,29.23211794568367,22.680991606842767,20.678410820991385,7.637080097025739
0.3290174195791387,1.680794772869963,8.310464772652733,0.4930978131360121,-25.571815762963787,37.35561741450096,-21.23459375836241,26.611986296974713,87.33276133733298,32.64103630407812,26.175018352714215,2.496463220040199,11.226383591914322
-2.2610073295684225,-13.889623406169019,-6.094547952152845,28.32189792323542,48.14794202590595,-28.559737459664028,29.19032115246856,29.23211794568367,32.64103630407812,95.51153103865178,33.8309586027157,28.8497210506868,1.0529471430049702
-2.870811555118363,2.2998783257913247,6.366005452239457,14.245534598082182,24.4035774881201,12.888748676900047,8.407007666041473,22.680991606842767,26.175018352714215,33.8309586027157,70.12005972244387,42.19421413551817,26.880152364730744
-3.874535769968416,-16.227774898211297,6.155635668155365,41.989259534029415,27.407584934633235,5.557958352483544,22.132377242023914,20.678410820991385,2.496463220040199,28.8497210506868,42.19421413551817,94.56039622787101,50.86620341568791
-2.00515239968974,3.8998779487156963,12.285530197252184,9.492878459304801,-5.201311694332573,27.83711684894089,-1.8827362489476178,7.637080097025739,11.226383591914322,1.0529471430049702,26.880152364730744,50.86620341568791,65.23282025868514
