1.5479530737380578,1.8155175602923843,0.924297928382351,-4.456285771673688,-9.341312274121545,-5.086488237922839,-1.13652082606234,-1.8773680839000515,-1.36084120845494,-0.05085034005132797,0.039746380797264884,-0.5854519076874701,2.2625815465065657
1.8155175602923843,71.89634204110507,12.25016646455269,-62.92412961536387,45.205674726467095,-61.56634411801962,1.6466143208496709,-13.907851361086326,44.09426441595669,-55.09906959801716,32.34445156849029,-12.434380950675306,0.9648862578870671
0.924297928382351,12.25016646455269,50.23962077623918,41.03571014053888,-69.19942672722345,8.786846040303292,-25.765783888600378,-0.1425240785086088,-18.13064508518417,38.347808495080365,-12.872333320888197,-1.7804648111938288,11.933806508470619
-4.456285771673688,-62.92412961536387,41.03571014053888,137.1308626150205,-68.85466931404649,85.56407859324958,-23.529216238092918,19.687590045512962,-56.401397800905315,103.22296548287677,-37.04460185113156,14.390899612728667,4.619390253246798
-9.341312274121545,45.205674726467095,-69.19942672722345,-68.85466931404649,310.29563425451636,-16.325446816014118,61.07202385558915,14.326283908330472,109.04617490053751,-116.28254988685154,79.62075942418222,11.357000431496159,-33.572482313326766
-5.086488237922839,-61.56634411801962,8.786846040303292,85.56407859324958,-16.325446816014118,137.37084000843427,43.92224356385899,48.410856312063714,-25.851546233761667,66.21848524350696,-27.924163466763815,17.828946072212226,14.839139488697692
-1.13652082606234,1.6466143208496709,-25.765783888600378,-23.529216238092918,61.07202385558915,43.92224356385899,94.12749323998776,53.27275866646141,34.22706941722667,-19.839587032894606,14.638823730078878,6.083667621379609,8.476212602067877
-1.8773680839000515,-13.907851361086326,-0.1425240785086088,19.687590045512962,14.326283908330472,48.410856312063714,53.27275866646141,69.79629673286827,32.13569078287927,24.59250580575825,8.579425221005225,15.827721696221175,6.990734462890001
-1.36084120845494,44.09426441595669,-18.13064508518417,-56.401397800905315,109.04617490053751,-25.851546233761667,34.22706941722667,32.13569078287927,103.8993028858815,-25.347832326901806,57.80247814039678,8.254358532837205,-3.6874194154477644
-0.05085034005132797,-55.09906959801716,38.347808495080365,103.22296548287677,-116.28254988685154,66.21848524350696,-19.839587032894606,24.59250580575825,-25.347832326901806,151.08216553476495,-6.207149119158885,23.935414958424282,17.742779288551382
0.039746380797264884,32.34445156849029,-12.872333320888197,-37.04460185113156,79.62075942418222,-27.924163466763815,14.638823730078878,8.579425221005225,57.80247814039678,-6.207149119158885,85.18359155171824,33.6556910832772,11.736537106624587
-0.5854519076874701,-12.434380950675306,-1.7804648111938288,14.390899612728667,11.357000431496159,17.828946072212226,6.083667621379609,15.827721696221175,8.254358532837205,23.935414958424282,33.6556910832772,57.95956219422475,32.58960713446646
2.2625815465065657,0.9648862578870671,11.933806508470619,4.619390253246798,-33.572482313326766,14.839139488697692,8.476212602067877,6.990734462890001,-3.6874194154477644,17.742779288551382,11.736537106624587,32.58960713446646,57.702811760655194
