0.649570958543846,-1.7062550495327624,-2.302110164815326,-1.830830695923999,0.7166875302360113,0.47093106180000827,-0.08267237772784636,-1.67545588373856,0.30017288897558597,0.8959490979527573,0.4241350680600883,-0.36139651879632484,0.652829242296576
-1.7062550495327624,58.14115479133704,5.523207598383553,-47.148548667917936,59.400350141040974,-38.57129452223261,26.520618762036378,-14.060908732807883,25.876999221763768,-36.32657501348925,33.9016823589093,-3.2884298927672795,-5.001942793956473
-2.302110164815326,5.523207598383553,26.03299986299611,20.148225281874826,-33.36900288943358,30.59113798380906,1.9131636339490732,4.788468534162685,-12.275476668524808,18.305198487375122,-2.087241864100592,-1.4514189832821607,5.786376669951526
-1.830830695923999,-47.148548667917936,20.148225281874826,91.73073775986803,-42.327439514618945,38.66884718719858,-21.541417668680296,36.81979834923335,-25.551727018384202,35.35590454019075,-41.8409483170575,11.38637104597945,1.4188180616628334
0.7166875302360113,59.400350141040974,-33.36900288943358,-42.327439514618945,234.41126080098198,-120.42804765141732,19.402501280629952,20.146583120646916,86.79588737461066,-109.28213938560395,31.769351200688295,25.917816972812908,-29.637629098392004
0.47093106180000827,-38.57129452223261,30.59113798380906,38.66884718719858,-120.42804765141732,142.1116920426126,10.396518748377789,0.51437179154411,-34.9535033472429,77.25610752697631,-10.358142992175567,-12.020821327443166,32.22634397941266
-0.08267237772784636,26.520618762036378,1.9131636339490732,-21.541417668680296,19.402501280629952,10.396518748377789,60.144650504214724,3.910573345998775,10.494083554883206,9.848180742287177,25.34808021756097,-5.036768129983291,4.606589175082254
-1.67545588373856,-14.060908732807883,4.788468534162685,36.81979834923335,20.146583120646916,0.51437179154411,3.910573345998775,64.34168499437905,27.925907937086873,4.9259448461160105,-6.371850866922248,19.888337687155694,-7.429598032693298
0.30017288897558597,25.876999221763768,-12.275476668524808,-25.551727018384202,86.79588737461066,-34.9535033472429,10.494083554883206,27.925907937086873,82.49476273408393,-17.008380832697828,30.943596505778455,18.71055471395965,-1.8556177118939525
0.8959490979527573,-36.32657501348925,18.305198487375122,35.35590454019075,-109.28213938560395,77.25610752697631,9.848180742287177,4.9259448461160105,-17.008380832697828,114.01562630662647,6.417565338458546,1.5146031148284107,29.55780764185228
0.4241350680600883,33.9016823589093,-2.087241864100592,-41.8409483170575,31.769351200688295,-10.358142992175567,25.34808021756097,-6.371850866922248,30.943596505778455,6.417565338458546,73.94671013942855,19.156548297904088,18.31361959084131
-0.36139651879632484,-3.2884298927672795,-1.4514189832821607,11.38637104597945,25.917816972812908,-12.020821327443166,-5.036768129983291,19.888337687155694,18.71055471395965,1.5146031148284107,19.156548297904088,53.98789253497654,24.354512202025898
0.652829242296576,-5.001942793956473,5.786376669951526,1.4188180616628334,-29.637629098392004,32.22634397941266,4.606589175082254,-7.429598032693298,-1.8556177118939525,29.55780764185228,18.31361959084131,24.354512202025898,51.27819872869536
