2.428328762405341,-0.8700166898991127,-7.214817568668824,-12.12129078491758,-4.601354749190084,-4.895300847310789,2.321994114134634,-1.2083259052824527,0.6979240540748951,-4.170996568927566,-1.5398309808347201,-2.168112111513447,-1.1317454275579357
-0.8700166898991127,61.33883474866324,14.977381202004308,-43.34585537292869,30.54344846593059,-35.25704125068331,23.159909843444257,-1.4277060000404975,22.896884647403603,-27.606473779331584,24.59952658062062,-6.812989428069163,-3.5210279500265282
-7.214817568668824,14.977381202004308,64.0204973035181,64.94374410293727,-43.6349154218595,57.628166768184805,-6.068769812880895,17.402572928554562,-13.853153639740858,45.3934425878781,-3.667224603569858,6.678288888081541,14.728414676473603
-12.12129078491758,-43.34585537292869,64.94374410293727,171.26532561473587,13.406921519510325,91.37972140492124,-28.768765035043664,28.190721498827873,-17.56976319333666,83.093160955208,-10.473598620280862,31.83633991273104,21.675391662461937
-4.601354749190084,30.54344846593059,-43.6349154218595,13.406921519510325,345.3268339061991,-92.82794128063816,13.94519612402536,-0.0032177760796657565,102.72255610094476,-78.27990715312866,78.7378910627092,40.60582725689461,-15.574840930519075
-4.895300847310789,-35.25704125068331,57.628166768184805,91.37972140492124,-92.82794128063816,143.41353812164533,1.7036212227943943,25.632525801431093,-32.41033263942872,79.37126991962025,-23.10081647026066,6.6962618237263465,32.053118735430935
2.321994114134634,23.159909843444257,-6.068769812880895,-28.768765035043664,13.94519612402536,1.7036212227943943,64.65460940716368,19.360013953198003,14.646352707755451,-1.2258546866810371,12.77779971143376,-4.355033627694791,3.5458066800483343
-1.2083259052824527,-1.4277060000404975,17.402572928554562,28.190721498827873,-0.0032177760796657565,25.632525801431093,19.360013953198003,58.76805423296501,28.39263881381063,23.630856348525825,7.538727456570429,13.801268707568486,4.647552628340932
0.6979240540748951,22.896884647403603,-13.853153639740858,-17.56976319333666,102.72255610094476,-32.41033263942872,14.646352707755451,28.39263881381063,84.89990251692193,-9.091279703489185,40.20241355323043,17.32234039005463,2.6146244387660826
-4.170996568927566,-27.606473779331584,45.3934425878781,83.093160955208,-78.27990715312866,79.37126991962025,-1.2258546866810371,23.630856348525825,-9.091279703489185,114.29555538018218,2.336957570061394,22.390131960516378,29.834300761676584
-1.5398309808347201,24.59952658062062,-3.667224603569858,-10.473598620280862,78.7378910627092,-23.10081647026066,12.77779971143376,7.538727456570429,40.20241355323043,2.336957570061394,79.4263608346245,38.12938631871161,16.265161860312656
-2.168112111513447,-6.812989428069163,6.678288888081541,31.83633991273104,40.60582725689461,6.6962618237263465,-4.355033627694791,13.801268707568486,17.32234039005463,22.390131960516378,38.12938631871161,63.6272095943316,32.080831178225395
-1.1317454275579357,-3.5210279500265282,14.728414676473603,21.675391662461937,-15.574840930519075,32.053118735430935,3.5458066800483343,4.647552628340932,2.6146244387660826,29.834300761676584,16.265161860312656,32.080831178225395,54.93554470467596
