1.408815236756012,-1.9571803461157546,-2.325041045361413,-1.5511002129197446,0.04606355195524647,-1.1007149472190376,0.46347512728154727,-0.17164995503712507,0.06853210886136087,-0.7571346770135639,-0.11651825213471677,0.7973560316235624,0.3246225530446358
-1.9571803461157546,60.909970173358516,7.8548427744880245,-49.781662906087824,42.843554154812956,-41.012906389485806,25.01849676981476,-15.427969141494868,12.505549155057295,-41.79421125311916,27.313932738041764,-0.1966322843036215,-5.067799670322469
-2.325041045361413,7.8548427744880245,27.593310591026178,16.02243214215628,-43.406896207741326,28.99478626444218,-1.5694896716746805,2.471403494485848,-21.79719516037242,10.810039109497325,-3.822206268950165,4.6319503685833245,9.231687267665217
-1.5511002129197446,-49.781662906087824,16.02243214215628,86.08410189910943,-31.131469050554998,49.39786510052388,-19.89590662412434,25.253777436241908,-14.720116844676422,47.950524262198044,-28.93799599119821,4.7999879172360576,5.1852550704567495
0.04606355195524647,42.843554154812956,-43.406896207741326,-31.131469050554998,257.86790207261174,-103.34341628890542,26.140926215356348,10.608640669832576,110.23745207380581,-70.44418967244053,40.864124331237335,4.111664926731316,-37.21403257402717
-1.1007149472190376,-41.012906389485806,28.99478626444218,49.39786510052388,-103.34341628890542,131.03411948178285,4.807022178804448,16.354675394361372,-31.54644113581974,66.76003410225728,-25.35546926752211,-12.629758510408362,22.828834781877095
0.46347512728154727,25.01849676981476,-1.5694896716746805,-19.89590662412434,26.140926215356348,4.807022178804448,68.96509978822327,23.87788704849433,18.72491293837738,-4.891743130583844,7.95182452409362,-8.898585608917939,-5.977794854133143
-0.17164995503712507,-15.427969141494868,2.471403494485848,25.253777436241908,10.608640669832576,16.354675394361372,23.87788704849433,70.90928922385108,39.29165639372859,14.167690722139884,-7.083528064545536,1.128216739077802,-11.356418709082755
0.06853210886136087,12.505549155057295,-21.79719516037242,-14.720116844676422,110.23745207380581,-31.54644113581974,18.72491293837738,39.29165639372859,106.39836245453199,6.99068979932574,30.769650572458247,3.910709626041503,-11.789948474620846
-0.7571346770135639,-41.79421125311916,10.810039109497325,47.950524262198044,-70.44418967244053,66.76003410225728,-4.891743130583844,14.167690722139884,6.99068979932574,116.15373115589333,12.30972055671175,14.289277459240225,25.269554701371344
-0.11651825213471677,27.313932738041764,-3.822206268950165,-28.93799599119821,40.864124331237335,-25.35546926752211,7.95182452409362,-7.083528064545536,30.769650572458247,12.30972055671175,88.3864192580646,50.189171824268,28.480474468996924
0.7973560316235624,-0.1966322843036215,4.6319503685833245,4.7999879172360576,4.111664926731316,-12.629758510408362,-8.898585608917939,1.128216739077802,3.910709626041503,14.289277459240225,50.189171824268,84.24525753057111,53.70214013922968
0.3246225530446358,-5.067799670322469,9.231687267665217,5.1852550704567495,-37.21403257402717,22.828834781877095,-5.977794854133143,-11.356418709082755,-11.789948474620846,25.269554701371344,28.480474468996924,53.70214013922968,77.04617025267945
