0.9897263582418436,-3.2656942564706717,-4.039525994628963,-0.666062867682685,3.4466697155869936,-4.408533034801861,-2.0290567365869103,1.3408186884731519,1.2335566220461496,-2.846235998311323,-0.7677631563776971,1.9370216537743985,-1.5521313326888828
-3.2656942564706717,69.13490232848547,14.721408805856864,-60.51837199468491,30.294132094641565,-16.325342515145934,31.7760243400912,-30.32205395623918,15.978292410786649,-26.746234271067802,25.051174617593656,-15.678893659541929,1.2589791942236663
-4.039525994628963,14.721408805856864,32.891739599499665,12.161928430154576,-44.94153558622744,47.79420823175804,6.981519194029181,-6.515092623137983,-16.44397419048368,26.020804148922725,-3.000331424590074,-12.027958570541381,13.77521772076855
-0.666062867682685,-60.51837199468491,12.161928430154576,108.37118603776439,-12.039993539132347,33.830626087738885,-15.061001892975861,52.01087868604849,-8.512286315477256,49.06426103376637,-17.461537356468828,22.8765542457671,3.662557549529495
3.4466697155869936,30.294132094641565,-44.94153558622744,-12.039993539132347,269.5690201080443,-129.49486945362344,24.427165853405757,48.66980787351308,121.00217504984285,-83.72399572318987,55.86420114308991,53.3429373936954,-31.478640481500562
-4.408533034801861,-16.325342515145934,47.79420823175804,33.830626087738885,-129.49486945362344,148.492547548858,9.030948361032943,-9.349748388403777,-42.00064667888697,74.69399786194364,-21.849666960529937,-30.702764815114055,39.90301274976565
-2.0290567365869103,31.7760243400912,6.981519194029181,-15.061001892975861,24.427165853405757,9.030948361032943,58.81186387788313,8.839506523403083,16.556416632758953,8.74157895446576,17.411629743215595,-2.389137787951833,4.82018385178092
1.3408186884731519,-30.32205395623918,-6.515092623137983,52.01087868604849,48.66980787351308,-9.349748388403777,8.839506523403083,86.07847398943454,42.60097077062325,9.443076200457243,14.234885049742685,38.81842134415701,-10.329089205468485
1.2335566220461496,15.978292410786649,-16.44397419048368,-8.512286315477256,121.00217504984285,-42.00064667888697,16.556416632758953,42.60097077062325,101.39013691754043,-11.06782232465479,41.252367666120385,32.01262449758664,3.164417772552777
-2.846235998311323,-26.746234271067802,26.020804148922725,49.06426103376637,-83.72399572318987,74.69399786194364,8.74157895446576,9.443076200457243,-11.06782232465479,107.25324886731241,1.8773301565761487,3.367198274140729,32.91832146999917
-0.7677631563776971,25.051174617593656,-3.000331424590074,-17.461537356468828,55.86420114308991,-21.849666960529937,17.411629743215595,14.234885049742685,41.252367666120385,1.8773301565761487,68.51795845190503,33.3579859143544,9.57142243878213
1.9370216537743985,-15.678893659541929,-12.027958570541381,22.8765542457671,53.3429373936954,-30.702764815114055,-2.389137787951833,38.81842134415701,32.01262449758664,3.367198274140729,33.3579859143544,68.29890850608905,14.496642465909193
-1.5521313326888828,1.2589791942236663,13.77521772076855,3.662557549529495,-31.478640481500562,39.90301274976565,4.82018385178092,-10.329089205468485,3.164417772552777,32.91832146999917,9.57142243878213,14.496642465909193,57.70291639227637
