0.7690671466634876,-0.7754399741369797,-2.5189546060753476,-2.564386327789677,0.18809480061651884,-4.376065190937244,-2.0526914249666053,-2.2755535611223183,-1.1982578489177838,-2.837506314077443,-0.6097327356258769,-0.3610138012441563,-1.2489668119975303
-0.7754399741369797,55.41495671189376,5.169559170582331,-50.91717053245625,60.1237865932411,-29.79522321300257,12.074556269482908,-13.502093419393585,39.075715492395915,-39.99728375896402,34.133206803480654,-10.988709859409147,9.149251003824533
-2.5189546060753476,5.169559170582331,39.954434484349676,42.008702608993445,-35.25291876898993,46.3949351687846,7.719855723665131,12.572257152884916,-16.372641442880322,29.921740312781967,-12.821808563841012,-5.495528626631985,9.30652937993976
-2.564386327789677,-50.91717053245625,42.008702608993445,125.79423996328133,-68.97116385506921,74.07799201758013,-0.7569585723938781,42.111951656175364,-57.47926245932062,65.64454772990646,-46.03520904929064,19.310973911052546,-3.657534854379444
0.18809480061651884,60.1237865932411,-35.25291876898993,-68.97116385506921,203.6316468857949,-78.237393336662,11.84170018306,5.195110708464763,90.23067369128863,-100.55753182001331,70.18624818748057,27.06392691839376,-4.79385559463022
-4.376065190937244,-29.79522321300257,46.3949351687846,74.07799201758013,-78.237393336662,139.74202861084996,36.06696612012492,28.567994381780274,-22.30125088372875,94.034311208208,-25.301755068234105,-13.866246250619547,19.778000367533895
-2.0526914249666053,12.074556269482908,7.719855723665131,-0.7569585723938781,11.84170018306,36.06696612012492,54.697894877337426,25.76271707503227,22.84250678091933,23.31888934622793,15.428284970435744,-5.439710029817985,8.681943947500619
-2.2755535611223183,-13.502093419393585,12.572257152884916,42.111951656175364,5.195110708464763,28.567994381780274,25.76271707503227,73.75713618999087,25.32956046073003,24.672831933664202,9.91343896608855,25.357515171915757,-1.7019122187398166
-1.1982578489177838,39.075715492395915,-16.372641442880322,-57.47926245932062,90.23067369128863,-22.30125088372875,22.84250678091933,25.32956046073003,103.35039098959737,-8.862492230143408,59.417319860607755,11.213884185036555,12.388610091463901
-2.837506314077443,-39.99728375896402,29.921740312781967,65.64454772990646,-100.55753182001331,94.034311208208,23.31888934622793,24.672831933664202,-8.862492230143408,137.85033225690313,-4.703177729049043,4.893238650202189,18.372527436407672
-0.6097327356258769,34.133206803480654,-12.821808563841012,-46.03520904929064,70.18624818748057,-25.301755068234105,15.428284970435744,9.91343896608855,59.417319860607755,-4.703177729049043,95.25163704027239,38.92577677304391,23.51140987614083
-0.3610138012441563,-10.988709859409147,-5.495528626631985,19.310973911052546,27.06392691839376,-13.866246250619547,-5.439710029817985,25.357515171915757,11.213884185036555,4.893238650202189,38.92577677304391,83.95118352284048,26.249235198475183
-1.2489668119975303,9.149251003824533,9.30652937993976,-3.657534854379444,-4.79385559463022,19.778000367533895,8.681943947500619,-1.7019122187398166,12.388610091463901,18.372527436407672,23.51140987614083,26.249235198475183,57.374796359355855
