0.7423339995163329,-0.978569992280819,-2.500225219679328,-2.836791353687763,0.07414947540749539,-2.636290826314578,-1.5968338105006008,-2.9320545230736124,-0.27865703133882375,-0.5254613054010303,0.6887715487867133,0.061825213381344515,-0.43277978030380065
-0.978569992280819,59.13449670061935,11.035314108189707,-45.622379104974655,37.65088816433392,-43.204191732512875,9.437705882695635,-13.055403960265505,22.65311119318568,-30.450570161087565,35.235757434407724,-3.8601218430222266,1.6231498832678801
-2.500225219679328,11.035314108189707,36.027415341664785,24.494253661283533,-49.621181715492966,29.47003844784097,-6.451050772294076,5.774963226673546,-14.977946789176155,24.653691442726274,-3.8331094826086805,5.294483652285116,12.409465963782278
-2.836791353687763,-45.622379104974655,24.494253661283533,89.49432737345599,-49.77077615551939,66.14787055865834,-2.2077363444241254,27.517835762842992,-31.261004152142107,47.32404376011858,-39.615865241325764,6.55214561303001,8.487546033616844
0.07414947540749539,37.65088816433392,-49.621181715492966,-49.77077615551939,234.67882837026238,-72.44501676871155,45.101980655086976,13.565131040080596,79.1289976651757,-99.45683520891426,37.54815747450452,-8.624329245310284,-26.93018341265895
-2.636290826314578,-43.204191732512875,29.47003844784097,66.14787055865834,-72.44501676871155,134.40321324908422,27.5421750768785,38.98703269717807,-21.79403781772517,61.62187234673281,-32.09652620407374,-0.34319974927009844,15.856964253609839
-1.5968338105006008,9.437705882695635,-6.451050772294076,-2.2077363444241254,45.101980655086976,27.5421750768785,81.17903346380076,49.39220755934645,29.00947208700487,-2.688556500068168,3.5054180262522516,-11.67038705075564,-8.453312774849557
-2.9320545230736124,-13.055403960265505,5.774963226673546,27.517835762842992,13.565131040080596,38.98703269717807,49.39220755934645,89.71480660427208,39.93387054676244,9.164427522337627,-15.250696155090319,-3.422248633468533,-10.333055601475511
-0.27865703133882375,22.65311119318568,-14.977946789176155,-31.261004152142107,79.1289976651757,-21.79403781772517,29.00947208700487,39.93387054676244,89.23789253610957,-8.137076113759303,28.78769800404313,-1.1805258345512677,-3.993729447919326
-0.5254613054010303,-30.450570161087565,24.653691442726274,47.32404376011858,-99.45683520891426,61.62187234673281,-2.688556500068168,9.164427522337627,-8.137076113759303,119.7253589330432,14.500117215009709,23.242642769216264,24.451476314238004
0.6887715487867133,35.235757434407724,-3.8331094826086805,-39.615865241325764,37.54815747450452,-32.09652620407374,3.5054180262522516,-15.250696155090319,28.78769800404313,14.500117215009709,104.29632810791274,38.11831679338814,16.563345768991468
0.061825213381344515,-3.8601218430222266,5.294483652285116,6.55214561303001,-8.624329245310284,-0.34319974927009844,-11.67038705075564,-3.422248633468533,-1.1805258345512677,23.242642769216264,38.11831679338814,66.84375127547688,40.79801325588602
-0.43277978030380065,1.6231498832678801,12.409465963782278,8.487546033616844,-26.93018341265895,15.856964253609839,-8.453312774849557,-10.333055601475511,-3.993729447919326,24.451476314238004,16.563345768991468,40.79801325588602,66.92895794163874
