0.4442550231444217,-0.2858740094179167,-0.7774316282122306,-1.1337297212708335,-0.392078335620228,-0.3488203633031879,-0.5913607526299915,-1.5338810596915131,-1.033992546916982,-1.0325421987936014,-0.7058857015119485,-0.5071374499994357,-0.10838882497005431
-0.2858740094179167,50.30970024628339,1.16810443073537,-38.878567393963735,60.86762367299775,-46.953085888056265,20.69847524003538,-10.090553038979001,20.45263595622437,-38.33993981114555,18.686103343556308,-4.24321334672182,-12.24019141814798
-0.7774316282122306,1.16810443073537,22.06312396771656,21.955456857518744,-24.11681849533717,23.77252288538517,-9.689465323759565,5.178817700861791,-8.658269175992405,10.10057837192483,-11.730510556627642,-2.0847262962471076,1.4330821395281501
-1.1337297212708335,-38.878567393963735,21.955456857518744,70.07292973591477,-55.36057936076277,56.7549701376414,-15.798392833042328,13.037329259708201,-24.608390618892614,45.90790077638824,-23.771952336735733,2.0410720368152666,11.734124571525825
-0.392078335620228,60.86762367299775,-24.11681849533717,-55.36057936076277,173.44703224278916,-81.68946745256675,43.55693615464491,-8.890138488103036,57.61885229786036,-61.26554616211437,51.231404525964315,9.444093573068773,-17.234409705757997
-0.3488203633031879,-46.953085888056265,23.77252288538517,56.7549701376414,-81.68946745256675,131.3695721605603,7.2642961874696,34.47526411734995,-16.95413655753122,61.474521073690255,-15.98536335148024,2.25365874178278,20.93108122855911
-0.5913607526299915,20.69847524003538,-9.689465323759565,-15.798392833042328,43.55693615464491,7.2642961874696,86.0266650463245,41.638564606102015,30.743062117974926,6.849360711471778,25.821316899942566,8.918655010123961,-5.024894858745658
-1.5338810596915131,-10.090553038979001,5.178817700861791,13.037329259708201,-8.890138488103036,34.47526411734995,41.638564606102015,78.13155241681373,41.85820361121522,32.02398737744174,18.350837976832654,17.436057783288827,-0.8356253847607944
-1.033992546916982,20.45263595622437,-8.658269175992405,-24.608390618892614,57.61885229786036,-16.95413655753122,30.743062117974926,41.85820361121522,89.71400820483167,23.583591208680623,46.46039693052142,16.953313463470153,4.74322128964352
-1.0325421987936014,-38.33993981114555,10.10057837192483,45.90790077638824,-61.26554616211437,61.474521073690255,6.849360711471778,32.02398737744174,23.583591208680623,118.4102369977051,22.769138209605096,23.019355026312255,27.327288516018744
-0.7058857015119485,18.686103343556308,-11.730510556627642,-23.771952336735733,51.231404525964315,-15.98536335148024,25.821316899942566,18.350837976832654,46.46039693052142,22.769138209605096,85.00868815593111,41.74161209060318,17.615194863408764
-0.5071374499994357,-4.24321334672182,-2.0847262962471076,2.0410720368152666,9.444093573068773,2.25365874178278,8.918655010123961,17.436057783288827,16.953313463470153,23.019355026312255,41.74161209060318,63.191150591733646,39.919103516078245
-0.10838882497005431,-12.24019141814798,1.4330821395281501,11.734124571525825,-17.234409705757997,20.93108122855911,-5.024894858745658,-0.8356253847607944,4.74322128964352,27.327288516018744,17.615194863408764,39.919103516078245,66.1360379986667
