0.9947260825130426,-4.002383235383227,-3.8989156536349547,-0.013010338616678286,3.764562555151218,-4.268778539382577,-1.3934357885518223,-0.8743977853378825,0.10921233308249069,-0.49796853565995136,-0.9277274376096745,-0.19346572110258412,-0.15983985011582508
-4.002383235383227,69.94484710888352,17.331715841367217,-50.007443861998915,25.73773230384031,-26.997005803961965,27.210755358588198,-7.360758507964731,13.515221807307539,-39.37606254250877,22.544097445490184,-0.17798630144077374,-4.186315377195196
-3.8989156536349547,17.331715841367217,35.12134301922931,14.860702840725267,-48.624136603829086,40.700970123120804,-0.34703733027703726,7.295422654040432,-16.597991492288532,8.004675729550513,-6.9886003843978886,0.8939230950411652,8.325223487498876
-0.013010338616678286,-50.007443861998915,14.860702840725267,82.68044106941022,-31.298330325300725,50.00054235409263,-14.980874639193363,11.964359663305759,-26.477712348269765,49.61107517162252,-21.734461309029662,-0.26139258145491173,6.427435306622175
3.764562555151218,25.73773230384031,-48.624136603829086,-31.298330325300725,242.54309732976898,-100.90697858200375,24.95279560871589,-14.466991774862505,79.08404771621113,-57.078814723246175,45.30907095890403,3.1090020653137938,-32.728657821750446
-4.268778539382577,-26.997005803961965,40.700970123120804,50.00054235409263,-100.90697858200375,158.73809542318514,7.588455888042163,29.105096000504037,-12.724310359751465,49.018617758936,-21.571073274784613,-6.848905289530836,19.5661181351801
-1.3934357885518223,27.210755358588198,-0.34703733027703726,-14.980874639193363,24.95279560871589,7.588455888042163,84.11703448221327,34.20731982373961,11.102960901509157,10.791767916170953,11.3226113676171,-6.197852193774701,-6.646871694645111
-0.8743977853378825,-7.360758507964731,7.295422654040432,11.964359663305759,-14.466991774862505,29.105096000504037,34.20731982373961,67.79450710518309,27.120347494216944,21.497445062717368,2.3143682984641116,2.547637316028424,-2.1241167335824307
0.10921233308249069,13.515221807307539,-16.597991492288532,-26.477712348269765,79.08404771621113,-12.724310359751465,11.102960901509157,27.120347494216944,107.52299315669235,-4.020883750221935,31.29664869052069,9.42693381576175,-0.7375475131805221
-0.49796853565995136,-39.37606254250877,8.004675729550513,49.61107517162252,-57.078814723246175,49.018617758936,10.791767916170953,21.497445062717368,-4.020883750221935,118.671090427419,17.098882431824073,12.644101468207918,11.662115702036584
-0.9277274376096745,22.544097445490184,-6.9886003843978886,-21.734461309029662,45.30907095890403,-21.571073274784613,11.3226113676171,2.3143682984641116,31.29664869052069,17.098882431824073,81.8962062738557,35.1071845555222,9.179063548808147
-0.19346572110258412,-0.17798630144077374,0.8939230950411652,-0.26139258145491173,3.1090020653137938,-6.848905289530836,-6.197852193774701,2.547637316028424,9.42693381576175,12.644101468207918,35.1071845555222,60.69569812517414,34.13327373815105
-0.15983985011582508,-4.186315377195196,8.325223487498876,6.427435306622175,-32.728657821750446,19.5661181351801,-6.646871694645111,-2.1241167335824307,-0.7375475131805221,11.662115702036584,9.179063548808147,34.13327373815105,60.58105880729357
