0.16742629877527265,-0.2772055383660026,-0.6723513164113625,-1.0997150283636248,-0.9575126895407458,-0.18987605714825873,0.49020172512317867,0.31927540240627167,-0.20727511564530554,-0.4759374281456862,-0.05480427143594268,0.2540230094864665,0.29474962265717786
-0.2772055383660026,45.26618931238885,-2.924858655839223,-36.734545161502446,68.53216347362557,-47.14064590242067,16.87154815530324,-14.967245061785126,22.31569988508651,-36.303261321036224,20.822788249328802,-2.6028275847115485,-8.279315089770039
-0.6723513164113625,-2.924858655839223,17.387818432320277,21.82301531955402,-16.945384764185587,24.949947870809698,-12.60810019729487,-2.444867781434889,-9.55644948207838,9.949080213541226,-11.581039371455024,-3.524513487273756,4.12023408642985
-1.0997150283636248,-36.734545161502446,21.82301531955402,69.34919835254098,-49.84478582742326,57.65370025195521,-15.42412221057012,7.395720574117631,-26.374649211844538,45.0233312115876,-26.405687285028865,-5.969095694361789,6.022891407808137
-0.9575126895407458,68.53216347362557,-16.945384764185587,-49.84478582742326,179.42840492219992,-84.19503499616484,42.52096711849095,-9.588464290972775,59.479647581854614,-60.11666553811407,49.601882004880395,-0.9279077345521962,-29.998417435637077
-0.18987605714825873,-47.14064590242067,24.949947870809698,57.65370025195521,-84.19503499616484,114.17026385205065,-12.38402586527705,24.172839467227725,-17.105209227706496,54.867271333889725,-25.815480158961496,-2.145744536931835,19.71843500048245
0.49020172512317867,16.87154815530324,-12.60810019729487,-15.42412221057012,42.52096711849095,-12.38402586527705,68.28800556167843,33.750130307579504,29.601685257330473,4.756951296005595,24.877092761005567,13.840657894751592,-2.6799132434319164
0.31927540240627167,-14.967245061785126,-2.444867781434889,7.395720574117631,-9.588464290972775,24.172839467227725,33.750130307579504,70.09061905612444,33.130589871803004,25.487630579838303,21.232620717744265,22.322045937849072,0.43420186534784677
-0.20727511564530554,22.31569988508651,-9.55644948207838,-26.374649211844538,59.479647581854614,-17.105209227706496,29.601685257330473,33.130589871803004,77.26664315957622,11.940238528547152,43.73923320529378,15.41085756361475,-0.8296314662284433
-0.4759374281456862,-36.303261321036224,9.949080213541226,45.0233312115876,-60.11666553811407,54.867271333889725,4.756951296005595,25.487630579838303,11.940238528547152,101.2815198087554,10.219753411130375,17.71892137201156,20.907152918178294
-0.05480427143594268,20.822788249328802,-11.581039371455024,-26.405687285028865,49.601882004880395,-25.815480158961496,24.877092761005567,21.232620717744265,43.73923320529378,10.219753411130375,76.17232957340482,38.13485932213775,11.811685764223917
0.2540230094864665,-2.6028275847115485,-3.524513487273756,-5.969095694361789,-0.9279077345521962,-2.145744536931835,13.840657894751592,22.322045937849072,15.41085756361475,17.71892137201156,38.13485932213775,62.03121661655428,34.99256375505883
0.29474962265717786,-8.279315089770039,4.12023408642985,6.022891407808137,-29.998417435637077,19.71843500048245,-2.6799132434319164,0.43420186534784677,-0.8296314662284433,20.907152918178294,11.811685764223917,34.99256375505883,58.0229129530212
