0.4789360352498139,-1.4563685290749129,-1.5976648937323692,-0.2940854949643781,1.664421480279372,-0.36820228606026606,0.1753535569393895,0.2934420422414828,0.6769066517049425,-0.5361701920858244,-0.4540903398394825,-0.3365072492750848,-0.8733118304979793
-1.4563685290749129,55.43358787696809,5.005256015377731,-43.04541432685585,56.37005435487983,-44.08549259182372,17.239014405610636,-17.051155986205977,21.68430208398977,-31.589454595566192,27.769487351111678,2.715681213740665,-5.172247297158717
-1.5976648937323692,5.005256015377731,22.383911231861486,17.857540263333828,-26.50591504336466,23.202636894312562,-9.452828191680364,-1.840801141481596,-13.707865779321834,12.79461814053547,-2.626786319664956,1.895365192601631,8.895577652638408
-0.2940854949643781,-43.04541432685585,17.857540263333828,73.7307387961769,-52.8379666107366,52.03669390416949,-12.423948325293512,16.526449477256186,-32.11886158174377,41.27205492182544,-23.585766116278975,1.9831346147557338,9.929084248428115
1.664421480279372,56.37005435487983,-26.50591504336466,-52.8379666107366,187.51791016832402,-77.6847028434639,48.48366215531928,1.47152239373717,71.56309049202754,-68.82528970920434,38.44497499476542,6.7556426912898315,-28.569221331848595
-0.36820228606026606,-44.08549259182372,23.202636894312562,52.03669390416949,-77.6847028434639,136.74548409515788,9.359976007286011,23.075751155952652,-24.10355368156832,50.615990590686074,-33.92968096504686,-20.80202185195173,20.44141082643684
0.1753535569393895,17.239014405610636,-9.452828191680364,-12.423948325293512,48.48366215531928,9.359976007286011,75.01210346490885,30.43504849442098,27.755832785158184,2.710421239131656,9.339962677790107,-4.42484245039647,-9.036256503618036
0.2934420422414828,-17.051155986205977,-1.840801141481596,16.526449477256186,1.47152239373717,23.075751155952652,30.43504849442098,72.64992857647053,39.50898995953595,23.28168322842082,9.046485653206373,10.359958633215138,-3.593389262112184
0.6769066517049425,21.68430208398977,-13.707865779321834,-32.11886158174377,71.56309049202754,-24.10355368156832,27.755832785158184,39.50898995953595,97.78695188363848,7.177387546081219,32.55956684629424,10.849093860467317,1.389253830415298
-0.5361701920858244,-31.589454595566192,12.79461814053547,41.27205492182544,-68.82528970920434,50.615990590686074,2.710421239131656,23.28168322842082,7.177387546081219,98.07526984902812,9.586784271013167,16.910147512619485,27.63959148872205
-0.4540903398394825,27.769487351111678,-2.626786319664956,-23.585766116278975,38.44497499476542,-33.92968096504686,9.339962677790107,9.046485653206373,32.55956684629424,9.586784271013167,84.33340499999407,45.82145381474341,15.99772763501833
-0.3365072492750848,2.715681213740665,1.895365192601631,1.9831346147557338,6.7556426912898315,-20.80202185195173,-4.42484245039647,10.359958633215138,10.849093860467317,16.910147512619485,45.82145381474341,69.57592711606794,35.43447180371513
-0.8733118304979793,-5.172247297158717,8.895577652638408,9.929084248428115,-28.569221331848595,20.44141082643684,-9.036256503618036,-3.593389262112184,1.389253830415298,27.63959148872205,15.99772763501833,35.43447180371513,61.60623270978466
