0.2978481282933894,-1.3560105713305513,-1.3895915457468573,0.48464097077016965,2.2230564114383533,-1.9934335858791314,-1.0151734036441717,0.23265724939113389,0.20153608227978037,-0.9662859653522746,-0.8966415961801253,-0.19030718326586177,-0.7117300177693752
-1.3560105713305513,56.55006456962115,6.247309822009883,-45.11456669939837,50.96080953332812,-38.9252741464372,24.030979811802396,-14.591962669266529,23.648607171676346,-32.35694116827716,22.578777084532415,-2.3039387806208023,-5.190598023744688
-1.3895915457468573,6.247309822009883,25.24823703317422,14.053160620990282,-37.66489347698633,34.975966997094325,-3.671659189209772,0.20067431492898102,-9.877709663710323,14.577321254141212,-8.114770731901121,-3.7807075196083053,8.195284555929454
0.48464097077016965,-45.11456669939837,14.053160620990282,71.7969890927711,-46.19981204451418,49.475965077367135,-15.660242174447404,15.952328061975571,-28.75357336503011,39.55667533067149,-29.51496919498513,-2.487851350922111,3.010258078959692
2.2230564114383533,50.96080953332812,-37.66489347698633,-46.19981204451418,209.36664502873037,-110.0234206323052,37.281436479630166,-0.1864918457989581,62.89271636160282,-75.25067267747129,39.830599866801144,7.055024355321045,-38.250373193064114
-1.9934335858791314,-38.9252741464372,34.975966997094325,49.475965077367135,-110.0234206323052,145.23525845071848,4.548834370790903,26.67955170308533,-16.143722470989413,62.37229187347677,-18.01731080512571,-7.224214829248518,29.33378225886121
-1.0151734036441717,24.030979811802396,-3.671659189209772,-15.660242174447404,37.281436479630166,4.548834370790903,82.67702253623314,31.2252046141438,24.451538612913858,14.766983656778157,20.85785323457638,1.7653829444069524,-1.4199633247620704
0.23265724939113389,-14.591962669266529,0.20067431492898102,15.952328061975571,-0.1864918457989581,26.67955170308533,31.2252046141438,67.487981677231,31.143401031473807,22.43032162742563,4.627018916059049,5.520668376079608,-3.4662385675419634
0.20153608227978037,23.648607171676346,-9.877709663710323,-28.75357336503011,62.89271636160282,-16.143722470989413,24.451538612913858,31.143401031473807,83.35823304183882,3.6648916482903657,35.159287217071245,13.439665157728607,2.5009016325900886
-0.9662859653522746,-32.35694116827716,14.577321254141212,39.55667533067149,-75.25067267747129,62.37229187347677,14.766983656778157,22.43032162742563,3.6648916482903657,112.90896798308854,21.976391322492837,25.270894212770127,34.98835782110987
-0.8966415961801253,22.578777084532415,-8.114770731901121,-29.51496919498513,39.830599866801144,-18.01731080512571,20.85785323457638,4.627018916059049,35.159287217071245,21.976391322492837,92.66620637183277,48.37342824705614,24.60797066165766
-0.19030718326586177,-2.3039387806208023,-3.7807075196083053,-2.487851350922111,7.055024355321045,-7.224214829248518,1.7653829444069524,5.520668376079608,13.439665157728607,25.270894212770127,48.37342824705614,68.26060785036198,41.35119738289878
-0.7117300177693752,-5.190598023744688,8.195284555929454,3.010258078959692,-38.250373193064114,29.33378225886121,-1.4199633247620704,-3.4662385675419634,2.5009016325900886,34.98835782110987,24.60797066165766,41.35119738289878,66.89069065482582
