0.8845926045683559,-2.7103238529420355,-3.2404696306017566,-1.3315888772638556,1.9307968843107726,-2.98202544334824,-1.6339087570122006,-1.2163565760418515,0.6736305748381216,-0.42632811513638597,1.231436222474093,1.965884758740823,0.45322837838491414
-2.7103238529420355,62.23590285345847,11.341100133115463,-41.8378131541806,47.91607762585643,-39.33340905900589,21.772420956372933,-6.728629424915726,21.383641876395448,-31.522894744675867,24.16991162962852,-8.078130793616817,-8.127234618468858
-3.2404696306017566,11.341100133115463,31.030021657434222,21.61733330924296,-32.99503599415509,35.33086075718949,-0.5044415371624418,10.451248654586209,-6.900712769873429,17.05629324223026,-10.236249858199352,-5.357977213200365,4.991028547687058
-1.3315888772638556,-41.8378131541806,21.61733330924296,75.60046122094082,-50.17792111522761,65.93397654348219,-3.8223038196341275,17.995204067093827,-22.786366236687392,47.635813920761265,-28.549128288102853,2.195425374809599,11.816090803046922
1.9307968843107726,47.91607762585643,-32.99503599415509,-50.17792111522761,196.1774647042422,-81.15135051667913,41.97390905874181,-3.6181281769096514,62.506507308177675,-68.48322270242403,53.81522124672518,12.129435807868347,-18.8534473884369
-2.98202544334824,-39.33340905900589,35.33086075718949,65.93397654348219,-81.15135051667913,140.1145503653258,10.055165676384142,37.035449863007116,-13.546151672515647,59.51162651128374,-31.37744996858894,-8.95805792152163,18.556932180244374
-1.6339087570122006,21.772420956372933,-0.5044415371624418,-3.8223038196341275,41.97390905874181,10.055165676384142,78.6655467576453,42.585560821137335,27.961787919746186,3.640189734242212,6.542987365691618,-8.521057582961964,-10.147263725294186
-1.2163565760418515,-6.728629424915726,10.451248654586209,17.995204067093827,-3.6181281769096514,37.035449863007116,42.585560821137335,81.41222163964059,39.31378300749884,19.60574228472298,-2.4563270742641383,-3.1244159410274155,-7.859100067613904
0.6736305748381216,21.383641876395448,-6.900712769873429,-22.786366236687392,62.506507308177675,-13.546151672515647,27.961787919746186,39.31378300749884,84.1835313400137,5.517924339386225,31.03928751918072,4.847877518067064,-1.0138006445991248
-0.42632811513638597,-31.522894744675867,17.05629324223026,47.635813920761265,-68.48322270242403,59.51162651128374,3.640189734242212,19.60574228472298,5.517924339386225,103.34234050117045,4.817870774464337,15.277690261662165,22.028214093925737
1.231436222474093,24.16991162962852,-10.236249858199352,-28.549128288102853,53.81522124672518,-31.37744996858894,6.542987365691618,-2.4563270742641383,31.03928751918072,4.817870774464337,82.11195104114888,38.209865485047565,14.388947394255528
1.965884758740823,-8.078130793616817,-5.357977213200365,2.195425374809599,12.129435807868347,-8.95805792152163,-8.521057582961964,-3.1244159410274155,4.847877518067064,15.277690261662165,38.209865485047565,64.97463305240095,35.876156101543806
0.45322837838491414,-8.127234618468858,4.991028547687058,11.816090803046922,-18.8534473884369,18.556932180244374,-10.147263725294186,-7.859100067613904,-1.0138006445991248,22.028214093925737,14.388947394255528,35.876156101543806,58.62750963816071
