0.48310948323649244,-1.0665917458048262,-1.506771328321893,-1.6355885680485756,-0.887528256010604,-1.1289342811009238,-1.2111481595215672,-1.4405341182377067,-0.07065673671471022,0.7169352748415713,1.2357863745372553,0.7995531515050532,0.30200708414069866
-1.0665917458048262,51.42712791800573,3.659674233374067,-37.67226891578996,56.86444553655802,-45.11352507421636,20.09481735520824,-9.543677164206986,21.623403156115295,-31.745795152514695,26.924872832210884,3.0937604193106694,-7.041463663665658
-1.506771328321893,3.659674233374067,24.59408637688012,23.816857276217057,-26.51825552285398,25.850429303163654,-5.301458327961238,7.143739806647824,-10.884862888572567,12.339108786484108,-8.347932247065978,0.13433128005382378,6.710596878342179
-1.6355885680485756,-37.67226891578996,23.816857276217057,76.32320725525284,-46.07207636548131,63.068549258738194,-5.079468193160046,20.35892897562295,-27.451577481459324,36.10274091716112,-37.0687932607888,-6.975384705063462,9.327640786659524
-0.887528256010604,56.86444553655802,-26.51825552285398,-46.07207636548131,204.83610399508274,-67.32488469011444,56.95261041540101,0.7788556870773397,67.42942796614618,-80.21324491285587,25.787628755972918,-4.21407029962892,-28.064827484687466
-1.1289342811009238,-45.11352507421636,25.850429303163654,63.068549258738194,-67.32488469011444,129.60208318145004,6.024522747802235,29.621632989026015,-17.49627413057664,50.98949205617132,-34.44555732274394,-13.919851587115895,20.80058278233269
-1.2111481595215672,20.09481735520824,-5.301458327961238,-5.079468193160046,56.95261041540101,6.024522747802235,74.50847485173253,34.544261788632966,29.758973637923106,-4.551640100594472,2.991892857784029,-5.318724775605411,-7.577216579823773
-1.4405341182377067,-9.543677164206986,7.143739806647824,20.35892897562295,0.7788556870773397,29.621632989026015,34.544261788632966,72.4567839994771,35.08926198433594,12.882003478446318,-7.691452149996305,1.0140990581194902,-3.9897084629206754
-0.07065673671471022,21.623403156115295,-10.884862888572567,-27.451577481459324,67.42942796614618,-17.49627413057664,29.758973637923106,35.08926198433594,85.90066942221955,5.047258164325948,26.975233379236816,5.631375968759853,-0.5120075044824013
0.7169352748415713,-31.745795152514695,12.339108786484108,36.10274091716112,-80.21324491285587,50.98949205617132,-4.551640100594472,12.882003478446318,5.047258164325948,110.95357330391994,23.90481796234257,24.06058699511415,28.874691890199706
1.2357863745372553,26.924872832210884,-8.347932247065978,-37.0687932607888,25.787628755972918,-34.44555732274394,2.991892857784029,-7.691452149996305,26.975233379236816,23.90481796234257,108.90072892353875,61.30767063317226,22.704180151288003
0.7995531515050532,3.0937604193106694,0.13433128005382378,-6.975384705063462,-4.21407029962892,-13.919851587115895,-5.318724775605411,1.0140990581194902,5.631375968759853,24.06058699511415,61.30767063317226,78.83050978961562,41.74803250738746
0.30200708414069866,-7.041463663665658,6.710596878342179,9.327640786659524,-28.064827484687466,20.80058278233269,-7.577216579823773,-3.9897084629206754,-0.5120075044824013,28.874691890199706,22.704180151288003,41.74803250738746,62.043651114939834
