0.40434161273557845,-0.7666410453662914,-0.7966531388243708,-0.5347682472710917,-0.15616918361957294,0.1313125492028975,0.033271503887460314,-0.7064636021048716,-0.590307783536635,-0.36019655322691563,-0.2615702532151598,-0.4658953292187897,-0.20496167443856725
-0.7666410453662914,55.23230776923871,4.644542304333034,-43.0745757162514,55.33761063034726,-46.98090677972379,21.11318853161664,-8.867787669483548,22.933450640434042,-42.70622466859219,19.780194378587463,-3.470957406867343,-10.20793392665423
-0.7966531388243708,4.644542304333034,25.998538676967506,18.345089310623496,-42.08773094615024,26.496871454317425,-2.0011285884611527,8.773259867390461,-16.536207711792017,8.634432392739523,-14.460688130622064,-3.3260468224523385,4.478613377023039
-0.5347682472710917,-43.0745757162514,18.345089310623496,71.00798551411411,-58.43066022641261,58.115046095023054,-14.070824333386227,15.068552588293171,-29.091126432745824,50.502450005706194,-25.101344778829446,0.8609194627718838,10.122442831074377
-0.15616918361957294,55.33761063034726,-42.08773094615024,-58.43066022641261,226.29681025784646,-93.5242668869208,27.518736395009856,-17.3876346319384,86.84489710615722,-62.3512482456802,65.8444519518952,14.900500349474676,-25.48954080108781
0.1313125492028975,-46.98090677972379,26.496871454317425,58.115046095023054,-93.5242668869208,119.58948180322332,3.5062755291517727,27.695555828987594,-29.57786139020318,57.764225452231415,-27.609397756004338,-3.069664658826897,21.54545741431774
0.033271503887460314,21.11318853161664,-2.0011285884611527,-14.070824333386227,27.518736395009856,3.5062755291517727,67.10032867385422,29.143748288108554,21.968414409916182,-2.7106355941038283,8.094298850415157,-3.134750770424202,-1.3755437818670369
-0.7064636021048716,-8.867787669483548,8.773259867390461,15.068552588293171,-17.3876346319384,27.695555828987594,29.143748288108554,65.60756244061707,29.43805640544596,21.278797725433865,-2.89858269464232,1.3210323560053296,0.9252572697265242
-0.590307783536635,22.933450640434042,-16.536207711792017,-29.091126432745824,86.84489710615722,-29.57786139020318,21.968414409916182,29.43805640544596,91.93306330636783,6.863748805449916,41.830061862251085,12.638286205626567,1.0597715886394452
-0.36019655322691563,-42.70622466859219,8.634432392739523,50.502450005706194,-62.3512482456802,57.764225452231415,-2.7106355941038283,21.278797725433865,6.863748805449916,107.89347001500761,13.93062164154797,22.74199926043486,26.28121886025951
-0.2615702532151598,19.780194378587463,-14.460688130622064,-25.101344778829446,65.8444519518952,-27.609397756004338,8.094298850415157,-2.89858269464232,41.830061862251085,13.93062164154797,85.62428466234036,46.63498399014953,15.493589505679944
-0.4658953292187897,-3.470957406867343,-3.3260468224523385,0.8609194627718838,14.900500349474676,-3.069664658826897,-3.134750770424202,1.3210323560053296,12.638286205626567,22.74199926043486,46.63498399014953,64.06292018410552,38.2930426914063
-0.20496167443856725,-10.20793392665423,4.478613377023039,10.122442831074377,-25.48954080108781,21.54545741431774,-1.3755437818670369,0.9252572697265242,1.0597715886394452,26.28121886025951,15.493589505679944,38.2930426914063,58.70214555254171
