1.1299404108418134,-2.818601345038758,-3.4249393618346033,-0.8217075011711749,2.849474430804109,-2.267923438219785,1.0801589280436716,0.12825736675480498,-1.159140360578095,-0.9064670657319771,-0.5315601304046702,-0.9268846923298804,-1.775228175118474
-2.818601345038758,62.26590247213944,10.823496859979418,-45.59335213593947,45.877480568178925,-35.14967010022029,17.858938404799964,-14.894845688268445,25.579575731672445,-38.247647207185466,19.250694463853733,-3.1847677340429863,-7.034845295955729
-3.4249393618346033,10.823496859979418,31.17485759688976,18.283278497554317,-40.54676678288703,36.33000762263357,-10.254866876613741,3.079222806255841,-6.95281046903579,11.390014269842425,-10.074550102446393,-1.1247787443881634,8.272141908363963
-0.8217075011711749,-45.59335213593947,18.283278497554317,80.32115809870523,-45.42198028854256,43.12247143232448,-14.940199820635831,21.69444470971891,-29.851906057906564,47.901820611492134,-24.018248464488853,4.546701425143542,9.414609181802206
2.849474430804109,45.877480568178925,-40.54676678288703,-45.42198028854256,214.12452811300076,-117.80943284776781,40.90661101901638,1.2221323764885468,62.20918695077918,-66.69287616511605,50.207750422418194,15.864051308915096,-28.84449789129422
-2.267923438219785,-35.14967010022029,36.33000762263357,43.12247143232448,-117.80943284776781,160.5094339864221,-4.180281079496764,18.72826063462055,-10.273778695799429,53.95702926668569,-21.348346041666442,-3.801325007742281,33.095010402459266
1.0801589280436716,17.858938404799964,-10.254866876613741,-14.940199820635831,40.90661101901638,-4.180281079496764,89.7263966061933,36.97967301482076,13.835433585406575,11.404643898147526,13.690314494081125,-1.9666468910709936,-3.9009587983039116
0.12825736675480498,-14.894845688268445,3.079222806255841,21.69444470971891,1.2221323764885468,18.72826063462055,36.97967301482076,76.36767422937281,28.831882068845562,22.477957651389143,2.115905125182641,8.243625640431137,-1.8716102913298989
-1.159140360578095,25.579575731672445,-6.95281046903579,-29.851906057906564,62.20918695077918,-10.273778695799429,13.835433585406575,28.831882068845562,99.5269629968099,-1.721594987648987,34.26004170690804,15.323998317211332,5.557373188759805
-0.9064670657319771,-38.247647207185466,11.390014269842425,47.901820611492134,-66.69287616511605,53.95702926668569,11.404643898147526,22.477957651389143,-1.721594987648987,120.3937169303168,15.717913573360848,17.834224009496147,32.76044048469796
-0.5315601304046702,19.250694463853733,-10.074550102446393,-24.018248464488853,50.207750422418194,-21.348346041666442,13.690314494081125,2.115905125182641,34.26004170690804,15.717913573360848,85.7209946491016,42.21002784448812,17.989070839780137
-0.9268846923298804,-3.1847677340429863,-1.1247787443881634,4.546701425143542,15.864051308915096,-3.801325007742281,-1.9666468910709936,8.243625640431137,15.323998317211332,17.834224009496147,42.21002784448812,64.41107887157096,37.00025905380776
-1.775228175118474,-7.034845295955729,8.272141908363963,9.414609181802206,-28.84449789129422,33.095010402459266,-3.9009587983039116,-1.8716102913298989,5.557373188759805,32.76044048469796,17.989070839780137,37.00025905380776,68.30941575455601
