0.3402387730477468,-1.0978281246069725,-1.6822970235248644,-1.726768003913559,-0.5827910462315964,-0.0880649998773025,0.280317434292242,-0.35471357318549157,0.18985536987758606,0.11204802997611475,-0.09150252749195979,-0.48275180186166294,-0.11807936686653768
-1.0978281246069725,52.15423357324123,4.123418718650255,-37.006820661626456,61.33595245228989,-47.73040298331093,12.852967643068146,-17.097454367383232,19.23703235262429,-39.11160543730359,22.24670451047053,-5.075663190394739,-8.859809379263062
-1.6822970235248644,4.123418718650255,27.87670296561177,28.184193398494774,-26.126615412519264,20.232126711962994,-18.395295577520624,-3.875493626281351,-17.03615250489678,8.590377718297503,-14.720302905741974,-2.301596895198134,2.023636045925732
-1.726768003913559,-37.006820661626456,28.184193398494774,81.61343084158857,-53.22741803946818,49.26891088283125,-19.962375918263337,16.50922902513258,-31.9912769377259,39.42035539719294,-31.980320895181343,4.088556428299603,4.768085073134268
-0.5827910462315964,61.33595245228989,-26.126615412519264,-53.22741803946818,188.25868633529183,-84.32273763861927,53.941531879667444,11.061710196582107,67.68897926213573,-75.8142184136823,51.78262522442947,8.430316266703377,-24.97288819880135
-0.0880649998773025,-47.73040298331093,20.232126711962994,49.26891088283125,-84.32273763861927,129.54486827045014,6.699742676948114,21.567294457788595,-24.65767317322351,54.54737078605207,-35.578026998349024,-12.543181691068314,19.26001096250625
0.280317434292242,12.852967643068146,-18.395295577520624,-19.962375918263337,53.941531879667444,6.699742676948114,77.45351438302721,32.399864400677174,32.163647429760495,0.0259960965400457,16.844812011850124,-2.9747355631580934,-4.172153361291696
-0.35471357318549157,-17.097454367383232,-3.875493626281351,16.50922902513258,11.061710196582107,21.567294457788595,32.399864400677174,68.28344334420231,37.400904358224814,23.156505717129836,14.079124927437046,15.782603191665505,-2.817537030135023
0.18985536987758606,19.23703235262429,-17.03615250489678,-31.9912769377259,67.68897926213573,-24.65767317322351,32.163647429760495,37.400904358224814,82.77562516341303,5.664597883001495,44.38357658733614,15.975633128917208,0.6894802216881186
0.11204802997611475,-39.11160543730359,8.590377718297503,39.42035539719294,-75.8142184136823,54.54737078605207,0.0259960965400457,23.156505717129836,5.664597883001495,101.16282161926695,8.349582671756414,20.18054858007858,26.015869260499784
-0.09150252749195979,22.24670451047053,-14.720302905741974,-31.980320895181343,51.78262522442947,-35.578026998349024,16.844812011850124,14.079124927437046,44.38357658733614,8.349582671756414,86.14314206299693,44.35587404283169,18.387730402844447
-0.48275180186166294,-5.075663190394739,-2.301596895198134,4.088556428299603,8.430316266703377,-12.543181691068314,-2.9747355631580934,15.782603191665505,15.975633128917208,20.18054858007858,44.35587404283169,68.93406080060987,35.34739490356918
-0.11807936686653768,-8.859809379263062,2.023636045925732,4.768085073134268,-24.97288819880135,19.26001096250625,-4.172153361291696,-2.817537030135023,0.6894802216881186,26.015869260499784,18.387730402844447,35.34739490356918,56.83291593350405
