1.2340997992643739,-1.8333728709679122,-2.4570677699734422,-1.4556506861482303,0.7275781363513403,-2.0113238728223832,-1.1905486280551998,-1.474705652320857,-0.16229483027895175,-0.576974589801951,0.3243562071212641,-0.023638441052826496,-0.6662413683212366
-1.8333728709679122,67.14464338609037,11.161348157215333,-49.597507388754906,39.81691815665437,-38.5705309847232,16.932524290645457,-16.68916314952186,18.592700546483155,-30.33646554221489,19.343601158889303,-7.1885007145465,-8.793711592882358
-2.4570677699734422,11.161348157215333,27.532265175448853,18.307431040455526,-29.1217756534858,23.596635486925297,-8.097284317084224,5.4705542423799765,-7.358100792068252,13.706526748790004,-7.421082975538814,0.9617661239195479,5.935153764652633
-1.4556506861482303,-49.597507388754906,18.307431040455526,85.57588598233193,-33.108531265419735,51.84846291946915,-7.935202787006427,25.29155316899417,-21.13176445702603,44.17481837685122,-12.439329019604518,14.791216316909562,13.038067544749959
0.7275781363513403,39.81691815665437,-29.1217756534858,-33.108531265419735,207.20925005294487,-60.204076105157206,53.0356053701275,-0.05268270636880929,67.40783989466208,-55.150335839575284,61.594645321154715,20.99809559819464,-12.5803588300933
-2.0113238728223832,-38.5705309847232,23.596635486925297,51.84846291946915,-60.204076105157206,148.4823853821309,13.488465616416281,24.179089738189475,-11.41708615284264,65.22185092148523,-11.730845166957115,-1.3111763630341269,33.03139301840824
-1.1905486280551998,16.932524290645457,-8.097284317084224,-7.935202787006427,53.0356053701275,13.488465616416281,76.1965760116666,34.77845256022904,26.878283959713457,1.2100725046524416,12.27824484573484,0.6919564494441269,-3.9917689956989375
-1.474705652320857,-16.68916314952186,5.4705542423799765,25.29155316899417,-0.05268270636880929,24.179089738189475,34.77845256022904,79.4062016298663,31.45673291931724,11.5760036548015,1.0253703199304496,7.330648765178194,-4.051516303636678
-0.16229483027895175,18.592700546483155,-7.358100792068252,-21.13176445702603,67.40783989466208,-11.41708615284264,26.878283959713457,31.45673291931724,83.17099928424268,6.573311317045048,31.969190273272304,6.460755165484795,6.106417509090568
-0.576974589801951,-30.33646554221489,13.706526748790004,44.17481837685122,-55.150335839575284,65.22185092148523,1.2100725046524416,11.5760036548015,6.573311317045048,110.49005459621924,21.29745192046942,19.898492969543252,27.085626981686765
0.3243562071212641,19.343601158889303,-7.421082975538814,-12.439329019604518,61.594645321154715,-11.730845166957115,12.27824484573484,1.0253703199304496,31.969190273272304,21.29745192046942,99.95887974795905,47.34621229634623,17.79421600152633
-0.023638441052826496,-7.1885007145465,0.9617661239195479,14.791216316909562,20.99809559819464,-1.3111763630341269,0.6919564494441269,7.330648765178194,6.460755165484795,19.898492969543252,47.34621229634623,71.59266059058204,37.02919770418678
-0.6662413683212366,-8.793711592882358,5.935153764652633,13.038067544749959,-12.5803588300933,33.03139301840824,-3.9917689956989375,-4.051516303636678,6.106417509090568,27.085626981686765,17.79421600152633,37.02919770418678,66.78914382106585
