1.9267392523617923,-1.0931873761350996,-5.348805411021636,-8.822006855076552,-7.905366776895539,-8.752819671043056,-0.6670673937045883,0.18589351699089407,0.23184577430732717,-1.7740029458686706,-0.8982928565684264,-1.6069788781133691,-1.1410469680638038
-1.0931873761350996,53.7396211352106,5.634456821273473,-44.50240891425374,48.11874582100606,-34.97034351255088,21.932599595792002,-5.893065412789796,28.239003276169132,-30.72283080941891,25.957096775467225,-9.02705898392641,-5.350123187488487
-5.348805411021636,5.634456821273473,37.32579847413727,40.73355124708981,-14.992449154977987,51.82710179489388,-0.20572072542300027,8.787564850397091,-8.29707369040572,23.648427453279606,-4.724744826599209,3.244716659411143,7.783021559626015
-8.822006855076552,-44.50240891425374,40.73355124708981,125.62184351698163,1.0325116488092327,91.37246604326873,-14.143460040267787,11.636006299768347,-34.42691079245271,50.27008670629423,-22.755413031854925,21.434575641497805,12.860444733023371
-7.905366776895539,48.11874582100606,-14.992449154977987,1.0325116488092327,269.09374859251415,-49.01472890354956,22.455361461130344,-21.496489849822243,57.204401417876305,-84.55955334705031,54.293006438045374,23.592898092572373,-13.59368709309439
-8.752819671043056,-34.97034351255088,51.82710179489388,91.37246604326873,-49.01472890354956,162.76608028212894,10.017863731248228,20.673920410296184,-23.341905836526053,69.24766414151341,-17.050536499280494,7.525149751000408,28.846890448926576
-0.6670673937045883,21.932599595792002,-0.20572072542300027,-14.143460040267787,22.455361461130344,10.017863731248228,65.5653707511417,26.055597805232313,20.466222970376933,7.317725842922257,17.21533652594835,-3.4982005067448076,2.7113988022020696
0.18589351699089407,-5.893065412789796,8.787564850397091,11.636006299768347,-21.496489849822243,20.673920410296184,26.055597805232313,62.64948719263848,24.54164687755753,21.713812914674403,6.744030047644019,8.830274848806244,-0.09021682265100872
0.23184577430732717,28.239003276169132,-8.29707369040572,-34.42691079245271,57.204401417876305,-23.341905836526053,20.466222970376933,24.54164687755753,76.92412814601789,-0.35226273263299507,35.423475735623406,3.168904413371033,-0.6181386011822919
-1.7740029458686706,-30.72283080941891,23.648427453279606,50.27008670629423,-84.55955334705031,69.24766414151341,7.317725842922257,21.713812914674403,-0.35226273263299507,111.3078692686841,3.151910692313541,9.765059987747337,18.068345386017054
-0.8982928565684264,25.957096775467225,-4.724744826599209,-22.755413031854925,54.293006438045374,-17.050536499280494,17.21533652594835,6.744030047644019,35.423475735623406,3.151910692313541,72.09005313788768,25.636775347015025,10.151996708028046
-1.6069788781133691,-9.02705898392641,3.244716659411143,21.434575641497805,23.592898092572373,7.525149751000408,-3.4982005067448076,8.830274848806244,3.168904413371033,9.765059987747337,25.636775347015025,57.92843722283475,28.22275060025118
-1.1410469680638038,-5.350123187488487,7.783021559626015,12.860444733023371,-13.59368709309439,28.846890448926576,2.7113988022020696,-0.09021682265100872,-0.6181386011822919,18.068345386017054,10.151996708028046,28.22275060025118,52.74692136863037
