0.5573956598533524,-1.9402249993795564,-1.9601962979346894,-0.5692764436712949,1.0803793491157616,-2.0033166038908714,-1.6278299340393476,-1.2152885357524081,0.15490563381770583,-0.6903610337470752,-1.0421655367084481,-0.5553815982842537,-0.7107443668677904
-1.9402249993795564,56.961415103048175,5.503467741439594,-42.26422121747353,52.75936097094626,-43.87608121967453,20.75295415061386,-12.030865355316937,15.881230949603033,-34.44291689441621,31.0215048408458,3.7850836431548363,-5.251444560575754
-1.9601962979346894,5.503467741439594,24.97431978142803,20.219097475353003,-28.80835361545034,23.083657500439628,-9.03516753591474,4.326515276345573,-10.160619148725909,11.594674547131932,-1.1708097638334174,8.113781330276076,8.955655926741137
-0.5692764436712949,-42.26422121747353,20.219097475353003,75.26435632148376,-49.81283060925645,47.62901184892736,-15.541165777260229,17.5035312483367,-19.86523410222622,44.42128306975689,-24.126282811766746,5.111231681333604,12.63547665919833
1.0803793491157616,52.75936097094626,-28.80835361545034,-49.81283060925645,188.39851989570505,-83.8039080230277,45.48461556814197,1.4907797438979886,70.96808078566745,-62.656047251784166,39.18140570848674,-0.7547235740729051,-20.17807116509103
-2.0033166038908714,-43.87608121967453,23.083657500439628,47.62901184892736,-83.8039080230277,164.42147535794203,19.93126415558457,28.099226763445543,-12.147039581470482,62.806465831834814,-25.086749316668172,-11.679657539456304,29.997790707385228
-1.6278299340393476,20.75295415061386,-9.03516753591474,-15.541165777260229,45.48461556814197,19.93126415558457,86.352982710208,31.291536013304302,26.292840751449514,10.23279243576588,13.256517072686442,-7.4529146195939875,-3.895051683205941
-1.2152885357524081,-12.030865355316937,4.326515276345573,17.5035312483367,1.4907797438979886,28.099226763445543,31.291536013304302,70.21975365910026,42.78828942662732,25.581575036904617,3.586849921617857,-1.1171490149366847,-8.147773413828864
0.15490563381770583,15.881230949603033,-10.160619148725909,-19.86523410222622,70.96808078566745,-12.147039581470482,26.292840751449514,42.78828942662732,106.88356111667066,12.576685411537735,18.48597106298046,-9.649430400901684,-3.4949255117302607
-0.6903610337470752,-34.44291689441621,11.594674547131932,44.42128306975689,-62.656047251784166,62.806465831834814,10.23279243576588,25.581575036904617,12.576685411537735,107.19654051754351,-0.4434137414299919,3.4809685914250434,20.049192117550213
-1.0421655367084481,31.0215048408458,-1.1708097638334174,-24.126282811766746,39.18140570848674,-25.086749316668172,13.256517072686442,3.586849921617857,18.48597106298046,-0.4434137414299919,81.22934847482404,37.96749800159312,12.337071594510212
-0.5553815982842537,3.7850836431548363,8.113781330276076,5.111231681333604,-0.7547235740729051,-11.679657539456304,-7.4529146195939875,-1.1171490149366847,-9.649430400901684,3.4809685914250434,37.96749800159312,72.27846949711959,36.60177346276402
-0.7107443668677904,-5.251444560575754,8.955655926741137,12.63547665919833,-20.17807116509103,29.997790707385228,-3.895051683205941,-8.147773413828864,-3.4949255117302607,20.049192117550213,12.337071594510212,36.60177346276402,67.86805929901332
