0.5553314557054334,-1.2796070765288563,-1.8371144929465812,-0.7440612902476315,0.9353166096487162,-3.982789967694868,-2.3411038245606717,0.16313890142142612,1.7925696179202515,-0.21850457863697992,0.07417075810066327,0.8892680983131408,0.011561610927759734
-1.2796070765288563,61.766353355684814,9.538608245663703,-52.68448761561112,40.21442685108578,-29.114360442943596,23.27895503342685,-23.826017377603787,20.867569796666512,-27.56694084987321,26.340543710016927,-6.749567383528178,1.4574107243642604
-1.8371144929465812,9.538608245663703,28.783458860063742,11.697282173332827,-48.939105951220036,42.52806430558559,1.9201911077989178,-7.597913238936308,-21.52478581401132,23.47671321705836,-3.787394442485121,-6.239273800953247,13.97130448873138
-0.7440612902476315,-52.68448761561112,11.697282173332827,81.76828076499295,-37.494418687853965,49.31109294085966,-17.449251831839494,19.97656221892385,-31.139714017471608,42.385654775552375,-20.05848702285489,13.222614680898696,6.127322850945779
0.9353166096487162,40.21442685108578,-48.939105951220036,-37.494418687853965,259.52102234429356,-114.6671655780563,23.132181007393097,9.338728427504057,92.66690507053524,-98.37218311957156,53.90892779099219,37.8572051925507,-35.79293480386831
-3.982789967694868,-29.114360442943596,42.52806430558559,49.31109294085966,-114.6671655780563,167.58809248755475,50.56708826239776,27.440629093266423,-54.41486256819719,55.70268424299031,-33.144627784300816,-33.183445138794035,16.302340851323887
-2.3411038245606717,23.27895503342685,1.9201911077989178,-17.449251831839494,23.132181007393097,50.56708826239776,119.6389804559568,53.17772446849401,14.286648267683075,-12.299135450907146,-5.940569368037301,-33.76721394757225,-19.84205303424881
0.16313890142142612,-23.826017377603787,-7.597913238936308,19.97656221892385,9.338728427504057,27.440629093266423,53.17772446849401,99.27922285755277,42.966080312408934,3.32954785320789,-16.13628740008019,-6.51629707141777,-21.94463117579508
1.7925696179202515,20.867569796666512,-21.52478581401132,-31.139714017471608,92.66690507053524,-54.41486256819719,14.286648267683075,42.966080312408934,102.60603768444766,-11.79198227973423,27.57016190494667,15.778003469914907,-6.84745713254273
-0.21850457863697992,-27.56694084987321,23.47671321705836,42.385654775552375,-98.37218311957156,55.70268424299031,-12.299135450907146,3.32954785320789,-11.79198227973423,109.87212073794758,10.249059444820897,15.808458477847257,33.74955313693112
0.07417075810066327,26.340543710016927,-3.787394442485121,-20.05848702285489,53.90892779099219,-33.144627784300816,-5.940569368037301,-16.13628740008019,27.57016190494667,10.249059444820897,85.22911743884684,52.817650485211054,21.459555827886938
0.8892680983131408,-6.749567383528178,-6.239273800953247,13.222614680898696,37.8572051925507,-33.183445138794035,-33.76721394757225,-6.51629707141777,15.778003469914907,15.808458477847257,52.817650485211054,84.59807268053311,39.44066956851217
0.011561610927759734,1.4574107243642604,13.97130448873138,6.127322850945779,-35.79293480386831,16.302340851323887,-19.84205303424881,-21.94463117579508,-6.84745713254273,33.74955313693112,21.459555827886938,39.44066956851217,66.80585466617781
