0.8694018183698604,-2.2066435150706902,-3.280735022985355,-1.9250928200791844,0.9803658821202369,-2.93281582495016,-1.1908779956793818,-0.10638056171270253,0.544445447374263,-1.7010213931004878,-0.7328182359423573,0.4394910140254398,-0.4962001886811942
-2.2066435150706902,61.30307204350934,10.094308105364835,-46.624997434528424,49.40384181471932,-36.6375013610499,22.836047925985124,-14.29324309339562,23.615363029326485,-30.871177668386455,33.80417913924789,-4.289081851112388,-4.142778583796507
-3.280735022985355,10.094308105364835,32.465213347576544,20.280657809843646,-40.39710547584595,36.52508810328847,0.7401777310461299,2.6178787701124224,-12.982225510240996,24.410991987017592,0.0981336964879985,-0.9264294920318239,7.331279694925154
-1.9250928200791844,-46.624997434528424,20.280657809843646,89.37975503362941,-37.085890351652324,47.76970732259738,-19.231872818151672,22.833967856848616,-24.83391784871188,47.4669322294092,-27.50317265652882,7.050510998754352,3.5483515793059994
0.9803658821202369,49.40384181471932,-40.39710547584595,-37.085890351652324,248.2717085093315,-100.91380887568101,26.957688132396623,3.3930436762302834,81.3620284229599,-97.07064023229306,38.173889202579694,8.391206948750717,-25.451391031426866
-2.93281582495016,-36.6375013610499,36.52508810328847,47.76970732259738,-100.91380887568101,176.97603488759842,34.84717557957585,12.053141547092908,-36.404152594316706,62.249879106271784,-40.635642007829134,-18.040565103039032,39.36672257399307
-1.1908779956793818,22.836047925985124,0.7401777310461299,-19.231872818151672,26.957688132396623,34.84717557957585,91.11649777680373,26.34414511896827,4.575510327500735,-15.043174163588505,9.346403438225435,-8.135302032665232,3.977418243451236
-0.10638056171270253,-14.29324309339562,2.6178787701124224,22.833967856848616,3.3930436762302834,12.053141547092908,26.34414511896827,69.44511558361978,21.564698278669532,5.371548913560999,5.571009723915451,14.220935549582627,-7.3931680450299835
0.544445447374263,23.615363029326485,-12.982225510240996,-24.83391784871188,81.3620284229599,-36.404152594316706,4.575510327500735,21.564698278669532,88.65876438441047,1.8405472275808794,32.04223180325343,13.773556163673828,8.057312122111133
-1.7010213931004878,-30.871177668386455,24.410991987017592,47.4669322294092,-97.07064023229306,62.249879106271784,-15.043174163588505,5.371548913560999,1.8405472275808794,124.63757754646352,9.648124529485749,15.006724519207973,31.065049274184332
-0.7328182359423573,33.80417913924789,0.0981336964879985,-27.50317265652882,38.173889202579694,-40.635642007829134,9.346403438225435,5.571009723915451,32.04223180325343,9.648124529485749,88.03335258752149,36.54261768036243,4.875536922887905
0.4394910140254398,-4.289081851112388,-0.9264294920318239,7.050510998754352,8.391206948750717,-18.040565103039032,-8.135302032665232,14.220935549582627,13.773556163673828,15.006724519207973,36.54261768036243,64.00433224672382,29.623907334119984
-0.4962001886811942,-4.142778583796507,7.331279694925154,3.5483515793059994,-25.451391031426866,39.36672257399307,3.977418243451236,-7.3931680450299835,8.057312122111133,31.065049274184332,4.875536922887905,29.623907334119984,73.1699469440885
