0.6552075953328526,-0.844696437803066,-1.0167100443140638,-0.5185099752535678,0.3671419063808978,-2.70262163758292,-1.9502079735183828,0.29919500150894807,1.7256259080151586,-0.815464098680159,-1.4173655224225126,1.191847385669427,1.1511226041124865
-0.844696437803066,60.577338232849776,8.992794378844694,-49.140890482637076,45.494926382289535,-30.163720499014868,22.451869078870356,-25.818231893125702,19.782056640977753,-22.749506730713044,26.968349594835406,-7.283719042324799,1.8022966416437625
-1.0167100443140638,8.992794378844694,27.171773639273177,12.497299854037742,-39.04757198149134,37.90775717058797,-5.318283126757537,-8.967376516955431,-10.644266044368425,25.596047021560857,-4.0410691144915045,-6.461442054178839,13.157900507402227
-0.5185099752535678,-49.140890482637076,12.497299854037742,78.66665340136488,-40.30888449038127,43.1935764148262,-15.065171779649901,26.270379382787606,-26.857610798437864,33.99458028263265,-23.63275860269921,9.54938639090917,1.0222274222900178
0.3671419063808978,45.494926382289535,-39.04757198149134,-40.30888449038127,219.26411162891915,-103.42994882400272,43.546362033019385,15.056288028607515,64.79115658259607,-97.97608622193668,38.51987924699109,20.737673715024957,-33.998615562238484
-2.70262163758292,-30.163720499014868,37.90775717058797,43.1935764148262,-103.42994882400272,161.1383221456454,18.213916256453224,6.32015964373993,-25.337531290375043,73.32983214583429,-24.616716096203486,-29.628783582290463,31.25599688232126
-1.9502079735183828,22.451869078870356,-5.318283126757537,-15.065171779649901,43.546362033019385,18.213916256453224,86.84380547457651,29.17473709002057,20.096961502099248,4.299153143707325,16.475207221235117,-14.226292146874485,-12.477442989273527
0.29919500150894807,-25.818231893125702,-8.967376516955431,26.270379382787606,15.056288028607515,6.32015964373993,29.17473709002057,92.18403898892596,39.34287779198873,6.345167322729905,0.6108737541503123,11.425752359373025,-22.946652828297946
1.7256259080151586,19.782056640977753,-10.644266044368425,-26.857610798437864,64.79115658259607,-25.337531290375043,20.096961502099248,39.34287779198873,96.98532852199598,3.851518287512634,18.208437359890247,7.112764509085691,1.2044134545469936
-0.815464098680159,-22.749506730713044,25.596047021560857,33.99458028263265,-97.97608622193668,73.32983214583429,4.299153143707325,6.345167322729905,3.851518287512634,123.30268614236171,15.532637615910879,3.2007131074789656,29.031615891101215
-1.4173655224225126,26.968349594835406,-4.0410691144915045,-23.63275860269921,38.51987924699109,-24.616716096203486,16.475207221235117,0.6108737541503123,18.208437359890247,15.532637615910879,99.39174173378031,38.46944208505403,6.700907470734526
1.191847385669427,-7.283719042324799,-6.461442054178839,9.54938639090917,20.737673715024957,-29.628783582290463,-14.226292146874485,11.425752359373025,7.112764509085691,3.2007131074789656,38.46944208505403,81.45557172909453,35.28259439378112
1.1511226041124865,1.8022966416437625,13.157900507402227,1.0222274222900178,-33.998615562238484,31.25599688232126,-12.477442989273527,-22.946652828297946,1.2044134545469936,29.031615891101215,6.700907470734526,35.28259439378112,83.53357050004949
