0.7604269234052701,-0.6999908584791783,-1.2766261497360978,-0.5895053242160997,0.6129610632911905,-3.0121563046184785,-1.238660439207795,0.16950060130598807,-0.24520337324271652,-2.1346855442483057,-0.9932175924680712,-0.19458847226069748,-1.3273917532312733
-0.6999908584791783,53.81898015576877,4.954361331188756,-43.29550192149689,57.74269313812252,-33.5828470422949,22.219199710620604,-19.56543276751249,27.65245202697026,-29.567595623745284,23.518636970107615,-3.682616492352533,-2.8998100933405566
-1.2766261497360978,4.954361331188756,23.8388791873438,17.788663138236387,-28.944559026751907,35.32011947683946,0.10033397751172421,-1.6335258153946424,-11.25660313158801,21.864888243589046,-3.4209934350237714,-3.63570899727173,11.60115142001129
-0.5895053242160997,-43.29550192149689,17.788663138236387,73.3366258953736,-58.39579022928223,48.97693198662864,-13.954259976150222,21.06838912974909,-37.45244454623307,42.03551979017872,-24.75809277659977,3.064855775914248,6.79295347186542
0.6129610632911905,57.74269313812252,-28.944559026751907,-58.39579022928223,179.02945188171591,-96.40318305480075,33.64404469932945,0.5035690240931648,69.4057970758809,-86.07048298043833,37.27704357260279,19.116025662933346,-29.55531333242344
-3.0121563046184785,-33.5828470422949,35.32011947683946,48.97693198662864,-96.40318305480075,145.75910621989345,21.18323857152329,21.926950084748942,-19.2479589439413,81.56832014704247,-13.092097827075374,-10.608097387427708,41.145386056739746
-1.238660439207795,22.219199710620604,0.10033397751172421,-13.954259976150222,33.64404469932945,21.18323857152329,68.77264086359556,21.05870514662074,30.56816429189777,14.087703628166272,15.500483058794151,-2.4083574795114746,7.255213765955856
0.16950060130598807,-19.56543276751249,-1.6335258153946424,21.06838912974909,0.5035690240931648,21.926950084748942,21.05870514662074,60.62669043492042,28.167753262827457,20.080472953785794,4.505317553226919,11.527085234405837,-4.460606714566222
-0.24520337324271652,27.65245202697026,-11.25660313158801,-37.45244454623307,69.4057970758809,-19.2479589439413,30.56816429189777,28.167753262827457,85.42998761956217,2.6832885645777647,41.50407963774969,17.493219521304905,2.199372805785666
-2.1346855442483057,-29.567595623745284,21.864888243589046,42.03551979017872,-86.07048298043833,81.56832014704247,14.087703628166272,20.080472953785794,2.6832885645777647,118.27118007106283,19.120525000092318,15.017429568734443,38.060717795982164
-0.9932175924680712,23.518636970107615,-3.4209934350237714,-24.75809277659977,37.27704357260279,-13.092097827075374,15.500483058794151,4.505317553226919,41.50407963774969,19.120525000092318,72.40987175814199,39.12652827424286,20.92459779554164
-0.19458847226069748,-3.682616492352533,-3.63570899727173,3.064855775914248,19.116025662933346,-10.608097387427708,-2.4083574795114746,11.527085234405837,17.493219521304905,15.017429568734443,39.12652827424286,61.52452313602674,30.43159707702661
-1.3273917532312733,-2.8998100933405566,11.60115142001129,6.79295347186542,-29.55531333242344,41.145386056739746,7.255213765955856,-4.460606714566222,2.199372805785666,38.060717795982164,20.92459779554164,30.43159707702661,62.22755517302212
