0.2934199549182968,-2.1770051575406595,-0.9853911784120973,1.4821272021975582,0.36843862221434903,-3.3617394940715606,0.6723584732923388,0.37871954235829575,-2.340771776778449,1.6799936036742056,-1.0958934335830188,0.2804062036483115,-0.7865223461396651
-2.1770051575406595,58.98535995723251,0.44487534586614313,-52.17693901406897,46.58930955054828,-8.927821706986553,17.995471358997893,-18.712541297746093,30.686399405429114,-35.588145884015155,24.31693261463104,-13.518880989607263,1.4586241195436815
-0.9853911784120973,0.44487534586614313,19.164604007324584,13.05032767609301,-24.638844336122798,43.78040193124481,-14.670436757978973,5.274340818571138,8.92221823625012,-1.2962969777151248,0.3937535131592393,4.618773756454686,6.217469495339325
1.4821272021975582,-52.17693901406897,13.05032767609301,79.95770130014168,-24.146034851456996,3.4166104749535933,-3.7962754408655695,26.086749929778083,-31.642232339533944,48.69932528051896,-22.019492923748857,23.221566841816074,5.538645088100338
0.36843862221434903,46.58930955054828,-24.638844336122798,-24.146034851456996,154.4262918627323,-114.32449018424859,77.5038422172091,4.11413016979004,-0.9426811434963056,4.1083391148892785,22.387939476684437,-1.100957905301732,-4.685459345592747
-3.3617394940715606,-8.927821706986553,43.78040193124481,3.4166104749535933,-114.32449018424859,249.73914319601118,-57.45416577306313,18.979914724221587,84.87456544768486,-43.3077231809111,9.638956602614085,-10.459905513258562,22.020764630962024
0.6723584732923388,17.995471358997893,-14.670436757978973,-3.7962754408655695,77.5038422172091,-57.45416577306313,127.24185299025572,38.246524651462266,-15.489746335645554,56.48493703857969,-3.8460243637141147,-10.735131597279986,-24.110593955576228
0.37871954235829575,-18.712541297746093,5.274340818571138,26.086749929778083,4.11413016979004,18.979914724221587,38.246524651462266,72.85385159376146,23.289578068852535,34.755250522489234,8.668061370167651,3.6218519139439485,-5.721548127176876
-2.340771776778449,30.686399405429114,8.92221823625012,-31.642232339533944,-0.9426811434963056,84.87456544768486,-15.489746335645554,23.289578068852535,121.40018777172378,-28.47492846251686,43.19210044949482,3.060692844741866,14.337045863952678
1.6799936036742056,-35.588145884015155,-1.2962969777151248,48.69932528051896,4.1083391148892785,-43.3077231809111,56.48493703857969,34.755250522489234,-28.47492846251686,141.44613785292097,-12.62477127557641,19.963283458702055,-0.16547871485171126
-1.0958934335830188,24.31693261463104,0.3937535131592393,-22.019492923748857,22.387939476684437,9.638956602614085,-3.8460243637141147,8.668061370167651,43.19210044949482,-12.62477127557641,85.7888498295287,21.827721675453905,18.739568968401755
0.2804062036483115,-13.518880989607263,4.618773756454686,23.221566841816074,-1.100957905301732,-10.459905513258562,-10.735131597279986,3.6218519139439485,3.060692844741866,19.963283458702055,21.827721675453905,71.44898888966203,35.18859623016424
-0.7865223461396651,1.4586241195436815,6.217469495339325,5.538645088100338,-4.685459345592747,22.020764630962024,-24.110593955576228,-5.721548127176876,14.337045863952678,-0.16547871485171126,18.739568968401755,35.18859623016424,61.78405621429141
