0.35789564737622626,-1.2838771651625867,-0.9915054467345701,-0.2665532341629998,0.13078459445089946,-0.8122331921294288,-0.6023629969115224,-0.8354542219876182,-0.5751331333106293,0.19615499469207767,-0.6281465157782516,0.1376143687278643,-0.02046980040086832
-1.2838771651625867,47.294841410654605,-0.8815494911274814,-32.16182622549859,49.02867167163163,-40.515161574156195,23.42300086053814,-12.49060501364463,7.965672352477623,-23.5099670613466,20.818196832796087,-11.505534530412758,0.006364179666983283
-0.9915054467345701,-0.8815494911274814,19.525850658985902,17.29386799715491,-24.091312556658913,33.95573501609379,-15.43035453069979,3.662723469471955,0.14220658083342672,1.234917501567241,-7.97738722927696,5.011469354710468,4.318097621587189
-0.2665532341629998,-32.16182622549859,17.29386799715491,55.04184301929374,-26.447395957080207,44.26497126404629,-8.378651662409876,15.339302957179045,-8.974703023662931,23.729178145182043,-18.33444909501072,10.317696723639031,-2.3024055587891574
0.13078459445089946,49.02867167163163,-24.091312556658913,-26.447395957080207,159.65971408740495,-92.99637913182933,74.23827844842336,6.7429111597225155,19.71056465402544,-19.437236383007896,35.872588043416975,-18.571613845169338,-22.274504039113506
-0.8122331921294288,-40.515161574156195,33.95573501609379,44.26497126404629,-92.99637913182933,167.07772654243826,-41.6707941046286,22.287404085122617,28.863993828254188,22.376270087647903,-20.207088241110522,6.607388816554536,13.436872191013046
-0.6023629969115224,23.42300086053814,-15.43035453069979,-8.378651662409876,74.23827844842336,-41.6707941046286,101.04064149281996,32.6961799289464,6.492906032122978,34.416426197167766,18.10580842391471,-12.394296434441072,-14.257956051420104
-0.8354542219876182,-12.49060501364463,3.662723469471955,15.339302957179045,6.7429111597225155,22.287404085122617,32.6961799289464,73.76540384929476,43.45719596839618,26.1331247726338,8.911080422848253,1.23157136687712,-6.59902010365445
-0.5751331333106293,7.965672352477623,0.14220658083342672,-8.974703023662931,19.71056465402544,28.863993828254188,6.492906032122978,43.45719596839618,106.34288914642964,9.330957508560997,19.61876565997807,5.874841342005887,4.572923404861688
0.19615499469207767,-23.5099670613466,1.234917501567241,23.729178145182043,-19.437236383007896,22.376270087647903,34.416426197167766,26.1331247726338,9.330957508560997,108.89692526231258,20.502433270870608,25.30392417770022,11.336820225735202
-0.6281465157782516,20.818196832796087,-7.97738722927696,-18.33444909501072,35.872588043416975,-20.207088241110522,18.10580842391471,8.911080422848253,19.61876565997807,20.502433270870608,92.13586019443187,32.87851801383556,26.64668290219362
0.1376143687278643,-11.505534530412758,5.011469354710468,10.317696723639031,-18.571613845169338,6.607388816554536,-12.394296434441072,1.23157136687712,5.874841342005887,25.30392417770022,32.87851801383556,86.138685499459,47.67599066811489
-0.02046980040086832,0.006364179666983283,4.318097621587189,-2.3024055587891574,-22.274504039113506,13.436872191013046,-14.257956051420104,-6.59902010365445,4.572923404861688,11.336820225735202,26.64668290219362,47.67599066811489,64.0875778722548
