0.732695005986176,-1.7687886571919904,-2.582256401874118,-1.5236150591649584,0.9028485149044366,-2.143204587192212,-0.9430086380482479,-0.5261360591151407,-0.3645338144169039,-2.505788780663572,-1.5647959375349447,-0.3119570418072422,-0.11891021862862237
-1.7687886571919904,60.69638913279876,12.264263361475848,-47.24903308660722,43.45960166362749,-31.13012338612714,31.54649421133334,-12.276798788050606,23.167601046228153,-34.678376377311146,29.81407102955045,-3.7242097674068,0.9798885587981234
-2.582256401874118,12.264263361475848,38.736060557115145,15.417812467587373,-62.58495334669889,47.60518792887386,17.71726695836591,6.498302133451729,-21.15720837637663,22.462198080017462,-5.601507460696966,-6.01438674404129,16.12531517910186
-1.5236150591649584,-47.24903308660722,15.417812467587373,80.47537289664399,-42.24864274116246,55.65933192585353,-17.0366584170517,21.776987313129773,-24.936502470960672,54.29597090557377,-24.805689735610763,4.331111751153424,-0.6979496574256231
0.9028485149044366,43.45960166362749,-62.58495334669889,-42.24864274116246,288.2027034042534,-119.1461191395094,-6.266088182408025,-8.963349314315833,110.60760820666135,-81.29607810757393,55.65445132730045,18.437809810264305,-56.1280625490371
-2.143204587192212,-31.13012338612714,47.60518792887386,55.65933192585353,-119.1461191395094,144.0987219385554,30.804528892784138,23.756597890813648,-38.841122687532575,71.77409715529487,-29.588081127559345,-22.327857641319863,20.97355560530854
-0.9430086380482479,31.54649421133334,17.71726695836591,-17.0366584170517,-6.266088182408025,30.804528892784138,93.01148256833454,33.51073532942963,9.078859812949144,-0.24451953060897846,9.362858488157347,-16.603273328134193,0.09402597081138041
-0.5261360591151407,-12.276798788050606,6.498302133451729,21.776987313129773,-8.963349314315833,23.756597890813648,33.51073532942963,73.59919899952911,27.64989550515756,15.703828410522883,-1.72098046406797,5.06419067788779,-10.984832743493588
-0.3645338144169039,23.167601046228153,-21.15720837637663,-24.936502470960672,110.60760820666135,-38.841122687532575,9.078859812949144,27.64989550515756,103.58404012510931,2.4491503094360616,37.720955713257574,9.90346482603324,-12.30440611684802
-2.505788780663572,-34.678376377311146,22.462198080017462,54.29597090557377,-81.29607810757393,71.77409715529487,-0.24451953060897846,15.703828410522883,2.4491503094360616,125.38571717549705,12.047990142025798,8.628484618263695,22.13957350485588
-1.5647959375349447,29.81407102955045,-5.601507460696966,-24.805689735610763,55.65445132730045,-29.588081127559345,9.362858488157347,-1.72098046406797,37.720955713257574,12.047990142025798,85.46526500668404,40.80022080095569,9.821760833197652
-0.3119570418072422,-3.7242097674068,-6.01438674404129,4.331111751153424,18.437809810264305,-22.327857641319863,-16.603273328134193,5.06419067788779,9.90346482603324,8.628484618263695,40.80022080095569,68.01391678510424,34.34075260883346
-0.11891021862862237,0.9798885587981234,16.12531517910186,-0.6979496574256231,-56.1280625490371,20.97355560530854,0.09402597081138041,-10.984832743493588,-12.30440611684802,22.13957350485588,9.821760833197652,34.34075260883346,80.23737026121873
