0.3683862512494304,-1.1446270513359134,-1.1290109377925146,-0.03665189313142994,0.6275152609533053,-1.7858581761323946,-0.14080480709264,-0.3086807816338504,-0.7724400509930444,0.5056956643337663,0.11271669459192515,-0.32428279744909666,-0.32470066878815035
-1.1446270513359134,57.14008724138054,6.30047067914774,-44.46290444283383,42.33409584811871,-46.556326363124654,7.477818637229563,-24.5989185996925,7.865662870748148,-42.29108135148994,11.537589657170967,1.1932966316023765,-3.793850239913067
-1.1290109377925146,6.30047067914774,22.249839882832525,15.884606913944975,-27.747876709312518,19.489130193499367,-17.540194738524512,-5.0778336000597974,-13.898721938323803,0.08126387383384501,-11.341597275768956,2.5856347299466775,9.119085077655278
-0.03665189313142994,-44.46290444283383,15.884606913944975,73.42267534245099,-40.10459561427008,51.07756736567924,-5.0996109088028145,18.583503424065253,-21.161242005875085,47.197739738864826,-15.821730766693266,-0.4427145799893176,9.576513857376078
0.6275152609533053,42.33409584811871,-27.747876709312518,-40.10459561427008,183.24310773972348,-68.35326127044003,60.8953309784349,8.97793736550652,65.98584220271219,-36.850017939972105,47.058963665706315,4.322831309460526,-25.262647088877102
-1.7858581761323946,-46.556326363124654,19.489130193499367,51.07756736567924,-68.35326127044003,142.48372616953088,-5.201413725530286,31.902542392828014,8.907270560495611,38.61695659324627,-21.256800290061822,-5.444567329781746,17.069921950579147
-0.14080480709264,7.477818637229563,-17.540194738524512,-5.0996109088028145,60.8953309784349,-5.201413725530286,84.69667864484316,43.91541791821836,32.83823672998292,22.35324789126847,16.50178597325261,-2.4995093740357093,-17.43030344488957
-0.3086807816338504,-24.5989185996925,-5.0778336000597974,18.583503424065253,8.97793736550652,31.902542392828014,43.91541791821836,82.69019925191516,49.63220255045246,39.17857904476494,18.334099144097774,6.044217377933572,-10.21184939000457
-0.7724400509930444,7.865662870748148,-13.898721938323803,-21.161242005875085,65.98584220271219,8.907270560495611,32.83823672998292,49.63220255045246,112.7448692214042,12.996536493669362,42.38320408151367,12.440296081703476,-3.286524938628901
0.5056956643337663,-42.29108135148994,0.08126387383384501,47.197739738864826,-36.850017939972105,38.61695659324627,22.35324789126847,39.17857904476494,12.996536493669362,115.41312017936312,20.769086393498576,10.49552448272187,5.5982621950989735
0.11271669459192515,11.537589657170967,-11.341597275768956,-15.821730766693266,47.058963665706315,-21.256800290061822,16.50178597325261,18.334099144097774,42.38320408151367,20.769086393498576,75.4775892938912,33.12771103535061,8.629650013608483
-0.32428279744909666,1.1932966316023765,2.5856347299466775,-0.4427145799893176,4.322831309460526,-5.444567329781746,-2.4995093740357093,6.044217377933572,12.440296081703476,10.49552448272187,33.12771103535061,59.5435587353971,37.47571537852968
-0.32470066878815035,-3.793850239913067,9.119085077655278,9.576513857376078,-25.262647088877102,17.069921950579147,-17.43030344488957,-10.21184939000457,-3.286524938628901,5.5982621950989735,8.629650013608483,37.47571537852968,63.33261909814471
