1.3716361938947916,-7.778851027848537,-4.986906602834427,3.638358850125829,4.574372021863968,-7.362052353830394,3.1233070770237896,1.8143202645111909,-4.519991381219288,5.290188022792344,-1.7664219763740754,0.34160208319996477,-3.6501253195892494
-7.778851027848537,108.44843911022203,32.57815010092216,-76.52820056166351,5.780140854900631,22.633074190805385,-17.850216398099057,-44.39793365086481,44.93192771724032,-67.86404840523272,33.38068789419572,-25.14245135923601,16.20630720666184
-4.986906602834427,32.57815010092216,44.16158383771633,3.930983726884107,-48.534745338049724,58.91576569150957,-28.560670582377313,-9.19626558991428,11.946682464202851,-18.08602262848549,0.7509561170486748,1.0675746576097436,12.063557147341445
3.638358850125829,-76.52820056166351,3.930983726884107,105.961739053281,8.5726313230036,-7.219976078060016,23.737275004663708,45.57064297640984,-41.61587326641532,68.48045529843498,-26.207447036958637,26.544473599620687,-15.789577033481027
4.574372021863968,5.780140854900631,-48.534745338049724,8.5726313230036,211.88360234070933,-119.36366139391822,88.0746741567026,18.574000721643667,-0.6996238223491973,27.55839234671054,28.96875672510435,-6.805903037312088,-24.431418959036925
-7.362052353830394,22.633074190805385,58.91576569150957,-7.219976078060016,-119.36366139391822,245.72460254090174,-82.75159340869979,-20.12932410700169,90.19566274398258,-47.367399895060935,7.2669736293848795,0.7045303886002311,50.98459731194769
3.1233070770237896,-17.850216398099057,-28.560670582377313,23.737275004663708,88.0746741567026,-82.75159340869979,146.177783994542,69.8382446642795,-37.45557524712128,72.17692879995074,-10.904569231550271,5.7025273769452,-20.063791765418753
1.8143202645111909,-44.39793365086481,-9.19626558991428,45.57064297640984,18.574000721643667,-20.12932410700169,69.8382446642795,108.89809023591273,12.00375215306337,52.88257951660338,-0.15813347679532808,22.461757679271003,-1.3931357144479437
-4.519991381219288,44.93192771724032,11.946682464202851,-41.61587326641532,-0.6996238223491973,90.19566274398258,-37.45557524712128,12.00375215306337,147.82890034908522,-33.707049213054724,47.455050681485474,6.589877814302179,40.02888572022607
5.290188022792344,-67.86404840523272,-18.08602262848549,68.48045529843498,27.55839234671054,-47.367399895060935,72.17692879995074,52.88257951660338,-33.707049213054724,160.90693712849736,-14.248012137882021,28.491532756785812,-15.115628417535476
-1.7664219763740754,33.38068789419572,0.7509561170486748,-26.207447036958637,28.96875672510435,7.2669736293848795,-10.904569231550271,-0.15813347679532808,47.455050681485474,-14.248012137882021,96.39910377046016,21.638630311686573,22.14637445524746
0.34160208319996477,-25.14245135923601,1.0675746576097436,26.544473599620687,-6.805903037312088,0.7045303886002311,5.7025273769452,22.461757679271003,6.589877814302179,28.491532756785812,21.638630311686573,79.36240751116539,39.22607099126871
-3.6501253195892494,16.20630720666184,12.063557147341445,-15.789577033481027,-24.431418959036925,50.98459731194769,-20.063791765418753,-1.3931357144479437,40.02888572022607,-15.115628417535476,22.14637445524746,39.22607099126871,80.1611439007161
