0.477850335342981,-1.4848994860327451,-2.2297125991708757,-0.9869422605412472,1.7304851371858594,-2.0090180429448,-1.1075555901345362,-0.6250004335213666,0.3975461908100923,-0.8799161087549702,0.5563036122996122,0.6865316030698042,-0.31688719580018393
-1.4848994860327451,53.24256605459717,4.9898576038535225,-42.83732691938976,60.88543294221324,-36.79127191029008,23.346535593323555,-9.551087563688212,33.322650498892315,-34.66215656136374,20.6725732228768,-1.2743861002363033,-3.1064680011969497
-2.2297125991708757,4.9898576038535225,26.18341884962485,19.346782133120684,-33.003005450839225,33.06207923148711,2.906147686635947,9.397788350149002,-6.540098757597635,18.42037671274745,-11.21728278016104,-2.8430450227871753,10.460865930299553
-0.9869422605412472,-42.83732691938976,19.346782133120684,75.75165552610149,-66.1950675570814,58.375953468994005,-5.070139365527439,25.19533823361021,-39.36904007364282,49.57497276202915,-20.663348672333704,-1.5923962813112895,1.2375762241368704
1.7304851371858594,60.88543294221324,-33.003005450839225,-66.1950675570814,191.1575361783956,-88.04851077096059,32.31897002090236,-16.237270630351283,66.68855121139244,-80.53963009903164,54.58684327278138,10.470354060937897,-32.05251264803148
-2.0090180429448,-36.79127191029008,33.06207923148711,58.375953468994005,-88.04851077096059,112.67618649488784,0.9355486543318713,21.20130332690683,-28.624368998109624,58.63843753445892,-28.996805461849956,-7.2220032579845554,24.86413505843772
-1.1075555901345362,23.346535593323555,2.906147686635947,-5.070139365527439,32.31897002090236,0.9355486543318713,53.445941001485984,20.205285764065646,19.748632700983507,0.6004045268386579,10.18339879513658,-3.361693936676833,-2.747885073512402
-0.6250004335213666,-9.551087563688212,9.397788350149002,25.19533823361021,-16.237270630351283,21.20130332690683,20.205285764065646,57.23599210783442,14.179348625235,20.541368761749048,6.68520994060389,3.2452849794943086,-9.144696611251872
0.3975461908100923,33.322650498892315,-6.540098757597635,-39.36904007364282,66.68855121139244,-28.624368998109624,19.748632700983507,14.179348625235,77.54895741999277,-5.357454285944511,32.39991207936541,6.851609611775126,3.4437004269679865
-0.8799161087549702,-34.66215656136374,18.42037671274745,49.57497276202915,-80.53963009903164,58.63843753445892,0.6004045268386579,20.541368761749048,-5.357454285944511,99.02237563161776,1.8106460146892176,9.177119299841873,23.7701202044705
0.5563036122996122,20.6725732228768,-11.21728278016104,-20.663348672333704,54.58684327278138,-28.996805461849956,10.18339879513658,6.68520994060389,32.39991207936541,1.8106460146892176,74.68665622154118,34.79933735171345,0.9238711625645496
0.6865316030698042,-1.2743861002363033,-2.8430450227871753,-1.5923962813112895,10.470354060937897,-7.2220032579845554,-3.361693936676833,3.2452849794943086,6.851609611775126,9.177119299841873,34.79933735171345,55.74086050509442,32.42194724247857
-0.31688719580018393,-3.1064680011969497,10.460865930299553,1.2375762241368704,-32.05251264803148,24.86413505843772,-2.747885073512402,-9.144696611251872,3.4437004269679865,23.7701202044705,0.9238711625645496,32.42194724247857,70.92871456935613
