1.3486893440435868,-2.735836058569194,-3.8425607094109044,-1.877896337006765,2.7624234727813923,-1.8239942915014726,-0.35883102661980987,-0.7932326923781765,0.8144585549610462,-0.855232447956214,0.04261487744473262,0.21300015467267958,-1.0227741018396008
-2.735836058569194,82.83801744041872,33.09269953076273,-43.42225756136065,15.842990821835429,-45.80109683531892,15.105356266898205,-15.585205452507003,6.27317918064209,-40.932579503213994,12.578578077949123,-15.51496984696244,-0.8892535548609137
-3.8425607094109044,33.09269953076273,61.55452967412064,27.514058471876492,-76.98859904919314,27.677448583708845,-18.400363151254165,-8.220139886443596,-33.91699293450513,11.373812576810824,-20.69125756339641,-8.555680883273544,18.88573612792183
-1.877896337006765,-43.42225756136065,27.514058471876492,90.11782770343748,-42.23741848668305,64.06334869264789,-15.294573215520039,15.688138597637897,-26.828082139759772,50.823258025263485,-23.040532304741376,10.74620145644617,13.728680226349832
2.7624234727813923,15.842990821835429,-76.98859904919314,-42.23741848668305,293.800906982619,-71.62592654945527,68.29775022567287,31.84850336386877,112.73725240707522,-61.25198925654118,76.02683819993892,22.247066136952505,-44.49345370432167
-1.8239942915014726,-45.80109683531892,27.677448583708845,64.06334869264789,-71.62592654945527,143.133092990412,11.3487600772601,31.651564658346754,-9.304254300545038,67.3732793028219,-18.538009518200834,-3.2762415273816,21.23146796946698
-0.35883102661980987,15.105356266898205,-18.400363151254165,-15.294573215520039,68.29775022567287,11.3487600772601,89.56191566601036,46.979473983496966,44.83832552582377,7.184894952059824,22.58965364464427,-1.5974742048418857,-9.232434553811938
-0.7932326923781765,-15.585205452507003,-8.220139886443596,15.688138597637897,31.84850336386877,31.651564658346754,46.979473983496966,85.67684729935115,53.32770770165009,20.80283449939149,12.177812356988841,12.304392395465621,-6.355640744068206
0.8144585549610462,6.27317918064209,-33.91699293450513,-26.828082139759772,112.73725240707522,-9.304254300545038,44.83832552582377,53.32770770165009,109.18972356923987,7.565475753663556,46.44502087080703,11.485877804717854,-10.006044393916262
-0.855232447956214,-40.932579503213994,11.373812576810824,50.823258025263485,-61.25198925654118,67.3732793028219,7.184894952059824,20.80283449939149,7.565475753663556,110.54910414285042,9.11582656491725,14.255324361150437,21.879687859846204
0.04261487744473262,12.578578077949123,-20.69125756339641,-23.040532304741376,76.02683819993892,-18.538009518200834,22.58965364464427,12.177812356988841,46.44502087080703,9.11582656491725,83.27152790152573,35.754300342255206,7.664840385123223
0.21300015467267958,-15.51496984696244,-8.555680883273544,10.74620145644617,22.247066136952505,-3.2762415273816,-1.5974742048418857,12.304392395465621,11.485877804717854,14.255324361150437,35.754300342255206,67.77837205218057,32.84182756567021
-1.0227741018396008,-0.8892535548609137,18.88573612792183,13.728680226349832,-44.49345370432167,21.23146796946698,-9.232434553811938,-6.355640744068206,-10.006044393916262,21.879687859846204,7.664840385123223,32.84182756567021,63.95650731131027
