1.505445861229837,-2.3564904298198757,-4.131284613888717,-3.8959123334838703,-0.28595493814989964,-2.807196407278586,-1.651513813375997,-3.0767945235035565,-1.0093651472782228,-1.854016511254482,-0.4694023976996213,-0.015287335029909364,-0.2381791228444838
-2.3564904298198757,64.37282983273259,15.227200975897428,-41.536220591495315,39.53628448826652,-39.21779142115332,24.904527495708894,-3.074755991206558,15.322819361529584,-37.89749610002842,22.58415006448856,-8.340137592887876,-5.8864992614440705
-4.131284613888717,15.227200975897428,40.95562813875285,30.25509090375702,-38.50275513308589,37.253699199092246,-1.9175295423456895,10.792056639545104,-13.50306941574102,16.06068788868838,-11.008942673566573,-1.2603373832435965,8.666646351551181
-3.8959123334838703,-41.536220591495315,30.25509090375702,95.39871408600943,-29.670932294156934,71.30897761343995,-11.637255163206584,17.939368699636056,-18.25471970070748,54.38621626797358,-24.479350899402025,11.683796297210437,14.354919599552693
-0.28595493814989964,39.53628448826652,-38.50275513308589,-29.670932294156934,246.11337756920173,-73.94571028832652,38.332343833299404,-2.291188268173456,81.28124115671724,-61.82508476748344,65.21135635985146,19.933671912147695,-16.567446848967652
-2.807196407278586,-39.21779142115332,37.253699199092246,71.30897761343995,-73.94571028832652,144.82011781071583,16.868944721710058,37.03595493518909,-16.051689194197834,65.65379032630429,-20.250038663726794,4.110618996592346,23.04255744962012
-1.651513813375997,24.904527495708894,-1.9175295423456895,-11.637255163206584,38.332343833299404,16.868944721710058,87.91785558602578,47.766972691916926,28.980738802803234,5.983960743939779,18.78934213833148,-2.2956832027230027,-6.115974841035922
-3.0767945235035565,-3.074755991206558,10.792056639545104,17.939368699636056,-2.291188268173456,37.03595493518909,47.766972691916926,89.05769886981089,46.52299145911738,26.773624616295816,6.962459350505194,5.123964334537279,-5.6778702817291435
-1.0093651472782228,15.322819361529584,-13.50306941574102,-18.25471970070748,81.28124115671724,-16.051689194197834,28.980738802803234,46.52299145911738,98.48282399515772,13.573582019891731,38.20452110014365,9.414426247051907,-0.346230865691764
-1.854016511254482,-37.89749610002842,16.06068788868838,54.38621626797358,-61.82508476748344,65.65379032630429,5.983960743939779,26.773624616295816,13.573582019891731,111.32822842712518,9.177854815472063,17.5896577312247,21.653488764886855
-0.4694023976996213,22.58415006448856,-11.008942673566573,-24.479350899402025,65.21135635985146,-20.250038663726794,18.78934213833148,6.962459350505194,38.20452110014365,9.177854815472063,86.74380845303548,37.00398766184826,12.526141639201695
-0.015287335029909364,-8.340137592887876,-1.2603373832435965,11.683796297210437,19.933671912147695,4.110618996592346,-2.2956832027230027,5.123964334537279,9.414426247051907,17.5896577312247,37.00398766184826,66.04966417966594,35.74119432772237
-0.2381791228444838,-5.8864992614440705,8.666646351551181,14.354919599552693,-16.567446848967652,23.04255744962012,-6.115974841035922,-5.6778702817291435,-0.346230865691764,21.653488764886855,12.526141639201695,35.74119432772237,60.14323334906653
