0.48738594326003504,-1.227195929742853,-1.322184620872599,-0.12819780837915784,1.6470209317427158,-0.07537854433400666,-0.13862856889391545,-0.5482735534197072,-0.05037843180717921,-0.5323103624358541,-0.23335227479464957,-0.23027766595266524,-0.5051905871789756
-1.227195929742853,52.46164502746253,5.3473419319643165,-40.16610960610115,48.17041154779538,-44.368748557340716,19.928172163956418,-6.04852405511587,23.934639844018317,-30.728647409853448,21.18585645203291,0.5617993519864616,-1.6158439216936271
-1.322184620872599,5.3473419319643165,24.487169307789273,17.172905811347242,-32.27440449419928,26.0446649012025,-6.047720536274763,7.978323707648083,-4.9988516196063895,13.43465932407843,-8.622804250199723,4.0912769654091585,12.123337147264834
-0.12819780837915784,-40.16610960610115,17.172905811347242,69.70840347003748,-43.191952404136515,54.857781548080865,-8.86232120607754,15.032604289106494,-23.18645434027447,41.97863509576661,-20.97628788830859,3.9627461768895293,7.378004201432857
1.6470209317427158,48.17041154779538,-32.27440449419928,-43.191952404136515,198.5356382718135,-72.71609132968537,50.40920238281793,-5.161213483995376,55.683556245921665,-60.786585667762964,52.84585696818928,2.571362044190023,-33.56508973881659
-0.07537854433400666,-44.368748557340716,26.0446649012025,54.857781548080865,-72.71609132968537,146.45585254685562,6.580829941515505,19.673709058175742,-16.084494126310876,57.55133773092985,-26.02720826113265,-4.991322173055015,27.986564592294908
-0.13862856889391545,19.928172163956418,-6.047720536274763,-8.86232120607754,50.40920238281793,6.580829941515505,76.85334762924583,31.182521849661214,24.848354335361176,-2.0769817489295006,8.612461642966128,-0.9371790461977683,-5.0162312662843735
-0.5482735534197072,-6.04852405511587,7.978323707648083,15.032604289106494,-5.161213483995376,19.673709058175742,31.182521849661214,70.2169978008524,30.64815308145286,9.617240393382595,-0.6965806455872655,6.827525458593215,-5.273269995584732
-0.05037843180717921,23.934639844018317,-4.9988516196063895,-23.18645434027447,55.683556245921665,-16.084494126310876,24.848354335361176,30.64815308145286,75.40506337615743,8.380363106788884,32.648092480766344,6.149773228888902,-0.5675038861520811
-0.5323103624358541,-30.728647409853448,13.43465932407843,41.97863509576661,-60.786585667762964,57.55133773092985,-2.0769817489295006,9.617240393382595,8.380363106788884,105.75864388690893,13.084807539410743,15.660617551117536,26.239934730447803
-0.23335227479464957,21.18585645203291,-8.622804250199723,-20.97628788830859,52.84585696818928,-26.02720826113265,8.612461642966128,-0.6965806455872655,32.648092480766344,13.084807539410743,79.9346015902524,34.0368080783851,12.590992748328283
-0.23027766595266524,0.5617993519864616,4.0912769654091585,3.9627461768895293,2.571362044190023,-4.991322173055015,-0.9371790461977683,6.827525458593215,6.149773228888902,15.660617551117536,34.0368080783851,61.191868183196604,36.02724583820883
-0.5051905871789756,-1.6158439216936271,12.123337147264834,7.378004201432857,-33.56508973881659,27.986564592294908,-5.0162312662843735,-5.273269995584732,-0.5675038861520811,26.239934730447803,12.590992748328283,36.02724583820883,65.78336575688859
