0.3253918473538129,-1.04479610426886,-1.3286240909471079,-0.8421753284629544,0.4846209405837626,-0.6710486056525109,-0.4614205798447824,-0.7786559049999674,-0.13343938766161673,-0.8276778436005281,-0.6560446009612054,-0.22392800087099446,-0.041761275499986955
-1.04479610426886,50.18728438482507,2.5365089859879166,-36.906427385849646,58.49494077596952,-47.8846112427382,12.466058859348225,-11.829045121674275,21.740665024698078,-32.27379886949789,27.980173612400975,-2.344121496133574,-6.693279569456497
-1.3286240909471079,2.5365089859879166,20.841457887157986,20.60767298819007,-23.542246364559393,17.562889878569507,-12.68108152833247,1.9143452075519645,-8.131231060085069,14.685589923254856,-3.270845341034454,3.736938367570788,5.172260881118969
-0.8421753284629544,-36.906427385849646,20.60767298819007,66.93201803691495,-57.02089724428115,47.593373866399794,-11.044194554471096,17.633612876194395,-24.78203931294061,42.32580189704954,-24.124149293888664,7.255877368532533,9.028660684240732
0.4846209405837626,58.49494077596952,-23.542246364559393,-57.02089724428115,164.20641364226884,-74.39866105691839,52.66505721821923,8.47671788507784,56.879555557525556,-69.08572412449396,47.82414386790332,0.2548606651823389,-24.79998702244661
-0.6710486056525109,-47.8846112427382,17.562889878569507,47.593373866399794,-74.39866105691839,138.58827357802764,15.047852953808903,21.29441738877889,-19.20528297410959,58.6621016670926,-26.088447305234766,-9.65624760364057,13.63431490816135
-0.4614205798447824,12.466058859348225,-12.68108152833247,-11.044194554471096,52.66505721821923,15.047852953808903,75.57133916171752,29.795322115748807,25.879508742303095,0.9495218139745825,10.32966967865551,-9.349978202305373,-12.184369414389002
-0.7786559049999674,-11.829045121674275,1.9143452075519645,17.633612876194395,8.47671788507784,21.29441738877889,29.795322115748807,65.63215365591765,32.84955080141559,14.251346235745796,2.1115824125069733,7.4773594541771455,-5.469820458882585
-0.13343938766161673,21.740665024698078,-8.131231060085069,-24.78203931294061,56.879555557525556,-19.20528297410959,25.879508742303095,32.84955080141559,73.61544497921574,2.450091000116862,33.796562173665,11.67840876295446,3.362808493858179
-0.8276778436005281,-32.27379886949789,14.685589923254856,42.32580189704954,-69.08572412449396,58.6621016670926,0.9495218139745825,14.251346235745796,2.450091000116862,96.49652813714029,8.727797331668356,22.324741559233146,26.321984534019784
-0.6560446009612054,27.980173612400975,-3.270845341034454,-24.124149293888664,47.82414386790332,-26.088447305234766,10.32966967865551,2.1115824125069733,33.796562173665,8.727797331668356,81.6765579744474,35.25901420929544,15.76672610369515
-0.22392800087099446,-2.344121496133574,3.736938367570788,7.255877368532533,0.2548606651823389,-9.65624760364057,-9.349978202305373,7.4773594541771455,11.67840876295446,22.324741559233146,35.25901420929544,62.469288310374814,38.04314847250854
-0.041761275499986955,-6.693279569456497,5.172260881118969,9.028660684240732,-24.79998702244661,13.63431490816135,-12.184369414389002,-5.469820458882585,3.362808493858179,26.321984534019784,15.76672610369515,38.04314847250854,60.91081232203997
