0.2962345408057285,-1.2463389753502645,-1.138998145990286,0.28048150637691277,1.5636511896625278,-1.244112997176223,-0.18798774288105402,0.5077218758820187,0.7140426851322691,0.08506461489845048,-0.2510611527443658,-0.008034053728262644,-0.1525116161084125
-1.2463389753502645,55.55784481375045,3.9477905927616974,-44.47310490295686,52.521430085365495,-44.33402596018059,18.679692734827206,-16.79643450031997,19.87268798063326,-38.09255008562455,17.483017637524732,-5.932196592378125,-10.617360485215178
-1.138998145990286,3.9477905927616974,21.474584209844906,14.723908293510496,-30.344599999121822,27.109877868534344,-10.763592980721278,-1.043925824169361,-10.73388877714287,8.406348452278365,-10.623652465541273,-2.923990962299326,4.844342380067365
0.28048150637691277,-44.47310490295686,14.723908293510496,66.81975768158769,-52.4732374895867,55.14893175136406,-12.221246138972452,14.12249084169733,-28.86129191027371,43.97742419889637,-20.280401404741323,3.5464411480547127,11.100799253587578
1.5636511896625278,52.521430085365495,-30.344599999121822,-52.4732374895867,179.16002721711462,-83.68190800510148,49.991941778060585,-4.033392991337058,56.897290980137214,-57.628800661791495,50.8624662612122,8.329399178983463,-24.046776357782903
-1.244112997176223,-44.33402596018059,27.109877868534344,55.14893175136406,-83.68190800510148,130.1376938366436,-7.296073266994139,25.49540207206658,-15.140594770642181,47.99330187566473,-25.381015428408315,-5.122548119557592,24.006739293923427
-0.18798774288105402,18.679692734827206,-10.763592980721278,-12.221246138972452,49.991941778060585,-7.296073266994139,70.61314158224714,26.684291059656147,21.955196399234573,0.7689114468346919,11.537858729079316,-2.58641549131831,-9.634205282230509
0.5077218758820187,-16.79643450031997,-1.043925824169361,14.12249084169733,-4.033392991337058,25.49540207206658,26.684291059656147,63.33625105151865,28.082285010557108,20.521097419839602,4.935789451007056,3.8754959748037185,-4.496459668360143
0.7140426851322691,19.87268798063326,-10.73388877714287,-28.86129191027371,56.897290980137214,-15.140594770642181,21.955196399234573,28.082285010557108,82.24232561026412,6.090424944954346,32.5093891972651,8.989021030160247,1.5092660161125062
0.08506461489845048,-38.09255008562455,8.406348452278365,43.97742419889637,-57.628800661791495,47.99330187566473,0.7689114468346919,20.521097419839602,6.090424944954346,98.63944918988281,10.959987117460466,22.310197758898504,24.81125123385648
-0.2510611527443658,17.483017637524732,-10.623652465541273,-20.280401404741323,50.8624662612122,-25.381015428408315,11.537858729079316,4.935789451007056,32.5093891972651,10.959987117460466,83.70107255329799,41.94962082846714,14.73424865524234
-0.008034053728262644,-5.932196592378125,-2.923990962299326,3.5464411480547127,8.329399178983463,-5.122548119557592,-2.58641549131831,3.8754959748037185,8.989021030160247,22.310197758898504,41.94962082846714,66.03306045407638,37.95927586001693
-0.1525116161084125,-10.617360485215178,4.844342380067365,11.100799253587578,-24.046776357782903,24.006739293923427,-9.634205282230509,-4.496459668360143,1.5092660161125062,24.81125123385648,14.73424865524234,37.95927586001693,59.604042413087235
