0.8902389507710948,-3.53595364832411,-5.928580695813583,-2.5967271048948977,3.9214174629701093,-6.66666124196606,-4.430227120833362,-1.2626185397346656,0.3550503261359143,-4.425751711289258,-2.4564023853691315,0.8442372769017674,-1.4083998972223555
-3.53595364832411,67.59316565702693,27.82368321704047,-43.8363515828575,34.88472180347951,-4.605553719011288,39.83052273268224,-16.96523726798902,27.82752668439244,-19.622177687554732,37.45679734940643,-10.084741738465409,6.611183584263178
-5.928580695813583,27.82368321704047,59.88867138389644,25.84399263115458,-60.5265935508077,72.65222883494391,36.75360176183145,4.639024180330166,-16.89562566158486,46.167726763603156,16.277532486503926,-12.453242213855273,13.884027234342222
-2.5967271048948977,-43.8363515828575,25.84399263115458,89.22464838493235,-61.7523144594069,65.83841241749838,-0.4812987497048586,36.64651849177943,-33.08787955367058,65.86824976264562,-22.80737702462405,3.9630104032199625,4.1025655376855195
3.9214174629701093,34.88472180347951,-60.5265935508077,-61.7523144594069,212.20365488987517,-112.2664451446849,-4.736105313511969,6.379375318102513,91.88103458369213,-97.93329580630791,25.860495596616826,23.760321122348554,-18.024336604372994
-6.66666124196606,-4.605553719011288,72.65222883494391,65.83841241749838,-112.2664451446849,144.5013384688504,43.74719045356379,22.106716612821778,-35.73734105978931,86.92578540790178,6.299808857910292,-15.27473455134969,24.142740231686993
-4.430227120833362,39.83052273268224,36.75360176183145,-0.4812987497048586,-4.736105313511969,43.74719045356379,72.24962280039695,12.037904414215834,6.51370732269163,25.686945671038142,31.052855923597917,-8.13419672499737,9.419438987833999
-1.2626185397346656,-16.96523726798902,4.639024180330166,36.64651849177943,6.379375318102513,22.106716612821778,12.037904414215834,60.326178025525586,25.61602729750607,27.06772628826893,2.8676640222349343,16.901133233767354,3.9130801276941622
0.3550503261359143,27.82752668439244,-16.89562566158486,-33.08787955367058,91.88103458369213,-35.73734105978931,6.51370732269163,25.61602729750607,89.54117450332177,-14.90232768870089,32.915585700901936,20.48618035636902,8.351805469560237
-4.425751711289258,-19.622177687554732,46.167726763603156,65.86824976264562,-97.93329580630791,86.92578540790178,25.686945671038142,27.06772628826893,-14.90232768870089,121.20913277566184,18.491880865401214,8.134050308847513,25.35493695342305
-2.4564023853691315,37.45679734940643,16.277532486503926,-22.80737702462405,25.860495596616826,6.299808857910292,31.052855923597917,2.8676640222349343,32.915585700901936,18.491880865401214,75.52550194241606,23.973437419808103,22.345952493207225
0.8442372769017674,-10.084741738465409,-12.453242213855273,3.9630104032199625,23.760321122348554,-15.27473455134969,-8.13419672499737,16.901133233767354,20.48618035636902,8.134050308847513,23.973437419808103,54.79160930464683,27.033185733789082
-1.4083998972223555,6.611183584263178,13.884027234342222,4.1025655376855195,-18.024336604372994,24.142740231686993,9.419438987833999,3.9130801276941622,8.351805469560237,25.35493695342305,22.345952493207225,27.033185733789082,48.785454778712555
