2.9061867960448393,-0.5717989967504366,-2.1047050785535086,-6.096134512372557,-7.251808267348426,-2.5793845080086872,1.082249176133894,-1.2227565246260643,0.045475076099567226,-1.1391804568655648,-3.135992350762663,-2.4729251277780087,0.5360011198653369
-0.5717989967504366,71.94901690376113,25.371305048821785,-43.29108191415788,27.617168874641433,-31.30189421473062,27.7066633474704,-5.863264010036083,23.172575422047707,-32.91530489828215,22.449371939023163,-1.5573640766846861,4.747856254725576
-2.1047050785535086,25.371305048821785,52.40445224320722,25.326194277371968,-62.388309842053765,38.36710491973919,9.326037998343702,14.405173131680922,-15.387982466807884,21.25797433689042,-10.577049309799133,-3.588601612272025,17.3901856129013
-6.096134512372557,-43.29108191415788,25.326194277371968,111.73277023594869,2.547811775849704,55.76131877177458,-21.527572314243482,29.80977527172661,-16.441329824966136,57.719256384524826,-10.289994913865089,20.431867630785874,8.060475611863163
-7.251808267348426,27.617168874641433,-62.388309842053765,2.547811775849704,354.2508493403112,-88.83087243636278,1.3916694017313487,-1.9280682606203725,108.39340087034321,-72.34708630374368,82.59302097404644,54.4958039979811,-33.07609835344593
-2.5793845080086872,-31.30189421473062,38.36710491973919,55.76131877177458,-88.83087243636278,154.01658154417046,36.03457006950115,30.209975883449527,-25.764476318837133,72.6202454457527,-20.956274649001998,-13.923733814581848,24.450158260000066
1.082249176133894,27.7066633474704,9.326037998343702,-21.527572314243482,1.3916694017313487,36.03457006950115,96.38579194126274,37.743488495116935,20.86437039828126,9.234258072803964,13.339392917059088,-13.855552523702716,3.289653511321536
-1.2227565246260643,-5.863264010036083,14.405173131680922,29.80977527172661,-1.9280682606203725,30.209975883449527,37.743488495116935,78.83044947098095,37.93525745004007,28.96071948328905,5.221474621533655,3.56792894701971,-3.269792456582987
0.045475076099567226,23.172575422047707,-15.387982466807884,-16.441329824966136,108.39340087034321,-25.764476318837133,20.86437039828126,37.93525745004007,99.32277772430969,4.251373622206476,41.15280293684983,14.731805461930731,-5.263079376100624
-1.1391804568655648,-32.91530489828215,21.25797433689042,57.719256384524826,-72.34708630374368,72.6202454457527,9.234258072803964,28.96071948328905,4.251373622206476,124.21683156935953,21.984413279906516,17.9815594579413,23.137812636285922
-3.135992350762663,22.449371939023163,-10.577049309799133,-10.289994913865089,82.59302097404644,-20.956274649001998,13.339392917059088,5.221474621533655,41.15280293684983,21.984413279906516,107.7849914806183,64.16902531411411,18.830293280656
-2.4729251277780087,-1.5573640766846861,-3.588601612272025,20.431867630785874,54.4958039979811,-13.923733814581848,-13.855552523702716,3.56792894701971,14.731805461930731,17.9815594579413,64.16902531411411,92.05764964246406,45.735839255668
0.5360011198653369,4.747856254725576,17.3901856129013,8.060475611863163,-33.07609835344593,24.450158260000066,3.289653511321536,-3.269792456582987,-5.263079376100624,23.137812636285922,18.830293280656,45.735839255668,77.84337231178846
