2.001697811295387,-4.487420444892888,-10.59069478081518,-7.218778297262568,12.808691456008349,-1.3844612662373863,-0.9411531749861846,-7.7527739715942525,1.147652640769978,-2.659987228569158,4.429565835607597,0.711720720513734,-3.457120238779742
-4.487420444892888,59.39097268252148,22.714639761121322,-31.12998219457983,34.93808275349204,-32.56560274283481,19.1564396131591,-0.014220586518453981,28.81338098698253,-30.76381859433592,16.60420984441641,-8.836952960903078,4.004546369341107
-10.59069478081518,22.714639761121322,73.09396062828431,56.264684828227836,-88.59031443101942,32.937723586778205,4.101548156964703,44.652793588871184,-13.120341359040228,31.14348766334777,-27.622372105173405,-6.005414499875159,23.78377541671674
-7.218778297262568,-31.12998219457983,56.264684828227836,108.18868741374068,-104.0025408757953,49.13738389449824,-6.863784931754376,62.406702393650285,-37.36593140574369,55.841852775381575,-40.8597810186192,12.218927333847171,16.68531036203829
12.808691456008349,34.93808275349204,-88.59031443101942,-104.0025408757953,254.11952403846078,-93.75841957004339,20.682360737192646,-45.24607531786564,78.5065768609342,-102.20913711286181,73.90061483135051,20.129257421106377,-41.02615381429049
-1.3844612662373863,-32.56560274283481,32.937723586778205,49.13738389449824,-93.75841957004339,128.18600720942564,15.285513316899477,7.9319849563649445,-28.829171073868746,77.32569221797235,-22.044542447651164,-20.940455377221387,24.13769881493567
-0.9411531749861846,19.1564396131591,4.101548156964703,-6.863784931754376,20.682360737192646,15.285513316899477,56.09011308733622,22.169414543533698,21.170962093304492,11.253527720536171,12.041504937335064,-6.849686231202307,0.7654558729328514
-7.7527739715942525,-0.014220586518453981,44.652793588871184,62.406702393650285,-45.24607531786564,7.9319849563649445,22.169414543533698,110.2832682224425,24.137566849407058,20.65686084419312,-12.864954114629668,22.872903841623963,7.259967611528108
1.147652640769978,28.81338098698253,-13.120341359040228,-37.36593140574369,78.5065768609342,-28.829171073868746,21.170962093304492,24.137566849407058,80.32912650526089,-12.9651383774004,36.127122067375446,12.179218838496721,1.988815634439572
-2.659987228569158,-30.76381859433592,31.14348766334777,55.841852775381575,-102.20913711286181,77.32569221797235,11.253527720536171,20.65686084419312,-12.9651383774004,114.27690299127318,-3.4774054828980607,3.8912046954477146,29.792060583648603
4.429565835607597,16.60420984441641,-27.622372105173405,-40.8597810186192,73.90061483135051,-22.044542447651164,12.041504937335064,-12.864954114629668,36.127122067375446,-3.4774054828980607,79.94058099759927,30.844101784706957,4.299383982078208
0.711720720513734,-8.836952960903078,-6.005414499875159,12.218927333847171,20.129257421106377,-20.940455377221387,-6.849686231202307,22.872903841623963,12.179218838496721,3.8912046954477146,30.844101784706957,63.17109097249198,22.144433627825784
-3.457120238779742,4.004546369341107,23.78377541671674,16.68531036203829,-41.02615381429049,24.13769881493567,0.7654558729328514,7.259967611528108,1.988815634439572,29.792060583648603,4.299383982078208,22.144433627825784,58.533088755228086
