0.4093407371956245,-1.7143668469045292,-2.7201178812641236,-1.6534565189194863,1.7318039071489826,-0.49234600475172235,-0.8174871445575097,-1.1077035332811134,0.05440812956241191,-1.393246725274097,-0.7583914710661727,-0.041539207857055775,-0.4383027725265426
-1.7143668469045292,69.01551189975275,22.17115218332595,-50.17668379277428,40.97267988194153,-27.933268440091236,32.41326775272183,-22.39206028631771,39.071400161415056,-25.545631896750983,26.534776418061814,-11.878001355932213,10.61425426947324
-2.7201178812641236,22.17115218332595,47.88609298337542,23.707692071044896,-56.53015600011252,20.382815399545063,29.2162761864947,21.44671060693042,-15.376921652980462,26.411600652897786,17.180757029749394,-4.50400530555546,7.489854168335051
-1.6534565189194863,-50.17668379277428,23.707692071044896,94.7343853944763,-74.51278418183507,45.7790141948563,-9.565365127346812,49.16543064728666,-51.08021107566931,54.19608871976587,-15.643329686078847,13.154025840514507,-8.48055130491179
1.7318039071489826,40.97267988194153,-56.53015600011252,-74.51278418183507,216.89065454516745,-43.834762860591056,-13.677733406066437,-58.66395765613095,95.67603146467839,-74.41789282338004,-4.554518606732798,1.165132776223766,-0.14783002813962262
-0.49234600475172235,-27.933268440091236,20.382815399545063,45.7790141948563,-43.834762860591056,82.64877054361128,32.92449533563275,30.039048881622822,-26.354316604916555,39.14946385393898,2.7892803727874855,-6.108872376218408,12.630839739712712
-0.8174871445575097,32.41326775272183,29.2162761864947,-9.565365127346812,-13.677733406066437,32.92449533563275,94.30474873508089,30.93031412578854,5.655835576089779,7.812169750643672,30.083204496264322,-6.870815783712774,16.302034791998775
-1.1077035332811134,-22.39206028631771,21.44671060693042,49.16543064728666,-58.66395765613095,30.039048881622822,30.93031412578854,80.57429916382482,-3.332571311386927,37.52892313566082,1.9030145973273824,15.290404531236819,-3.062924138732628
0.05440812956241191,39.071400161415056,-15.376921652980462,-51.08021107566931,95.67603146467839,-26.354316604916555,5.655835576089779,-3.332571311386927,103.57862763545477,-0.15845120001819654,20.528768701184287,-0.6784892391132433,8.901083003271108
-1.393246725274097,-25.545631896750983,26.411600652897786,54.19608871976587,-74.41789282338004,39.14946385393898,7.812169750643672,37.52892313566082,-0.15845120001819654,106.36666614080653,35.34298350704714,12.832286578200037,6.723385166419136
-0.7583914710661727,26.534776418061814,17.180757029749394,-15.643329686078847,-4.554518606732798,2.7892803727874855,30.083204496264322,1.9030145973273824,20.528768701184287,35.34298350704714,74.38608527766841,28.131486193635556,22.72447879857092
-0.041539207857055775,-11.878001355932213,-4.50400530555546,13.154025840514507,1.165132776223766,-6.108872376218408,-6.870815783712774,15.290404531236819,-0.6784892391132433,12.832286578200037,28.131486193635556,59.886237756840664,26.492284282080952
-0.4383027725265426,10.61425426947324,7.489854168335051,-8.48055130491179,-0.14783002813962262,12.630839739712712,16.302034791998775,-3.062924138732628,8.901083003271108,6.723385166419136,22.72447879857092,26.492284282080952,53.555808646614544
