1.0134152419790403,-2.869676193237376,-2.999145371211178,0.3427925657627636,4.447196921410333,-1.6055988209677357,-0.9366152215354899,0.42269423795454264,2.3338088708254987,0.06960601732087641,0.780570988685649,1.3235009010720606,0.1779908131297132
-2.869676193237376,65.54003787624384,13.237388621588172,-50.960479487300745,35.78823794610266,-32.92408397323112,27.174931978238895,-13.045136887018323,17.41702407582769,-35.46645651574731,20.706798170310027,-6.158430229857241,-7.563786552819276
-2.999145371211178,13.237388621588172,31.632645861746507,14.728291351119706,-44.91144207045944,36.81573832114181,5.156638919994274,7.936589779876783,-15.63934540589592,15.331623367376364,-8.343696761120773,-6.427613889112723,5.36175051278498
0.3427925657627636,-50.960479487300745,14.728291351119706,85.21544050989499,-35.55665171141225,58.280933844438835,-5.734395563072079,27.2484246693953,-21.66638380923168,48.4673399758601,-24.086019675947547,2.4402194170833953,8.029290620677246
4.447196921410333,35.78823794610266,-44.91144207045944,-35.55665171141225,244.64472115565775,-90.48516046548215,31.970557474770477,-0.11550777489311624,92.53429169089769,-73.18491138553117,47.09583488337726,22.17263914190059,-25.61508296270957
-1.6055988209677357,-32.92408397323112,36.81573832114181,58.280933844438835,-90.48516046548215,137.46006648479533,8.759002975731146,22.147623584075813,-24.861060680648706,70.94408372773428,-18.591773813102513,-15.708721440672702,27.987290158780795
-0.9366152215354899,27.174931978238895,5.156638919994274,-5.734395563072079,31.970557474770477,8.759002975731146,69.88231415813085,28.135046117700966,25.379374541113425,9.879328762461894,13.63269245510278,-0.16264350732997443,-1.3914257270009927
0.42269423795454264,-13.045136887018323,7.936589779876783,27.2484246693953,-0.11550777489311624,22.147623584075813,28.135046117700966,76.51725134748912,37.66745512943319,20.6414235482411,4.974456363878736,14.148633144263934,-4.184302380509755
2.3338088708254987,17.41702407582769,-15.63934540589592,-21.66638380923168,92.53429169089769,-24.861060680648706,25.379374541113425,37.66745512943319,97.80893765576954,3.8198468699547345,39.74901059455129,18.689416215991578,1.825972858318227
0.06960601732087641,-35.46645651574731,15.331623367376364,48.4673399758601,-73.18491138553117,70.94408372773428,9.879328762461894,20.6414235482411,3.8198468699547345,116.66636225543337,14.121595365142074,11.916194293355682,29.17647451838966
0.780570988685649,20.706798170310027,-8.343696761120773,-24.086019675947547,47.09583488337726,-18.591773813102513,13.63269245510278,4.974456363878736,39.74901059455129,14.121595365142074,79.6837831002581,37.610208236259055,16.047049423690467
1.3235009010720606,-6.158430229857241,-6.427613889112723,2.4402194170833953,22.17263914190059,-15.708721440672702,-0.16264350732997443,14.148633144263934,18.689416215991578,11.916194293355682,37.610208236259055,63.28014480619173,30.99552201110108
0.1779908131297132,-7.563786552819276,5.36175051278498,8.029290620677246,-25.61508296270957,27.987290158780795,-1.3914257270009927,-4.184302380509755,1.825972858318227,29.17647451838966,16.047049423690467,30.99552201110108,61.92777010979799
