0.7694606086891882,-3.6019298101027637,-4.397755807286431,-0.6989765203925421,5.032054935631437,-3.3706648672733737,-1.6590960965815442,-0.3585333609119415,1.0208225479761783,-2.085484286329364,0.7352938333060217,2.1939940193381076,-1.0248281448450822
-3.6019298101027637,68.36056650651902,23.40557060941803,-43.666592422986895,25.811294328859493,-22.540013699039143,24.82714413366556,-19.002849326897213,19.26030964465314,-24.165532864673494,14.978802625074938,-22.21851125680529,0.8325370335680636
-4.397755807286431,23.40557060941803,45.136947204304214,15.907034952577288,-63.32827603614535,43.97649469383781,3.55033536828022,-3.7449158404583835,-17.857823251034812,28.358462502046105,-15.179322922254578,-22.61294475837245,14.216760894553898
-0.6989765203925421,-43.666592422986895,15.907034952577288,72.712866452078,-52.018533446431064,48.31252113927947,-11.96283467502228,23.6705150640384,-29.26821485430066,45.37261904756095,-19.22624957940909,11.823805535778845,7.27485773836888
5.032054935631437,25.811294328859493,-63.32827603614535,-52.018533446431064,231.42913636842093,-106.92891194421291,28.495358989171173,12.786188961979146,81.76281288082855,-91.47870957188994,65.00005832699526,47.69908550155486,-33.97282312689074
-3.3706648672733737,-22.540013699039143,43.97649469383781,48.31252113927947,-106.92891194421291,134.71129543406727,19.502278332809365,20.181205924249596,-23.520127843418063,73.32092863004893,-29.35441813477491,-25.968906181842954,32.765354400592734
-1.6590960965815442,24.82714413366556,3.55033536828022,-11.96283467502228,28.495358989171173,19.502278332809365,68.12126574904555,25.385527725630354,26.884226809276623,12.645253915694873,14.828061868831355,-5.078906547582072,8.759578779976062
-0.3585333609119415,-19.002849326897213,-3.7449158404583835,23.6705150640384,12.786188961979146,20.181205924249596,25.385527725630354,68.36170327767893,31.611521212645005,20.6332655360151,17.581615454116246,27.302434755965052,1.3286043201188533
1.0208225479761783,19.26030964465314,-17.857823251034812,-29.26821485430066,81.76281288082855,-23.520127843418063,26.884226809276623,31.611521212645005,81.53953217493579,-2.8348550176910976,45.03298667717893,22.560619958239688,3.403556412053755
-2.085484286329364,-24.165532864673494,28.358462502046105,45.37261904756095,-91.47870957188994,73.32092863004893,12.645253915694873,20.6332655360151,-2.8348550176910976,110.80648800428075,3.656443410596393,3.01261767074179,33.258547816344816
0.7352938333060217,14.978802625074938,-15.179322922254578,-19.22624957940909,65.00005832699526,-29.35441813477491,14.828061868831355,17.581615454116246,45.03298667717893,3.656443410596393,74.71405476657881,44.31673047001543,11.303758910824815
2.1939940193381076,-22.21851125680529,-22.61294475837245,11.823805535778845,47.69908550155486,-25.968906181842954,-5.078906547582072,27.302434755965052,22.560619958239688,3.01261767074179,44.31673047001543,77.87513790339291,18.398361565519465
-1.0248281448450822,0.8325370335680636,14.216760894553898,7.27485773836888,-33.97282312689074,32.765354400592734,8.759578779976062,1.3286043201188533,3.403556412053755,33.258547816344816,11.303758910824815,18.398361565519465,54.19417591644132
