1.5824269232339645,-3.728183484483655,-5.429076020831398,-4.835698307439685,-0.533981531917804,-2.3002668509072346,0.9136292140899331,-0.2698973359410049,2.143181364141392,1.3258750341259364,0.25965657220939903,1.5865637391515892,3.516492206297052
-3.728183484483655,73.86452338757674,22.48895603496951,-43.96878835130257,28.125369361188852,-39.96315324000944,26.305278809841784,2.2466846727873007,14.228003900841445,-44.895828791464304,21.316820375466904,-11.577988486784506,-11.054162660044085
-5.429076020831398,22.48895603496951,48.46511181430951,26.09428206607843,-60.32612404232246,36.89297427693315,-0.6576864646796006,16.308280650475982,-20.60987229490847,6.149894773301074,-17.648956169028576,-7.828154568951351,-2.9261150340152
-4.835698307439685,-43.96878835130257,26.09428206607843,98.56124781548107,-20.36711428440442,56.61677103840222,-21.24072429877425,5.166126870889809,-34.15099463150613,47.356191562116855,-23.34163414059986,1.3777969847891067,-11.064059160926277
-0.533981531917804,28.125369361188852,-60.32612404232246,-20.36711428440442,311.91088526082734,-103.18109118523614,11.423025963675544,-40.34583621343395,65.28639298613544,-69.44172606868304,82.24964607433138,9.944465807637306,-45.937921643457834
-2.3002668509072346,-39.96315324000944,36.89297427693315,56.61677103840222,-103.18109118523614,151.76189317867735,-1.9576980930332744,15.702937465803103,-24.537624832494853,49.30148196470353,-41.034001131163464,-3.0988705808680237,25.898721401990798
0.9136292140899331,26.305278809841784,-0.6576864646796006,-21.24072429877425,11.423025963675544,-1.9576980930332744,77.91090661664641,33.468447996377066,10.634114586207007,-0.12845950422877347,6.569442546255589,-6.2077588415783485,5.226542098685534
-0.2698973359410049,2.2466846727873007,16.308280650475982,5.166126870889809,-40.34583621343395,15.702937465803103,33.468447996377066,73.51148221741201,21.71356738997498,13.85629309564084,-3.0698689949479707,2.3677327325317936,-0.020566760591106605
2.143181364141392,14.228003900841445,-20.60987229490847,-34.15099463150613,65.28639298613544,-24.537624832494853,10.634114586207007,21.71356738997498,87.05052793169955,-3.9207874201436956,35.864337583701584,10.457301049817604,5.707162891450281
1.3258750341259364,-44.895828791464304,6.149894773301074,47.356191562116855,-69.44172606868304,49.30148196470353,-0.12845950422877347,13.85629309564084,-3.9207874201436956,111.58132121047211,5.111642614922944,19.096793461380337,21.197431261676225
0.25965657220939903,21.316820375466904,-17.648956169028576,-23.34163414059986,82.24964607433138,-41.034001131163464,6.569442546255589,-3.0698689949479707,35.864337583701584,5.111642614922944,96.56775801345881,41.57529144703067,5.094043535377199
1.5865637391515892,-11.577988486784506,-7.828154568951351,1.3777969847891067,9.944465807637306,-3.0988705808680237,-6.2077588415783485,2.3677327325317936,10.457301049817604,19.096793461380337,41.57529144703067,66.63326362208889,35.17782153284079
3.516492206297052,-11.054162660044085,-2.9261150340152,-11.064059160926277,-45.937921643457834,25.898721401990798,5.226542098685534,-0.020566760591106605,5.707162891450281,21.197431261676225,5.094043535377199,35.17782153284079,75.01482744194495
