0.4641281172574649,-1.680765965292755,-2.0737066194174334,-1.0210065148808585,1.1200837290086587,-1.170820779752234,-0.8012879270095727,-0.6907025681458672,0.7674513037659623,0.013428934430468765,0.25196720107750575,0.36485746494314836,0.3098444669315265
-1.680765965292755,54.01911092342139,3.9597157155268508,-42.55154021523753,61.10512090269204,-38.35063599054155,26.23606809869811,-7.979673786341627,27.474420615046277,-37.76983165579064,24.63427848724721,-1.3839040589616585,-9.707709528014552
-2.0737066194174334,3.9597157155268508,22.42020982186837,20.68322946982667,-24.06098769831141,29.668225407033876,3.634357548327186,10.711627940026277,-9.719476291893661,13.421046624275503,-4.707355735070112,-1.7111348729345945,2.6918153870276003
-1.0210065148808585,-42.55154021523753,20.68322946982667,80.85483520691109,-45.549178900304476,58.46712677371142,-10.099592197424764,26.67400180142953,-22.395353563212385,51.23812644875139,-23.218925150279944,4.391147791526818,11.149241955802893
1.1200837290086587,61.10512090269204,-24.06098769831141,-45.549178900304476,214.56704995330713,-86.6407776457471,29.141256397922042,-0.9420126346971397,95.3726231050476,-68.43620114620681,46.53365281200134,20.98443179766934,-13.752144126719994
-1.170820779752234,-38.35063599054155,29.668225407033876,58.46712677371142,-86.6407776457471,106.38028098789808,1.7586721281292448,25.83249894505466,-32.32557544132701,54.58056987628275,-18.870860529996854,-4.423734745215639,18.09843761040834
-0.8012879270095727,26.23606809869811,3.634357548327186,-10.099592197424764,29.141256397922042,1.7586721281292448,55.33674611899577,18.45482681628969,18.544654112251354,1.2130268943863347,15.738681225570545,2.3720736193013763,-0.8681744841021353
-0.6907025681458672,-7.979673786341627,10.711627940026277,26.67400180142953,-0.9420126346971397,25.83249894505466,18.45482681628969,55.33691625171325,26.444903391800246,23.24660128547508,6.525408063153753,14.036367545995782,6.07111812369229
0.7674513037659623,27.474420615046277,-9.719476291893661,-22.395353563212385,95.3726231050476,-32.32557544132701,18.544654112251354,26.444903391800246,89.95819251151042,-3.021746645775905,35.958855096126705,19.087938337055096,7.009201703907148
0.013428934430468765,-37.76983165579064,13.421046624275503,51.23812644875139,-68.43620114620681,54.58056987628275,1.2130268943863347,23.24660128547508,-3.021746645775905,94.51869532426896,5.901543812547885,14.218629152850706,22.480935946688422
0.25196720107750575,24.63427848724721,-4.707355735070112,-23.218925150279944,46.53365281200134,-18.870860529996854,15.738681225570545,6.525408063153753,35.958855096126705,5.901543812547885,69.59849107366198,33.3064527590007,12.224287832898252
0.36485746494314836,-1.3839040589616585,-1.7111348729345945,4.391147791526818,20.98443179766934,-4.423734745215639,2.3720736193013763,14.036367545995782,19.087938337055096,14.218629152850706,33.3064527590007,52.218388249212126,27.313159882943598
0.3098444669315265,-9.707709528014552,2.6918153870276003,11.149241955802893,-13.752144126719994,18.09843761040834,-0.8681744841021353,6.07111812369229,7.009201703907148,22.480935946688422,12.224287832898252,27.313159882943598,46.710267024538055
