0.22099617522846637,-0.9144320489364586,-1.0245650561042035,-0.40091666778719715,0.906038777985866,-0.4037563876879027,-0.0610459762927024,-0.02561103434772281,0.620413645191919,-0.07243316106313578,0.21081796466914784,0.07026735749636848,-0.12164076695372572
-0.9144320489364586,55.630516434653146,2.35410553170992,-45.39997799833259,55.12361614959886,-45.09686407591192,24.44035483384032,-11.617304758126775,22.348305176115385,-33.72981736215915,23.69771130039155,0.08400193860421211,-7.144795955288999
-1.0245650561042035,2.35410553170992,22.050163243333927,16.93985107283972,-33.84490742082358,30.48722850632111,-4.918806735889552,6.443522488839689,-9.784282578183987,15.478151663666877,-5.72078702600155,2.6591162621861324,8.700114777884659
-0.40091666778719715,-45.39997799833259,16.93985107283972,72.48645331245214,-49.18549119259079,59.800079105822086,-14.78917528444496,13.794742270798944,-23.441461456945884,47.86453782369524,-22.445201984633492,0.4670524958793166,9.52076975386097
0.906038777985866,55.12361614959886,-33.84490742082358,-49.18549119259079,215.4599970498815,-95.72704351558806,38.57865201168243,-14.375308945163706,71.66943585364925,-66.47049694518655,45.77101231369828,-1.6526057368743803,-38.3533520750923
-0.4037563876879027,-45.09686407591192,30.48722850632111,59.800079105822086,-95.72704351558806,129.18652954541426,-4.399922237840955,31.678443531797978,-21.962008788333183,61.44483544933056,-19.94304338712845,0.25554354224656145,26.614562237757127
-0.0610459762927024,24.44035483384032,-4.918806735889552,-14.78917528444496,38.57865201168243,-4.399922237840955,69.08948417830173,25.230079625454582,23.12360570873987,4.177716517844678,18.95088658909524,7.3802364891262595,-0.33216775066607956
-0.02561103434772281,-11.617304758126775,6.443522488839689,13.794742270798944,-14.375308945163706,31.678443531797978,25.230079625454582,61.442030974410464,27.4663596860985,24.452137614526023,9.643274531407034,11.408696057321162,5.2199016545785755
0.620413645191919,22.348305176115385,-9.784282578183987,-23.441461456945884,71.66943585364925,-21.962008788333183,23.12360570873987,27.4663596860985,81.30705634331191,5.7095873743354675,32.446150347769375,5.358425391848325,-4.502589176747354
-0.07243316106313578,-33.72981736215915,15.478151663666877,47.86453782369524,-66.47049694518655,61.44483544933056,4.177716517844678,24.452137614526023,5.7095873743354675,100.76558226679508,4.348517481749025,15.20677248529468,21.938257790083647
0.21081796466914784,23.69771130039155,-5.72078702600155,-22.445201984633492,45.77101231369828,-19.94304338712845,18.95088658909524,9.643274531407034,32.446150347769375,4.348517481749025,68.23041581386528,31.4059326734709,10.082638931767947
0.07026735749636848,0.08400193860421211,2.6591162621861324,0.4670524958793166,-1.6526057368743803,0.25554354224656145,7.3802364891262595,11.408696057321162,5.358425391848325,15.20677248529468,31.4059326734709,56.83637887325104,35.08990886467033
-0.12164076695372572,-7.144795955288999,8.700114777884659,9.52076975386097,-38.3533520750923,26.614562237757127,-0.33216775066607956,5.2199016545785755,-4.502589176747354,21.938257790083647,10.082638931767947,35.08990886467033,62.05135217230298
