1.2291075051278049,-1.786983220367482,-2.229946429403221,0.4903574515995353,5.68484848677733,0.9634069439651133,1.3492196786184472,1.2761522597786426,4.224239688179577,1.607328626430411,0.9078539487049486,1.5083682961423392,1.9894287953187502
-1.786983220367482,77.6947939073111,25.325273716057012,-50.98398768596077,8.80618632198318,-31.798556854374723,17.93199830640018,-12.386146125547702,8.917594639916532,-28.76373577996039,13.402491630279108,-14.674213473855199,-5.346197587315679
-2.229946429403221,25.325273716057012,44.26397177964819,20.168211403334944,-42.998359781533644,43.912828617306644,0.6976803360687696,3.998950529436326,-14.491854996150074,14.882197396995773,-12.382274901806355,-6.792814226148945,6.801384352865942
0.4903574515995353,-50.98398768596077,20.168211403334944,105.49588689156917,20.624719501370816,80.23325416838811,10.669638384357155,21.37873796253015,-10.737670666552152,46.33083487048663,-12.013989089339288,13.504175763684762,11.766575732173225
5.68484848677733,8.80618632198318,-42.998359781533644,20.624719501370816,306.92768030394893,-34.34350216937669,69.45366202670415,13.072368510655677,82.59659572060377,-45.823436191910254,69.03819350412881,26.39740698615196,-14.491863998383533
0.9634069439651133,-31.798556854374723,43.912828617306644,80.23325416838811,-34.34350216937669,194.15510146717432,29.068654874552493,19.728847033931338,-12.39948664067628,62.88067345848601,-29.80150842847751,-10.590727483086441,34.6076500429892
1.3492196786184472,17.93199830640018,0.6976803360687696,10.669638384357155,69.45366202670415,29.068654874552493,84.00273228439723,31.868667536647557,21.234204406152635,3.6893537216970054,11.549733921362414,-1.6106207502306984,-3.641197283834884
1.2761522597786426,-12.386146125547702,3.998950529436326,21.37873796253015,13.072368510655677,19.728847033931338,31.868667536647557,77.20000173419652,47.71904003936399,23.919544846213665,9.181130935490163,8.550617764189907,-4.261924561899456
4.224239688179577,8.917594639916532,-14.491854996150074,-10.737670666552152,82.59659572060377,-12.39948664067628,21.234204406152635,47.71904003936399,118.22849649894174,37.790285222043565,40.847810999260886,11.702552530603052,14.540517532112663
1.607328626430411,-28.76373577996039,14.882197396995773,46.33083487048663,-45.823436191910254,62.88067345848601,3.6893537216970054,23.919544846213665,37.790285222043565,127.02271948029859,21.250322913566535,20.538784123321133,31.689357587547093
0.9078539487049486,13.402491630279108,-12.382274901806355,-12.013989089339288,69.03819350412881,-29.80150842847751,11.549733921362414,9.181130935490163,40.847810999260886,21.250322913566535,97.39102333850144,44.91359539129988,9.55536501145665
1.5083682961423392,-14.674213473855199,-6.792814226148945,13.504175763684762,26.39740698615196,-10.590727483086441,-1.6106207502306984,8.550617764189907,11.702552530603052,20.538784123321133,44.91359539129988,73.92867522154815,38.30175082861624
1.9894287953187502,-5.346197587315679,6.801384352865942,11.766575732173225,-14.491863998383533,34.6076500429892,-3.641197283834884,-4.261924561899456,14.540517532112663,31.689357587547093,9.55536501145665,38.30175082861624,77.09981750062497
