0.19358907640795162,-0.5456453161047354,-0.500229875464501,0.19889595215885858,0.6399491712698275,-1.0817488316480641,-0.2801577041861023,0.18231803885454098,0.012757075611103329,-0.10432364695936691,-0.2780124953544038,-0.15588828427354692,-0.30228973029830464
-0.5456453161047354,51.47825160604348,1.5600052175219061,-41.670865686307984,56.40867294724958,-46.70270881265342,17.306963650929976,-16.29626312936029,22.038525730920817,-35.067340073019274,18.667467788121314,-1.9432018783395413,-7.73937834247424
-0.500229875464501,1.5600052175219061,20.461588465365516,17.5983553475883,-27.033130054365486,26.121949980535913,-11.644461076080134,-1.1197388971030269,-9.234016041920261,10.6234486073357,-9.634055813617254,-2.2179175257449852,6.767051827042163
0.19889595215885858,-41.670865686307984,17.5983553475883,68.34949180710005,-52.93842844759905,56.02937957382362,-9.498000506994021,17.042986286779392,-28.974467439790214,42.4385327910239,-24.33923094612746,-1.6588033855878517,8.825045687739381
0.6399491712698275,56.40867294724958,-27.033130054365486,-52.93842844759905,177.32314146442732,-78.24197802787364,59.517130611192755,2.7070223311014274,53.84617935381904,-63.31188568624009,40.58711948552666,4.521287792032636,-28.926361337237402
-1.0817488316480641,-46.70270881265342,26.121949980535913,56.02937957382362,-78.24197802787364,139.26994115437034,-4.5554243008816915,25.323788277633156,-11.544939336057173,47.99898811610108,-26.06733914599946,-8.977619537073135,22.99249014623987
-0.2801577041861023,17.306963650929976,-11.644461076080134,-9.498000506994021,59.517130611192755,-4.5554243008816915,79.0748490802718,32.766762583873934,24.345250465059465,1.7918914154462358,10.408107523502125,-4.4719586791832535,-13.446668766849832
0.18231803885454098,-16.29626312936029,-1.1197388971030269,17.042986286779392,2.7070223311014274,25.323788277633156,32.766762583873934,67.81831771348422,27.48191552713294,17.630346246925235,4.402567141410628,3.0387952651457453,-8.366658528448982
0.012757075611103329,22.038525730920817,-9.234016041920261,-28.974467439790214,53.84617935381904,-11.544939336057173,24.345250465059465,27.48191552713294,75.74234294765438,1.870957508044108,34.98628081699611,14.030450792750445,4.037193927473609
-0.10432364695936691,-35.067340073019274,10.6234486073357,42.4385327910239,-63.31188568624009,47.99898811610108,1.7918914154462358,17.630346246925235,1.870957508044108,104.08461972536962,19.3705651292722,28.675005226180666,34.1360380309413
-0.2780124953544038,18.667467788121314,-9.634055813617254,-24.33923094612746,40.58711948552666,-26.06733914599946,10.408107523502125,4.402567141410628,34.98628081699611,19.3705651292722,89.90334004452954,49.83358908725469,22.646858487145888
-0.15588828427354692,-1.9432018783395413,-2.2179175257449852,-1.6588033855878517,4.521287792032636,-8.977619537073135,-4.4719586791832535,3.0387952651457453,14.030450792750445,28.675005226180666,49.83358908725469,68.80200650558682,42.07093021894838
-0.30228973029830464,-7.73937834247424,6.767051827042163,8.825045687739381,-28.926361337237402,22.99249014623987,-13.446668766849832,-8.366658528448982,4.037193927473609,34.1360380309413,22.646858487145888,42.07093021894838,65.71403174322693
