2.1937473134278487,-0.6527085786421278,-1.9841342231916677,-2.1367469839691204,0.1568842425046138,-4.767351271895431,-2.6573380388038244,-2.979596956739016,0.14407821446083666,-0.2842757207568933,0.503270302964704,0.4333389799222426,-0.04422593530300353
-0.6527085786421278,63.326787261941206,14.455119314252487,-43.36544996343516,45.09117606629677,-32.412231281733966,16.85748757069089,-26.94285387185534,13.096156191187411,-31.66513817748945,24.884080690187982,-5.889429464786982,-1.7111073351247117
-1.9841342231916677,14.455119314252487,35.35980559174103,21.598731705274968,-39.62172554806642,34.77828134406218,-7.972559958145038,-13.51644996084419,-27.841031805920355,15.032691649277563,-5.924902257355002,-4.68444996616515,11.475895826225523
-2.1367469839691204,-43.36544996343516,21.598731705274968,84.90604928044472,-42.51350677574096,51.640833184639334,-15.30353947342209,19.12702385306298,-37.26018928903627,34.32572156446362,-27.445691015806464,10.498585545124822,11.354983265889215
0.1568842425046138,45.09117606629677,-39.62172554806642,-42.51350677574096,229.41991847883313,-86.63494184896157,47.35861671066855,20.70709774307346,81.10523992248005,-97.7592656657896,37.91226529255397,26.54211783611844,-24.31530451397212
-4.767351271895431,-32.412231281733966,34.77828134406218,51.640833184639334,-86.63494184896157,158.3232631211761,33.30149072393693,17.33266749739478,-33.94982670496798,61.529917344166606,-28.2836220659652,-24.24209052324367,27.101063671912502
-2.6573380388038244,16.85748757069089,-7.972559958145038,-15.30353947342209,47.35861671066855,33.30149072393693,96.07326618460264,46.308916170010185,40.06755739975568,6.768595539629124,10.52964102062981,-10.195440031765713,-6.76106468534752
-2.979596956739016,-26.94285387185534,-13.51644996084419,19.12702385306298,20.70709774307346,17.33266749739478,46.308916170010185,114.52340080337937,77.1064040320542,28.21374500499979,5.997164257668526,10.820962286918991,-21.77842392206777
0.14407821446083666,13.096156191187411,-27.841031805920355,-37.26018928903627,81.10523992248005,-33.94982670496798,40.06755739975568,77.1064040320542,135.8938982837427,22.73639039514885,40.38531057954844,8.493174555363689,-19.237028805954367
-0.2842757207568933,-31.66513817748945,15.032691649277563,34.32572156446362,-97.7592656657896,61.529917344166606,6.768595539629124,28.21374500499979,22.73639039514885,134.99515493420765,18.464264908932464,1.2293566879347482,18.22586086184634
0.503270302964704,24.884080690187982,-5.924902257355002,-27.445691015806464,37.91226529255397,-28.2836220659652,10.52964102062981,5.997164257668526,40.38531057954844,18.464264908932464,82.28618851057016,37.86925255588818,12.509658696435924
0.4333389799222426,-5.889429464786982,-4.68444996616515,10.498585545124822,26.54211783611844,-24.24209052324367,-10.195440031765713,10.820962286918991,8.493174555363689,1.2293566879347482,37.86925255588818,70.06558247114386,32.10414989691336
-0.04422593530300353,-1.7111073351247117,11.475895826225523,11.354983265889215,-24.31530451397212,27.101063671912502,-6.76106468534752,-21.77842392206777,-19.237028805954367,18.22586086184634,12.509658696435924,32.10414989691336,67.19723928694548
