2.0854338369908993,0.39870074386105625,-1.169788667459181,-4.293254357446466,-5.188668035643669,-2.5347269863236157,-0.6185940711262569,-0.8444219394725483,-1.036713901826155,-2.1247451572064615,-2.757536367733822,-1.1783435467926342,-0.11874495879970402
0.39870074386105625,78.91873143685137,27.595954218648235,-60.992628159056046,-6.973639659196475,-28.683258650056388,24.99706412232511,-24.50547169098579,1.9909426285455036,-31.21219452055451,22.647991748149817,-4.562668472470619,7.36046021441541
-1.169788667459181,27.595954218648235,46.87189560209892,1.677943480319433,-88.76823178739346,44.949092401635035,4.787634514430038,-9.418131314487823,-33.030888998667706,21.049174506276135,-6.398093436133026,-3.9564778847126707,20.453491333990765
-4.293254357446466,-60.992628159056046,1.677943480319433,101.6706482662781,25.541694613876903,42.592449999205655,-19.727902037928853,29.642972976998507,-3.8441630379999507,46.18679321268852,-11.82289783151296,20.85469854541181,6.809917677699868
-5.188668035643669,-6.973639659196475,-88.76823178739346,25.541694613876903,408.3356721953285,-128.7795846318231,3.842255091440175,23.921281478720385,133.00733689326424,-88.43316432495959,64.01695127175104,48.792280750942886,-41.04096427351641
-2.5347269863236157,-28.683258650056388,44.949092401635035,42.592449999205655,-128.7795846318231,160.78787392785821,30.674690555634246,14.213454384561285,-45.25542348807016,67.7863348215126,-26.086290354692398,-22.05404736583356,22.672989687317042
-0.6185940711262569,24.99706412232511,4.787634514430038,-19.727902037928853,3.842255091440175,30.674690555634246,103.92555812969087,55.196968163211814,30.22280394599607,17.91119527835323,17.132851728538164,-18.581017555671227,-16.588529269963455
-0.8444219394725483,-24.50547169098579,-9.418131314487823,29.642972976998507,23.921281478720385,14.213454384561285,55.196968163211814,132.56967955728376,84.91159417586093,41.408332294728986,11.397020516123748,3.8963314586991458,-27.05991519728913
-1.036713901826155,1.9909426285455036,-33.030888998667706,-3.8441630379999507,133.00733689326424,-45.25542348807016,30.22280394599607,84.91159417586093,140.03368307819562,14.427305618480604,37.409607384680584,12.614661685232996,-20.456571142576685
-2.1247451572064615,-31.21219452055451,21.049174506276135,46.18679321268852,-88.43316432495959,67.7863348215126,17.91119527835323,41.408332294728986,14.427305618480604,126.6654866663444,21.26596352537147,13.158691846803578,18.936231782064574
-2.757536367733822,22.647991748149817,-6.398093436133026,-11.82289783151296,64.01695127175104,-26.086290354692398,17.132851728538164,11.397020516123748,37.409607384680584,21.26596352537147,102.78592767118471,55.72525734850221,18.12685142323688
-1.1783435467926342,-4.562668472470619,-3.9564778847126707,20.85469854541181,48.792280750942886,-22.05404736583356,-18.581017555671227,3.8963314586991458,12.614661685232996,13.158691846803578,55.72525734850221,93.32530499768598,52.57794597745007
-0.11874495879970402,7.36046021441541,20.453491333990765,6.809917677699868,-41.04096427351641,22.672989687317042,-16.588529269963455,-27.05991519728913,-20.456571142576685,18.936231782064574,18.12685142323688,52.57794597745007,87.85922123545126
