1.2648462359916997,-2.3534513093907283,-2.4764474670745233,0.026100218113460645,3.289505249047736,-0.6626077211717633,1.2702083467759975,1.9178337331060493,1.4062408091691063,-1.370634928139823,-0.28011518532248686,1.184812553621002,0.2779408387322955
-2.3534513093907283,79.33775812638497,22.757853346555574,-54.2822805734059,29.40547381269344,-22.409463589371832,33.023333357697176,-14.423984936772516,18.50110436076971,-28.924337197100346,25.06101711758463,-8.830161470270406,-2.7629720584025463
-2.4764474670745233,22.757853346555574,39.526588572238786,12.944828964307217,-50.7135284365035,43.21472948663594,1.5587180730216217,-2.3537530825580735,-15.318726130112267,23.523725395774424,-5.9555069771615265,-7.218898674040509,12.298965334544594
0.026100218113460645,-54.2822805734059,12.944828964307217,87.97649241432995,-33.19904687977462,50.785658764043625,-8.766180788844176,29.40363701461634,-27.064972277149657,39.34089253538858,-25.337938718345622,10.811393377269592,8.962087080848388
3.289505249047736,29.40547381269344,-50.7135284365035,-33.19904687977462,246.4855811590926,-99.86118999496045,42.64981478978331,12.248673906998969,78.12380028194407,-95.53379084559835,42.08258515222979,24.549866693800507,-29.141702344819613
-0.6626077211717633,-22.409463589371832,43.21472948663594,50.785658764043625,-99.86118999496045,183.2341657927522,63.88347013895329,45.49155290612044,-49.51091539152065,41.99872373934779,-30.69718400842958,-15.829650027803629,21.375416761600977
1.2702083467759975,33.023333357697176,1.5587180730216217,-8.766180788844176,42.64981478978331,63.88347013895329,167.97876525472643,103.17069580170538,1.01555962765078,-44.216435946565014,1.9618142849207603,1.017957506702972,-18.971369027389848
1.9178337331060493,-14.423984936772516,-2.3537530825580735,29.40363701461634,12.248673906998969,45.49155290612044,103.17069580170538,151.21956547394944,25.625461753006718,-24.877040024708034,-10.26814423699058,18.55194147681398,-22.87443676103784
1.4062408091691063,18.50110436076971,-15.318726130112267,-27.064972277149657,78.12380028194407,-49.51091539152065,1.01555962765078,25.625461753006718,99.74135735901127,5.444081224373613,25.978915961507834,3.3788510504650353,-5.288621917553356
-1.370634928139823,-28.924337197100346,23.523725395774424,39.34089253538858,-95.53379084559835,41.99872373934779,-44.216435946565014,-24.877040024708034,5.444081224373613,134.39276149402582,13.32210046835017,0.30158256100534886,24.49449988735911
-0.28011518532248686,25.06101711758463,-5.9555069771615265,-25.337938718345622,42.08258515222979,-30.69718400842958,1.9618142849207603,-10.26814423699058,25.978915961507834,13.32210046835017,87.83662599589451,40.994592365110755,8.19659001686727
1.184812553621002,-8.830161470270406,-7.218898674040509,10.811393377269592,24.549866693800507,-15.829650027803629,1.017957506702972,18.55194147681398,3.3788510504650353,0.30158256100534886,40.994592365110755,80.46904636771433,35.1628796397599
0.2779408387322955,-2.7629720584025463,12.298965334544594,8.962087080848388,-29.141702344819613,21.375416761600977,-18.971369027389848,-22.87443676103784,-5.288621917553356,24.49449988735911,8.19659001686727,35.1628796397599,74.4470724649433
