0.6900504785531588,-3.136818766759006,-3.0858151119615087,-0.2811636444841044,2.3242293791896014,-2.9501109938335635,-0.7142853804995316,-0.24772539397694338,-0.09934025721495145,-0.6422594555167187,-0.6036689912554096,-0.2151884240522269,-0.8160240082791164
-3.136818766759006,70.48434818287895,18.219825590287805,-48.21558848718723,29.537003134643786,-29.993428805902695,20.367620946683225,-15.696771162672848,11.144085197052208,-39.168962576624985,15.50829118318028,-7.257774308538763,0.664251412749095
-3.0858151119615087,18.219825590287805,35.918099349033476,12.723023455837867,-49.77681528514195,40.44475770728612,-6.907083797306737,-1.3668972614250454,-16.313681494575864,6.987456798081538,-14.110351855281733,-0.8768926852792723,13.286918068826619
-0.2811636444841044,-48.21558848718723,12.723023455837867,75.62087252345623,-33.3373915100929,45.84694710676272,-15.322874180608276,10.226250580953455,-22.92538741723718,47.89297772074091,-14.63637405063427,8.475896668765541,6.6415612742562935
2.3242293791896014,29.537003134643786,-49.77681528514195,-33.3373915100929,233.31955383487565,-112.30251081194301,36.03057813836254,-3.6660357641469776,66.10899246158579,-51.92030758331377,70.47414206356896,10.739598790026408,-33.99793615700431
-2.9501109938335635,-29.993428805902695,40.44475770728612,45.84694710676272,-112.30251081194301,158.83459135577928,5.820831242253892,30.631958374446924,-10.224874568746143,46.15130972381986,-37.524958383888595,-6.432694180429914,24.2977747890056
-0.7142853804995316,20.367620946683225,-6.907083797306737,-15.322874180608276,36.03057813836254,5.820831242253892,93.95033245227636,51.69110082182215,27.7162094638258,10.398359922543769,12.078514977146426,-7.223936046597318,-11.760467976779577
-0.24772539397694338,-15.696771162672848,-1.3668972614250454,10.226250580953455,-3.6660357641469776,30.631958374446924,51.69110082182215,89.44282717432958,46.10991623261868,29.886289774356435,11.204942079111257,2.721731919371365,-9.146680343311603
-0.09934025721495145,11.144085197052208,-16.313681494575864,-22.92538741723718,66.10899246158579,-10.224874568746143,27.7162094638258,46.10991623261868,105.13704887510981,15.548210484862507,44.519570004694195,10.392153772941857,-3.6936371753769137
-0.6422594555167187,-39.168962576624985,6.987456798081538,47.89297772074091,-51.92030758331377,46.15130972381986,10.398359922543769,29.886289774356435,15.548210484862507,121.66704840405592,25.032086493891928,22.468211363586697,15.646189519644592
-0.6036689912554096,15.50829118318028,-14.110351855281733,-14.63637405063427,70.47414206356896,-37.524958383888595,12.078514977146426,11.204942079111257,44.519570004694195,25.032086493891928,101.29378310796159,45.54196625197286,9.583086166376908
-0.2151884240522269,-7.257774308538763,-0.8768926852792723,8.475896668765541,10.739598790026408,-6.432694180429914,-7.223936046597318,2.721731919371365,10.392153772941857,22.468211363586697,45.54196625197286,69.40608296049645,35.19548791243758
-0.8160240082791164,0.664251412749095,13.286918068826619,6.6415612742562935,-33.99793615700431,24.2977747890056,-11.760467976779577,-9.146680343311603,-3.6936371753769137,15.646189519644592,9.583086166376908,35.19548791243758,63.004137923863375
