0.6786448276131051,-2.012639931021977,-1.9705214259444725,0.1969807078183621,2.406293322596126,-2.4728775835570773,-1.7498840968730753,-0.3029500949614729,0.7333745015014894,-1.36732436776679,-0.7073258203972781,1.326259585106771,0.9715951281893843
-2.012639931021977,63.983719490797064,12.856478363526895,-49.010674352747074,35.281669961451335,-33.1956982226319,26.360623407417023,-16.437373505067526,13.059438512729495,-30.84380375254858,27.946559794797647,-2.2495747659179703,-1.727791029846945
-1.9705214259444725,12.856478363526895,32.17573832452683,12.367229240670476,-51.298569305047394,38.60350847355679,-0.028241577421606674,-0.8134358350629546,-19.894988814574244,16.78828695728722,-3.622330511449394,0.13518152532455732,12.7040855153097
0.1969807078183621,-49.010674352747074,12.367229240670476,77.28986418106,-35.14804759544089,53.249800091419424,-13.987371158755344,18.363157900869123,-20.233954894317762,44.89873597158988,-24.570987100483563,3.9506028967333107,7.801072592665554
2.406293322596126,35.281669961451335,-51.298569305047394,-35.14804759544089,251.26690855198788,-102.17906565795117,35.471307996864,5.507182434129709,90.14790168704074,-70.59183102972636,43.8496607567421,5.387330640093265,-38.27372318826055
-2.4728775835570773,-33.1956982226319,38.60350847355679,53.249800091419424,-102.17906565795117,146.59394305199825,15.105780153450308,27.604089089621702,-24.823784886961466,64.83230570666406,-25.91949627798727,-19.410737840476582,15.886077694034949
-1.7498840968730753,26.360623407417023,-0.028241577421606674,-13.987371158755344,35.471307996864,15.105780153450308,84.6690699977496,37.63883124797383,27.59095829106227,8.567701384989796,15.4268076300156,-11.062551048757028,-13.645183810713377
-0.3029500949614729,-16.437373505067526,-0.8134358350629546,18.363157900869123,5.507182434129709,27.604089089621702,37.63883124797383,80.39857837932296,45.202080345372806,26.36933799102913,9.104339031082821,4.635540577939047,-10.554972412467727
0.7333745015014894,13.059438512729495,-19.894988814574244,-20.233954894317762,90.14790168704074,-24.823784886961466,27.59095829106227,45.202080345372806,104.19047426796244,14.921912100392483,37.12714413950593,6.713194784374891,-6.384365776009962
-1.36732436776679,-30.84380375254858,16.78828695728722,44.89873597158988,-70.59183102972636,64.83230570666406,8.567701384989796,26.36933799102913,14.921912100392483,114.92973405599294,14.051570172236097,12.84787188076888,23.074530291259915
-0.7073258203972781,27.946559794797647,-3.622330511449394,-24.570987100483563,43.8496607567421,-25.91949627798727,15.4268076300156,9.104339031082821,37.12714413950593,14.051570172236097,83.97372530888748,39.60050363756047,15.233456835911435
1.326259585106771,-2.2495747659179703,0.13518152532455732,3.9506028967333107,5.387330640093265,-19.410737840476582,-11.062551048757028,4.635540577939047,6.713194784374891,12.84787188076888,39.60050363756047,72.28253847778035,44.80440972800057
0.9715951281893843,-1.727791029846945,12.7040855153097,7.801072592665554,-38.27372318826055,15.886077694034949,-13.645183810713377,-10.554972412467727,-6.384365776009962,23.074530291259915,15.233456835911435,44.80440972800057,74.82184594573498
