1.3880715299733033,-2.115072415281689,-4.230150090087764,-6.387474095719435,-5.292551879676101,-2.945777622418442,-1.8351605483217206,-2.602938562805954,0.1067472760222047,1.5787090527172294,1.0201577343267225,-1.256277032509006,-0.10583064304750751
-2.115072415281689,57.22168469282617,7.810899919649298,-36.8859214888011,63.79202019939854,-45.21107872767595,13.581434174854975,-12.820396285374532,25.584992660105577,-35.093193036281036,27.268818732712397,2.23218447493503,-5.389910816033804
-4.230150090087764,7.810899919649298,33.17543294268485,39.2034291633424,-9.241719808027286,27.201276527927472,-8.935823614079816,6.322482250630444,-9.718164628126704,11.606847318190814,-6.143739475723635,9.103273202290259,9.970904550576197
-6.387474095719435,-36.8859214888011,39.2034291633424,109.60552681782377,-26.36060514945953,70.89638260782515,-3.3246008824059623,25.623137176356547,-33.127966918661286,38.38408278815958,-28.696733896761536,14.689408983544546,15.464886845418393
-5.292551879676101,63.79202019939854,-9.241719808027286,-26.36060514945953,219.4515905086626,-57.48952111020149,54.1395767384647,3.7532618508140208,64.02180897411176,-84.65384509217328,43.98684718007882,17.72310260344954,-18.205675661545612
-2.945777622418442,-45.21107872767595,27.201276527927472,70.89638260782515,-57.48952111020149,140.3863523559118,14.483435329534798,26.58396384667655,-25.766311680708565,50.95465559295574,-35.86298997412198,-12.684704431949267,22.15210732718657
-1.8351605483217206,13.581434174854975,-8.935823614079816,-3.3246008824059623,54.1395767384647,14.483435329534798,91.95447764621802,61.43264595196389,35.25223739673168,-12.542499933683308,-3.83484233087987,-12.412492665010719,-22.392994116475975
-2.602938562805954,-12.820396285374532,6.322482250630444,25.623137176356547,3.7532618508140208,26.58396384667655,61.43264595196389,120.31185269082665,51.711429923626696,4.453958754952217,-15.41131599184856,-2.553213501228093,-30.909851101563067
0.1067472760222047,25.584992660105577,-9.718164628126704,-33.127966918661286,64.02180897411176,-25.766311680708565,35.25223739673168,51.711429923626696,102.49513079909252,6.312473053059135,28.610426826260067,0.8804922175836788,-10.099504071172818
1.5787090527172294,-35.093193036281036,11.606847318190814,38.38408278815958,-84.65384509217328,50.95465559295574,-12.542499933683308,4.453958754952217,6.312473053059135,119.43189393803115,14.68327583804639,9.805220258750545,26.260126136220467
1.0201577343267225,27.268818732712397,-6.143739475723635,-28.696733896761536,43.98684718007882,-35.86298997412198,-3.83484233087987,-15.41131599184856,28.610426826260067,14.68327583804639,89.74062014411841,43.01191525455864,12.321730535014114
-1.256277032509006,2.23218447493503,9.103273202290259,14.689408983544546,17.72310260344954,-12.684704431949267,-12.412492665010719,-2.553213501228093,0.8804922175836788,9.805220258750545,43.01191525455864,83.90767552551989,43.59855707756476
-0.10583064304750751,-5.389910816033804,9.970904550576197,15.464886845418393,-18.205675661545612,22.15210732718657,-22.392994116475975,-30.909851101563067,-10.099504071172818,26.260126136220467,12.321730535014114,43.59855707756476,81.18835994613954
