0.5321881508880052,-1.2811795834134247,-1.3189740585850256,-1.3077471638690512,-0.37571476953253274,1.927066419045826,0.9018493630692183,-1.742468196180764,-0.8665386511404573,0.4293787194248395,-0.3395503219484178,-2.196870047108173,-0.5668823380713661
-1.2811795834134247,49.822593480077344,0.5354142363654435,-40.03743023720549,70.88979716459176,-44.02726507881885,18.807236352848445,-9.447169179245945,34.00951907276565,-39.21455887858456,21.737971965187146,4.500546677684377,-6.635305397179507
-1.3189740585850256,0.5354142363654435,17.197203210252308,19.65201497162958,-16.600223172421334,21.296318096709733,-2.6508561687285694,4.863263095187012,-6.351665078209005,13.108992784980222,-6.047846938600538,-0.8461235247433654,5.2796329020210235
-1.3077471638690512,-40.03743023720549,19.65201497162958,77.56022170563661,-52.7488514541877,44.21912421079981,-12.580466421172831,32.652065285920926,-30.448050206487,41.52036563349424,-20.815938566012374,14.636567210175363,9.507112165238325
-0.37571476953253274,70.88979716459176,-16.600223172421334,-52.7488514541877,183.4736289855689,-91.92731097965222,35.612249334776735,11.15397463227097,71.85583705891426,-89.19449617660759,47.36985693224967,38.141901800563836,-20.529578834814554
1.927066419045826,-44.02726507881885,21.296318096709733,44.21912421079981,-91.92731097965222,120.4165976418578,5.949853863457123,-3.107407534093735,-42.65194437887735,57.70337643776908,-30.764121289791518,-37.88481495262922,17.034532776200468
0.9018493630692183,18.807236352848445,-2.6508561687285694,-12.580466421172831,35.612249334776735,5.949853863457123,50.62464401691629,11.695317269353831,18.3895333233324,-2.464506920218904,6.678605000701328,-6.998282261186032,-3.5938509811986132
-1.742468196180764,-9.447169179245945,4.863263095187012,32.652065285920926,11.15397463227097,-3.107407534093735,11.695317269353831,82.90531774383717,38.22424384366824,10.989757607186585,9.813851186459512,41.06065657948236,1.8326544299680192
-0.8665386511404573,34.00951907276565,-6.351665078209005,-30.448050206487,71.85583705891426,-42.65194437887735,18.3895333233324,38.22424384366824,89.68249727404107,-0.8188694004725322,45.034354272908544,29.296941060349337,-0.6389449597210989
0.4293787194248395,-39.21455887858456,13.108992784980222,41.52036563349424,-89.19449617660759,57.70337643776908,-2.464506920218904,10.989757607186585,-0.8188694004725322,115.66354709017962,14.141473404631022,-0.6146442088054773,20.59751985037265
-0.3395503219484178,21.737971965187146,-6.047846938600538,-20.815938566012374,47.36985693224967,-30.764121289791518,6.678605000701328,9.813851186459512,45.034354272908544,14.141473404631022,77.44710993787696,46.049872486594104,14.83478510770675
-2.196870047108173,4.500546677684377,-0.8461235247433654,14.636567210175363,38.141901800563836,-37.88481495262922,-6.998282261186032,41.06065657948236,29.296941060349337,-0.6146442088054773,46.049872486594104,94.09873458159711,35.31975061129207
-0.5668823380713661,-6.635305397179507,5.2796329020210235,9.507112165238325,-20.529578834814554,17.034532776200468,-3.5938509811986132,1.8326544299680192,-0.6389449597210989,20.59751985037265,14.83478510770675,35.31975061129207,55.613558219866576
