0.3114729530795753,-1.3458314047851603,-1.128698032329257,0.4335885440102157,1.7258874659466115,-1.960300202124933,-1.3758014412812027,-0.06068761264422654,0.8005764719316625,-0.6501727569047575,-0.12957215254384113,0.9344642923422013,0.4453450262391166
-1.3458314047851603,53.20845874927195,1.0592933138839438,-44.02051840517906,56.322103545844634,-41.593239809693735,22.126472351222926,-17.377031608873246,16.602370788007978,-34.769755477961326,22.2913652044942,-7.557865421907378,-11.107080773468057
-1.128698032329257,1.0592933138839438,19.028614972376626,15.629378439190868,-29.459502393253725,26.757933983370464,-9.357160700825126,-2.1396741510895567,-13.517868179810565,11.39055991677231,-8.596719723582861,-3.062864082461938,4.944222983670183
0.4335885440102157,-44.02051840517906,15.629378439190868,68.51270524476868,-53.48791905962804,44.22832761223685,-20.613380290947305,14.620208859779122,-24.506939970514313,37.985782481689235,-26.447547957956697,7.7106989075904355,13.090534350280524
1.7258874659466115,56.322103545844634,-29.459502393253725,-53.48791905962804,181.00422581622578,-102.07385966865534,41.872769901742565,6.874049984430075,67.29835229137511,-71.92344184653145,45.23019018135236,13.186243773615162,-25.62989503518817
-1.960300202124933,-41.593239809693735,26.757933983370464,44.22832761223685,-102.07385966865534,140.17576654018748,9.709719865244544,29.673872090936733,-17.50089819075869,66.52276677218023,-18.650572936338204,-15.164333816373281,17.014058845591023
-1.3758014412812027,22.126472351222926,-9.357160700825126,-20.613380290947305,41.872769901742565,9.709719865244544,80.25971597110544,30.06367525471624,31.958759316077195,13.258358066714512,21.18104291708939,-6.565507652163833,-12.52504686594833
-0.06068761264422654,-17.377031608873246,-2.1396741510895567,14.620208859779122,6.874049984430075,29.673872090936733,30.06367525471624,67.89065455083346,40.27890949187333,26.080804656364737,13.754420943672251,11.990216789389894,-3.293743131992397
0.8005764719316625,16.602370788007978,-13.517868179810565,-24.506939970514313,67.29835229137511,-17.50089819075869,31.958759316077195,40.27890949187333,84.22444347345137,7.2432042662980125,38.49588787057071,13.566063320087428,0.2519025563022186
-0.6501727569047575,-34.769755477961326,11.39055991677231,37.985782481689235,-71.92344184653145,66.52276677218023,13.258358066714512,26.080804656364737,7.2432042662980125,99.9253728055033,6.459781807069124,12.706046258323386,22.36593817879663
-0.12957215254384113,22.2913652044942,-8.596719723582861,-26.447547957956697,45.23019018135236,-18.650572936338204,21.18104291708939,13.754420943672251,38.49588787057071,6.459781807069124,72.72699323353524,29.338881626437562,11.936101007872665
0.9344642923422013,-7.557865421907378,-3.062864082461938,7.7106989075904355,13.186243773615162,-15.164333816373281,-6.565507652163833,11.990216789389894,13.566063320087428,12.706046258323386,29.338881626437562,61.53998569843257,33.66989054681717
0.4453450262391166,-11.107080773468057,4.944222983670183,13.090534350280524,-25.62989503518817,17.014058845591023,-12.52504686594833,-3.293743131992397,0.2519025563022186,22.36593817879663,11.936101007872665,33.66989054681717,57.55660260278515
