0.6675066755632155,-2.34858472544471,-3.9209411657422355,-1.9154850172004727,4.9456068296341735,-1.2480112004107973,0.40878725117230746,-1.1204463645239033,0.9850331101306887,-1.9364682805094824,0.6718117231251604,0.7333934270937257,-0.21742793714850137
-2.34858472544471,64.36597232546994,16.34442562758274,-47.31319677722508,40.209441212105105,-30.104766132692323,12.891513435748498,-11.707081957348228,29.28000278026863,-36.16480534757582,26.042144124572374,-14.912607572344232,2.7144667492732313
-3.9209411657422355,16.34442562758274,42.921921990103705,27.646167031231684,-56.924284295901124,32.318094591858745,-0.738407959273735,12.262072406039376,-13.783387635299915,27.530660142119714,-13.284972949007933,-7.668453052160101,6.267708054057883
-1.9154850172004727,-47.31319677722508,27.646167031231684,94.50688765239742,-71.2694400322179,51.72884608142082,-7.768431459706218,37.52542527815149,-34.30629456198559,62.70313141063078,-34.2837352991764,12.69562894315693,-0.6769418966508328
4.9456068296341735,40.209441212105105,-56.924284295901124,-71.2694400322179,228.47434926063474,-93.81336360263714,18.101032663646517,-2.549042903393698,91.0745623554794,-101.2155095467267,65.24106784227148,18.332144975348275,-15.673913277824465
-1.2480112004107973,-30.104766132692323,32.318094591858745,51.72884608142082,-93.81336360263714,102.71888131444932,11.23999952452537,10.054275256939802,-39.680839065409764,63.02868965057325,-27.721476220826393,-3.221454981476149,17.26606399297889
0.40878725117230746,12.891513435748498,-0.738407959273735,-7.768431459706218,18.101032663646517,11.23999952452537,44.00627483436734,14.699025255810042,11.158197434056566,3.050083221575328,14.064009167224798,0.48465224836413506,5.277083099913948
-1.1204463645239033,-11.707081957348228,12.262072406039376,37.52542527815149,-2.549042903393698,10.054275256939802,14.699025255810042,68.35893610566016,26.89588844050783,22.596060823528276,4.1043127962319375,19.597134912373544,-3.861687868355795
0.9850331101306887,29.28000278026863,-13.783387635299915,-34.30629456198559,91.0745623554794,-39.680839065409764,11.158197434056566,26.89588844050783,85.66284346432253,-19.486256534833334,42.488345222705,14.289912555706326,2.89284569107109
-1.9364682805094824,-36.16480534757582,27.530660142119714,62.70313141063078,-101.2155095467267,63.02868965057325,3.050083221575328,22.596060823528276,-19.486256534833334,108.83994401184904,-7.39398138866879,14.370823567110378,18.592789371807374
0.6718117231251604,26.042144124572374,-13.284972949007933,-34.2837352991764,65.24106784227148,-27.721476220826393,14.064009167224798,4.1043127962319375,42.488345222705,-7.39398138866879,76.12759683336719,29.686126067534733,13.507899317590335
0.7333934270937257,-14.912607572344232,-7.668453052160101,12.69562894315693,18.332144975348275,-3.221454981476149,0.48465224836413506,19.597134912373544,14.289912555706326,14.370823567110378,29.686126067534733,57.97049555570537,24.081933890653275
-0.21742793714850137,2.7144667492732313,6.267708054057883,-0.6769418966508328,-15.673913277824465,17.26606399297889,5.277083099913948,-3.861687868355795,2.89284569107109,18.592789371807374,13.507899317590335,24.081933890653275,48.605256287450814
