0.9009766759402746,-1.9382389795238189,-2.865544857828685,-2.7816740857042244,-0.05409515310551123,-0.27384568623319416,-0.3288275198625645,-0.5824275302549252,1.983616739823287,0.5719321894362529,-0.5083258572176558,-0.686922645190636,0.4178465986914512
-1.9382389795238189,56.02129948070653,10.084147610908397,-35.73796520980597,46.60816562690494,-44.91628045738141,11.414353340167304,-18.543233864437042,8.165244266180666,-34.74059950271326,23.128972461000128,5.822191817780455,-4.81637499014916
-2.865544857828685,10.084147610908397,30.166575573395644,27.71132655366495,-24.51169121139245,16.68439632564329,-14.449739511796553,-3.3435362380936535,-23.265883557455517,4.31461021676203,-4.199428559953543,4.8835267230904424,6.687803571437827
-2.7816740857042244,-35.73796520980597,27.71132655366495,84.68570490622291,-42.914056580657345,43.3518913498539,-15.297431489588192,14.951968503784718,-35.48567519628058,31.91175185339624,-22.398407686987905,2.454804341227854,7.468902823505036
-0.05409515310551123,46.60816562690494,-24.51169121139245,-42.914056580657345,177.98698246202264,-72.25799693852144,43.77747451659525,3.896706790217203,70.1284801855434,-57.15607770665014,37.20526141865299,9.688029459953936,-17.878695731199013
-0.27384568623319416,-44.91628045738141,16.68439632564329,43.3518913498539,-72.25799693852144,141.78873659869757,15.505092729845659,32.243471482738656,3.150557405639215,70.71440545107264,-19.262554881508585,-12.488694189677531,29.06903771775135
-0.3288275198625645,11.414353340167304,-14.449739511796553,-15.297431489588192,43.77747451659525,15.505092729845659,86.0810215797585,49.20167271036169,49.708558455221855,25.89309564716631,22.138571244279767,6.168894365191372,-3.0443889598340235
-0.5824275302549252,-18.543233864437042,-3.3435362380936535,14.951968503784718,3.896706790217203,32.243471482738656,49.20167271036169,94.00232553230263,62.1665586595356,42.57144794432494,24.44773717948171,17.152418739120073,-0.44349247159919875
1.983616739823287,8.165244266180666,-23.265883557455517,-35.48567519628058,70.1284801855434,3.150557405639215,49.708558455221855,62.1665586595356,131.77577213988823,46.13625197505341,47.92853575718292,16.657196825780755,15.125638989865728
0.5719321894362529,-34.74059950271326,4.31461021676203,31.91175185339624,-57.15607770665014,70.71440545107264,25.89309564716631,42.57144794432494,46.13625197505341,129.6766185989619,26.921092129253434,21.161252095176227,33.54803197837187
-0.5083258572176558,23.128972461000128,-4.199428559953543,-22.398407686987905,37.20526141865299,-19.262554881508585,22.138571244279767,24.44773717948171,47.92853575718292,26.921092129253434,95.47253882384447,51.97057242091303,19.052994553777367
-0.686922645190636,5.822191817780455,4.8835267230904424,2.454804341227854,9.688029459953936,-12.488694189677531,6.168894365191372,17.152418739120073,16.657196825780755,21.161252095176227,51.97057242091303,76.22294054001945,42.29679658576701
0.4178465986914512,-4.81637499014916,6.687803571437827,7.468902823505036,-17.878695731199013,29.06903771775135,-3.0443889598340235,-0.44349247159919875,15.125638989865728,33.54803197837187,19.052994553777367,42.29679658576701,75.47206287589925
