0.2748340428640119,-1.4097113075398797,-1.1558369685357412,0.6527193768282157,1.5554595952680166,-1.4121676095047666,0.2219169892335563,0.6695230438296691,-0.13980981038541168,0.26233332165254053,0.012078955200887444,-0.0863797620792994,-0.4653056368298037
-1.4097113075398797,61.30026901775968,9.554376405806181,-44.94329661796558,50.18014556601253,-46.128707553010294,12.162765246879356,-19.93231343556574,26.89154133893361,-33.281284037973556,14.734308748909124,-5.800717331096818,-9.139909484677895
-1.1558369685357412,9.554376405806181,26.403616574432597,14.749442097795018,-33.54894076301541,23.292089577680635,-15.445323776248976,-4.323200360074989,-6.775882275699587,11.70147722727047,-12.59081159339289,-5.189782464807901,5.811501718223523
0.6527193768282157,-44.94329661796558,14.749442097795018,71.13979933453903,-51.76838200608662,49.98878413862889,-6.793594960399348,17.086581727982086,-35.593587738425434,42.746896520119975,-20.054552424514146,1.3847580279385836,9.396148535100084
1.5554595952680166,50.18014556601253,-33.54894076301541,-51.76838200608662,191.61329560582803,-78.99051433421475,63.16331160343397,4.329109528190522,53.00995994600142,-64.92273311871044,50.36961793515139,14.475937442361637,-24.444639907612665
-1.4121676095047666,-46.128707553010294,23.292089577680635,49.98878413862889,-78.99051433421475,143.3596678154264,-8.442173695978454,21.07385212934107,-4.227292421872513,46.06605846255202,-20.754171231577004,-1.4464094773533245,31.667733008425316
0.2219169892335563,12.162765246879356,-15.445323776248976,-6.793594960399348,63.16331160343397,-8.442173695978454,76.76710537335754,31.59527182398531,22.99023683499888,6.162964801886995,16.032859065515513,2.4676549890480044,-8.656282782181464
0.6695230438296691,-19.93231343556574,-4.323200360074989,17.086581727982086,4.329109528190522,21.07385212934107,31.59527182398531,69.7722282319633,28.772537672107987,19.54207476322308,7.942582444960319,5.919804616817275,-5.674464714269361
-0.13980981038541168,26.89154133893361,-6.775882275699587,-35.593587738425434,53.00995994600142,-4.227292421872513,22.99023683499888,28.772537672107987,90.11259939090088,-1.9712455593793532,27.535327558634034,8.15777645292159,5.190011526716184
0.26233332165254053,-33.281284037973556,11.70147722727047,42.746896520119975,-64.92273311871044,46.06605846255202,6.162964801886995,19.54207476322308,-1.9712455593793532,98.55534893553452,4.437900067367837,13.040659838787485,25.827262517622092
0.012078955200887444,14.734308748909124,-12.59081159339289,-20.054552424514146,50.36961793515139,-20.754171231577004,16.032859065515513,7.942582444960319,27.535327558634034,4.437900067367837,81.54419210651051,39.87759891637281,13.150534814704574
-0.0863797620792994,-5.800717331096818,-5.189782464807901,1.3847580279385836,14.475937442361637,-1.4464094773533245,2.4676549890480044,5.919804616817275,8.15777645292159,13.040659838787485,39.87759891637281,61.74683089601884,33.50078424473052
-0.4653056368298037,-9.139909484677895,5.811501718223523,9.396148535100084,-24.444639907612665,31.667733008425316,-8.656282782181464,-5.674464714269361,5.190011526716184,25.827262517622092,13.150534814704574,33.50078424473052,61.672803508305265
