1.0604761449552569,-3.883609473531867,-4.353696004743798,0.11181948966238478,5.534877417919471,-4.04284428421033,-3.0946809210640005,-0.21911441723345085,1.7117968789975335,-2.2261784130116786,-1.1794853313101783,0.2230310389855999,-2.6073888407871135
-3.883609473531867,69.21954995740059,18.462137842282747,-51.63935527267258,26.19670622890074,-24.428598824576184,36.93960224157738,-12.7568896464081,20.19614639609455,-18.64457936622744,29.47308883867982,-7.128473199350933,6.200962685877031
-4.353696004743798,18.462137842282747,37.44625521401083,11.512827865580459,-54.60455769451273,44.51224834900577,13.005637653954109,5.099232869944615,-11.411106165730612,28.114523066889987,-0.6117374282434094,-5.317313143999229,20.140925193854258
0.11181948966238478,-51.63935527267258,11.512827865580459,85.35273170232229,-24.86176175810576,41.8920903711817,-21.653695008868574,22.74283570924932,-23.277817941030683,33.58520391414912,-24.143113388257394,14.43866258262144,4.590493508961075
5.534877417919471,26.19670622890074,-54.60455769451273,-24.86176175810576,264.6101033327294,-120.78141853849353,5.038560862944,-1.1077431999218617,76.02491638222335,-101.08299344440435,38.25217541468666,31.94341022575072,-42.69461395251052
-4.04284428421033,-24.428598824576184,44.51224834900577,41.8920903711817,-120.78141853849353,156.4823560310342,31.906776747420988,18.18329138096719,-33.67320124640361,71.73999383171626,-20.021425810931657,-24.72782847735161,36.47007308041496
-3.0946809210640005,36.93960224157738,13.005637653954109,-21.653695008868574,5.038560862944,31.906776747420988,89.21889590531869,22.984933601919796,16.19485094817421,16.40745502884009,11.765397345397826,-17.561615729151793,8.698644712862832
-0.21911441723345085,-12.7568896464081,5.099232869944615,22.74283570924932,-1.1077431999218617,18.18329138096719,22.984933601919796,71.27960566113744,34.29558713174711,16.654230756498382,-0.5436130695943361,9.02525942563921,-4.135571271570201
1.7117968789975335,20.19614639609455,-11.411106165730612,-23.277817941030683,76.02491638222335,-33.67320124640361,16.19485094817421,34.29558713174711,89.02216722139083,-2.473306019982784,29.135479196823855,10.229213107536303,-2.0070880834964986
-2.2261784130116786,-18.64457936622744,28.114523066889987,33.58520391414912,-101.08299344440435,71.73999383171626,16.40745502884009,16.654230756498382,-2.473306019982784,112.39028277895167,12.866900555356557,5.105338008917191,31.1497874653535
-1.1794853313101783,29.47308883867982,-0.6117374282434094,-24.143113388257394,38.25217541468666,-20.021425810931657,11.765397345397826,-0.5436130695943361,29.135479196823855,12.866900555356557,76.60709140060077,35.435723813293905,15.802715012112447
0.2230310389855999,-7.128473199350933,-5.317313143999229,14.43866258262144,31.94341022575072,-24.72782847735161,-17.561615729151793,9.02525942563921,10.229213107536303,5.105338008917191,35.435723813293905,72.01265232956618,27.578442205731836
-2.6073888407871135,6.200962685877031,20.140925193854258,4.590493508961075,-42.69461395251052,36.47007308041496,8.698644712862832,-4.135571271570201,-2.0070880834964986,31.1497874653535,15.802715012112447,27.578442205731836,67.94664905520996
