1.7815658352396426,-0.21196800842926825,-1.0520826984445957,-1.3850968916038635,0.41153603552944945,-0.9425715485348235,-0.36907815090471313,-0.6362255311804967,1.5342045368890866,0.7589397612912867,0.09455734473916243,-0.5652438982762453,0.0028378193844021565
-0.21196800842926825,64.86220582408934,10.09041653242809,-46.403601511089256,46.44446478190532,-39.164431017114545,17.33205901469346,-22.014993812549953,12.310690052205485,-34.196743496866574,23.424156375649062,-2.3753089342281055,-8.716302132840692
-1.0520826984445957,10.09041653242809,26.58955468075946,18.70125664488472,-29.156759301583094,26.945714208315092,-8.020382437626889,-1.1088655188963283,-17.794954745651168,10.86067778493264,-3.0683570569312644,3.0838945299623375,5.525324703762857
-1.3850968916038635,-46.403601511089256,18.70125664488472,80.30303847432614,-43.80171511093308,53.39778155461804,-6.3248476903706505,25.4487156507841,-25.207050688562376,43.38925563569096,-15.517886115838753,9.650147388880445,11.37877400230395
0.41153603552944945,46.44446478190532,-29.156759301583094,-43.80171511093308,187.83101372870382,-79.91446674563981,52.5914994761978,10.772447516355825,74.44624079148919,-59.82622966096897,47.45459340319699,11.078535209572738,-23.1566548791818
-0.9425715485348235,-39.164431017114545,26.945714208315092,53.39778155461804,-79.91446674563981,138.35920823604525,8.3836691735085,28.96906214358571,-13.364908087525235,64.63723830960578,-20.603461072436172,-5.766649695864192,30.310168118408182
-0.36907815090471313,17.33205901469346,-8.020382437626889,-6.3248476903706505,52.5914994761978,8.3836691735085,84.91121844548348,46.51042998268274,37.70027841732431,7.925260182121003,17.133265975869982,5.386669586728862,-1.6696475312996184
-0.6362255311804967,-22.014993812549953,-1.1088655188963283,25.4487156507841,10.772447516355825,28.96906214358571,46.51042998268274,90.16263988063695,45.117319753656936,22.643403486295686,11.784395885502034,15.427839725014163,-1.0408022139143105
1.5342045368890866,12.310690052205485,-17.794954745651168,-25.207050688562376,74.44624079148919,-13.364908087525235,37.70027841732431,45.117319753656936,96.60913730595745,11.909196654773519,35.419502214907624,8.599260909298884,2.2591090755958465
0.7589397612912867,-34.196743496866574,10.86067778493264,43.38925563569096,-59.82622966096897,64.63723830960578,7.925260182121003,22.643403486295686,11.909196654773519,109.50168221754947,17.183668068201374,20.490402774987842,29.36463826371004
0.09455734473916243,23.424156375649062,-3.0683570569312644,-15.517886115838753,47.45459340319699,-20.603461072436172,17.133265975869982,11.784395885502034,35.419502214907624,17.183668068201374,86.9786827519467,45.09133468956871,15.826027028306974
-0.5652438982762453,-2.3753089342281055,3.0838945299623375,9.650147388880445,11.078535209572738,-5.766649695864192,5.386669586728862,15.427839725014163,8.599260909298884,20.490402774987842,45.09133468956871,69.10894229482177,36.28623210920288
0.0028378193844021565,-8.716302132840692,5.525324703762857,11.37877400230395,-23.1566548791818,30.310168118408182,-1.6696475312996184,-1.0408022139143105,2.2591090755958465,29.36463826371004,15.826027028306974,36.28623210920288,65.14985664755481
