0.7816253834407835,-2.067782690212267,-2.6583543685060635,-1.4819800744933471,1.0282660553319594,-1.6116198068097853,-1.0944187702839028,-1.2207002767391832,0.09534703825622756,-0.9281414853896726,-0.8062142269607991,-0.852782886037054,-0.6401069995396623
-2.067782690212267,63.006423032907186,10.2346454427451,-48.17300008474143,40.67743694282661,-39.485713474081734,23.47842671432932,-13.181186953339724,18.241185909511895,-36.31581112421543,21.41918448165001,-2.1825243639893195,-3.621384815279548
-2.6583543685060635,10.2346454427451,29.29153677057829,18.27545277046583,-36.41116734987761,30.9578543244889,-1.9735810428986982,4.242938953816504,-14.805712377172128,13.166885968852638,-6.287310014894307,3.219242508790918,12.37221819744536
-1.4819800744933471,-48.17300008474143,18.27545277046583,88.07300989913941,-29.368451517456748,51.262631037302,-14.242136647598512,22.60102177618092,-25.147185290543934,43.53749101039222,-15.769700475037808,13.81328693563601,10.494405226760946
1.0282660553319594,40.67743694282661,-36.41116734987761,-29.368451517456748,232.6804693592725,-94.38699329210091,30.351096205196423,-5.328850716218215,74.90882580813175,-71.74620069974497,59.47370384138076,23.97717024818822,-28.35242810005623
-1.6116198068097853,-39.485713474081734,30.9578543244889,51.262631037302,-94.38699329210091,141.8184384434402,13.462852222471968,21.14140747818715,-25.797066524941894,65.52932073774969,-28.5591137603172,-14.760583792738858,28.805761926712876
-1.0944187702839028,23.47842671432932,-1.9735810428986982,-14.242136647598512,30.351096205196423,13.462852222471968,83.40245129640577,45.31290034198093,38.45422013697717,10.382431936275133,5.302380117948299,-13.412202459607151,-8.440454542613223
-1.2207002767391832,-13.181186953339724,4.242938953816504,22.60102177618092,-5.328850716218215,21.14140747818715,45.31290034198093,107.05909875731359,62.67658481404668,31.884198858611416,-1.6402850215566156,-5.24542261610689,-18.383054087407853
0.09534703825622756,18.241185909511895,-14.805712377172128,-25.147185290543934,74.90882580813175,-25.797066524941894,38.45422013697717,62.67658481404668,121.75587191753696,26.88219184789726,37.78598009787911,1.554897743042834,-12.84605852746277
-0.9281414853896726,-36.31581112421543,13.166885968852638,43.53749101039222,-71.74620069974497,65.52932073774969,10.382431936275133,31.884198858611416,26.88219184789726,128.2335914670434,19.628631946714062,17.383505286496604,23.327390854372325
-0.8062142269607991,21.41918448165001,-6.287310014894307,-15.769700475037808,59.47370384138076,-28.5591137603172,5.302380117948299,-1.6402850215566156,37.78598009787911,19.628631946714062,98.69584689523718,60.86637317003627,19.457950420861646
-0.852782886037054,-2.1825243639893195,3.219242508790918,13.81328693563601,23.97717024818822,-14.760583792738858,-13.412202459607151,-5.24542261610689,1.554897743042834,17.383505286496604,60.86637317003627,91.40040732426338,47.52531079081828
-0.6401069995396623,-3.621384815279548,12.37221819744536,10.494405226760946,-28.35242810005623,28.805761926712876,-8.440454542613223,-18.383054087407853,-12.84605852746277,23.327390854372325,19.457950420861646,47.52531079081828,75.48972082294057
