0.3424835332893165,-1.1004327889283991,-0.8739132345148177,0.008383021838181256,0.7826072337710522,-1.8706785197839155,-1.3900787003682418,-0.43372251371533904,0.40043969702622473,-0.5945474290320572,-0.005639409844322513,0.8846070358560636,0.5386270576226283
-1.1004327889283991,56.75349245550731,4.510659407959794,-44.891310660373904,55.42276249993108,-44.221539066112264,17.33947645207137,-16.62379539925237,21.711411353342072,-37.57180316389908,19.081245545316232,-0.12092719169702212,-3.573168211698009
-0.8739132345148177,4.510659407959794,21.637253485912506,16.62513970182335,-28.270437823883594,23.11203819584033,-9.033692972836713,0.524215017623198,-12.640959061571984,8.295789002843279,-10.358922446861772,2.5386993370332918,10.427882531829495
0.008383021838181256,-44.891310660373904,16.62513970182335,72.42561166558227,-54.071398659176495,56.30759959528537,-8.3522580687955,18.168533437064948,-30.085348015234853,44.13808085505654,-21.490098644552962,1.275079982507931,7.524717851185887
0.7826072337710522,55.42276249993108,-28.270437823883594,-54.071398659176495,185.74436563720332,-81.09239369046438,49.05696661799743,-0.41718313435685933,68.2918991524115,-64.7249037794493,51.45490194579599,2.404824181387238,-33.800032548684534
-1.8706785197839155,-44.221539066112264,23.11203819584033,56.30759959528537,-81.09239369046438,134.19455537185223,11.5991961641133,33.6392366873715,-21.616895425544744,62.28580993994698,-22.349105933392728,-12.364678925924967,14.458066628786105
-1.3900787003682418,17.33947645207137,-9.033692972836713,-8.3522580687955,49.05696661799743,11.5991961641133,78.27364832899217,36.08279910302453,29.95789355109003,7.705565005195917,15.14879810717407,-8.97333731860118,-18.43660348008072
-0.43372251371533904,-16.62379539925237,0.524215017623198,18.168533437064948,-0.41718313435685933,33.6392366873715,36.08279910302453,69.72283511143615,33.799725251370525,26.418444831099617,9.37774377799022,-0.23249232094721128,-14.65366209375158
0.40043969702622473,21.711411353342072,-12.640959061571984,-30.085348015234853,68.2918991524115,-21.616895425544744,29.95789355109003,33.799725251370525,88.35072847926675,10.320302778468221,38.90917599178524,6.903949549228115,-3.9782032200004256
-0.5945474290320572,-37.57180316389908,8.295789002843279,44.13808085505654,-64.7249037794493,62.28580993994698,7.705565005195917,26.418444831099617,10.320302778468221,108.93230851110548,14.531648155531952,14.565866748590553,20.607844925894693
-0.005639409844322513,19.081245545316232,-10.358922446861772,-21.490098644552962,51.45490194579599,-22.349105933392728,15.14879810717407,9.37774377799022,38.90917599178524,14.531648155531952,78.4791678299304,34.657845018971024,6.903014488233731
0.8846070358560636,-0.12092719169702212,2.5386993370332918,1.275079982507931,2.404824181387238,-12.364678925924967,-8.97333731860118,-0.23249232094721128,6.903949549228115,14.565866748590553,34.657845018971024,61.69961222443974,39.518060216817055
0.5386270576226283,-3.573168211698009,10.427882531829495,7.524717851185887,-33.800032548684534,14.458066628786105,-18.43660348008072,-14.65366209375158,-3.9782032200004256,20.607844925894693,6.903014488233731,39.518060216817055,72.29695887368342
