0.5438159083488532,-2.0715924817180267,-2.2151916366241173,0.32816793513772996,2.5998552002555755,-3.960035928156201,-1.5914956992007954,1.2573424706665377,1.4904361580335663,-1.2249332482926987,0.09254200891344751,1.2822042063765906,-1.0897247610315395
-2.0715924817180267,63.63113412784071,11.765496172616324,-50.17597768327021,40.61933787859515,-25.564086319233798,15.877139066949567,-34.730459922013345,15.19654756897049,-22.96671256525952,29.56801103945975,-8.40612728354856,4.001010532869057
-2.2151916366241173,11.765496172616324,29.34778766280182,13.386372702131426,-39.6423441743191,42.218804134553764,-4.3881487784827025,-14.72125127829193,-19.213084139774185,24.174365876047975,-1.2028287692338437,-5.203478962124267,16.943777249243784
0.32816793513772996,-50.17597768327021,13.386372702131426,82.25268082185823,-37.58715570497675,39.182557611801066,-14.071438228371534,32.40002880768383,-23.252574696194483,34.10903876658011,-26.341114632389502,15.246856226840382,6.821237928387967
2.5998552002555755,40.61933787859515,-39.6423441743191,-37.58715570497675,214.81316202359744,-116.82989549700144,31.57515273623457,28.885170403867377,81.92838501479902,-99.82352254256304,36.33651937961853,28.981330611097974,-35.226200274979696
-3.960035928156201,-25.564086319233798,42.218804134553764,39.182557611801066,-116.82989549700144,186.08548984398647,39.46726440076027,1.0820685139956314,-46.39771421601585,78.18684960909785,-24.686126927700982,-37.317789573609375,36.29252715221154
-1.5914956992007954,15.877139066949567,-4.3881487784827025,-14.071438228371534,31.57515273623457,39.46726440076027,97.2212086267388,39.27702714069984,24.589509844788346,7.198540805262558,5.950129988461411,-20.616772315358528,-8.08070342191909
1.2573424706665377,-34.730459922013345,-14.72125127829193,32.40002880768383,28.885170403867377,1.0820685139956314,39.27702714069984,115.79250122045643,59.046712288298984,4.4418150598300405,-6.386778912821377,14.384603554587054,-28.44673219280757
1.4904361580335663,15.19654756897049,-19.213084139774185,-23.252574696194483,81.92838501479902,-46.39771421601585,24.589509844788346,59.046712288298984,100.75058896019026,-7.14529975161676,28.827446357966046,14.646499065736057,-17.368249392722756
-1.2249332482926987,-22.96671256525952,24.174365876047975,34.10903876658011,-99.82352254256304,78.18684960909785,7.198540805262558,4.4418150598300405,-7.14529975161676,119.40617709622232,13.608326480874892,3.4745286069505683,30.352931836736385
0.09254200891344751,29.56801103945975,-1.2028287692338437,-26.341114632389502,36.33651937961853,-24.686126927700982,5.950129988461411,-6.386778912821377,28.827446357966046,13.608326480874892,82.46167175846114,39.80231915336658,19.62379688997987
1.2822042063765906,-8.40612728354856,-5.203478962124267,15.246856226840382,28.981330611097974,-37.317789573609375,-20.616772315358528,14.384603554587054,14.646499065736057,3.4745286069505683,39.80231915336658,80.66396928410889,32.58800700108736
-1.0897247610315395,4.001010532869057,16.943777249243784,6.821237928387967,-35.226200274979696,36.29252715221154,-8.08070342191909,-28.44673219280757,-17.368249392722756,30.352931836736385,19.62379688997987,32.58800700108736,71.59181573642698
