0.2358132300169191,-0.7802464823821124,-0.9703719250473702,-0.008042579366501285,0.6239723861321924,-1.9721778966026553,-0.6281481843049084,0.47526252945651537,-0.2730476272607192,-1.0271492360569245,-0.26778135332387554,0.10024589403284578,-0.7480688064705491
-0.7802464823821124,51.53545427158202,-0.06829912778599219,-45.00217011037793,62.69848647326549,-41.87936028675378,22.476864918987907,-15.53759830684646,27.075385680393847,-32.12104410833043,23.72382825909936,-0.3364294039295605,-4.839911241073116
-0.9703719250473702,-0.06829912778599219,19.692457381318036,16.92227970049614,-25.75803255325069,33.32419822218811,-6.363437527049516,0.9588993632231293,-6.106489426511243,15.509763601794972,-6.895321535890753,-0.06834355234256624,10.438251321080239
-0.008042579366501285,-45.00217011037793,16.92227970049614,71.78411280103423,-56.886654429683155,55.697505293845055,-14.854646495605609,15.025163803508873,-31.0561890764356,44.34830807059611,-23.52153050624864,1.923306911341198,9.575780759369229
0.6239723861321924,62.69848647326549,-25.75803255325069,-56.886654429683155,178.91566166099577,-93.05360140842104,43.637498124028134,-8.84687799476427,57.17240089321277,-63.95103982205074,52.185006893066664,10.376759074062912,-26.790144694328447
-1.9721778966026553,-41.87936028675378,33.32419822218811,55.697505293845055,-93.05360140842104,146.81812655475443,3.85511789917062,28.384463385416126,-9.120956037483595,65.14166136192952,-26.47000903279756,-10.834862510532915,31.147476677091298
-0.6281481843049084,22.476864918987907,-6.363437527049516,-14.854646495605609,43.637498124028134,3.85511789917062,79.14466668455135,31.358190919197447,30.943627295934185,9.05036421857681,8.171557883524017,-6.604037609229076,-6.892086333550337
0.47526252945651537,-15.53759830684646,0.9588993632231293,15.025163803508873,-8.84687799476427,28.384463385416126,31.358190919197447,71.14560764556266,28.064622078476532,17.907498571167014,-1.1847820806011482,-1.3132533415983079,-8.98814472346771
-0.2730476272607192,27.075385680393847,-6.106489426511243,-31.0561890764356,57.17240089321277,-9.120956037483595,30.943627295934185,28.064622078476532,76.68443919357436,5.1132034027104245,34.893006984118465,8.86080223353926,2.1271589873854375
-1.0271492360569245,-32.12104410833043,15.509763601794972,44.34830807059611,-63.95103982205074,65.14166136192952,9.05036421857681,17.907498571167014,5.1132034027104245,106.24813558411797,13.177808925450627,20.853382570494233,32.50123030929008
-0.26778135332387554,23.72382825909936,-6.895321535890753,-23.52153050624864,52.185006893066664,-26.47000903279756,8.171557883524017,-1.1847820806011482,34.893006984118465,13.177808925450627,85.4126888908764,43.1256946333978,20.74346658969182
0.10024589403284578,-0.3364294039295605,-0.06834355234256624,1.923306911341198,10.376759074062912,-10.834862510532915,-6.604037609229076,-1.3132533415983079,8.86080223353926,20.853382570494233,43.1256946333978,65.38641157608093,39.11488796822616
-0.7480688064705491,-4.839911241073116,10.438251321080239,9.575780759369229,-26.790144694328447,31.147476677091298,-6.892086333550337,-8.98814472346771,2.1271589873854375,32.50123030929008,20.74346658969182,39.11488796822616,65.99642209939951
