0.20683478518518805,-0.6748162001879047,-0.8345031039918348,-0.3620684271463914,0.5008162730399094,-0.4237293491047817,0.560797066378821,0.6506448153453667,0.42908587911914065,0.07682771782174456,-0.16749586890850104,-0.4476863809313215,-0.5463253640059516
-0.6748162001879047,55.13201523844045,7.550944427301955,-39.77885171265071,52.848573459473286,-39.90143729795073,17.584077021670495,-14.126064275946078,25.866259208377713,-31.092166677632193,21.682311977276534,4.853221465114851,-0.6149557060889439
-0.8345031039918348,7.550944427301955,27.037654849040905,19.67450394668618,-30.885582401963937,29.01186400824738,-7.8696849398591135,2.857148075694334,-8.984210786937044,15.526612875573692,-3.791573320248628,5.223010994862361,14.05160049741102
-0.3620684271463914,-39.77885171265071,19.67450394668618,71.61762839177588,-50.505412736107345,57.54823327276872,-8.527799231167577,15.296455048849008,-33.43343207080729,45.04952393944674,-19.480870021813484,0.8364795410945082,11.218010465621333
0.5008162730399094,52.848573459473286,-30.885582401963937,-50.505412736107345,198.98943786515366,-73.00492651227538,52.94314630287458,-7.015808616129084,63.881894607608594,-67.47757893146422,39.29007765411136,2.502845942293003,-31.701318225266842
-0.4237293491047817,-39.90143729795073,29.01186400824738,57.54823327276872,-73.00492651227538,138.36658315412174,7.721202366538527,35.02494433659321,-6.815389915992163,57.168106844987264,-19.973076982310676,-11.38434181312428,20.6474327665556
0.560797066378821,17.584077021670495,-7.8696849398591135,-8.527799231167577,52.94314630287458,7.721202366538527,82.20908588754504,41.012890124968365,35.41335210123091,7.718960225838231,8.06911014173134,-10.500658173064908,-14.706930797487384
0.6506448153453667,-14.126064275946078,2.857148075694334,15.296455048849008,-7.015808616129084,35.02494433659321,41.012890124968365,76.5927103398998,41.34067337945412,32.209496110241105,4.396696381902117,-2.557086655020442,-11.661668127068696
0.42908587911914065,25.866259208377713,-8.984210786937044,-33.43343207080729,63.881894607608594,-6.815389915992163,35.41335210123091,41.34067337945412,102.6985509411413,14.39019828470003,37.631051890603,3.596082502664688,-9.457574257794203
0.07682771782174456,-31.092166677632193,15.526612875573692,45.04952393944674,-67.47757893146422,57.168106844987264,7.718960225838231,32.209496110241105,14.39019828470003,112.71638504139199,19.610055960012225,11.707530031667277,17.439264682647647
-0.16749586890850104,21.682311977276534,-3.791573320248628,-19.480870021813484,39.29007765411136,-19.973076982310676,8.06911014173134,4.396696381902117,37.631051890603,19.610055960012225,76.07631545177601,41.840291039880505,17.890391626403105
-0.4476863809313215,4.853221465114851,5.223010994862361,0.8364795410945082,2.502845942293003,-11.38434181312428,-10.500658173064908,-2.557086655020442,3.596082502664688,11.707530031667277,41.840291039880505,70.51839722207018,45.89993896678242
-0.5463253640059516,-0.6149557060889439,14.05160049741102,11.218010465621333,-31.701318225266842,20.6474327665556,-14.706930797487384,-11.661668127068696,-9.457574257794203,17.439264682647647,17.890391626403105,45.89993896678242,72.19147696471607
