0.619375003907804,-0.7031977506396716,-1.7344583879428879,-2.476319737977741,-1.9043038580872227,-1.2152580381570963,-0.18673614872984545,-0.5042807889852481,-0.10810129484702817,1.054066588876303,2.037245414078564,0.0686670691181133,-1.258606685883659
-0.7031977506396716,48.27606427681919,1.0013788501423044,-38.59665338022295,67.37404098694562,-43.086007374589336,16.106441190697904,-11.66602130122322,29.206385972055877,-35.54070439024651,24.151689531699922,4.454043961115654,-4.8741024744814565
-1.7344583879428879,1.0013788501423044,21.115677848904717,26.185441836215425,-12.281233555863038,24.180952824458167,-5.5807195718972995,7.7034680190586675,-5.495839942601335,10.80978789592605,-5.270771265199402,4.662785784977395,7.898048604728451
-2.476319737977741,-38.59665338022295,26.185441836215425,86.51271283517295,-51.1516335853044,61.987792668572766,-4.84568204221146,23.71141013992462,-36.63702979160838,45.415966751801,-18.866995959883397,4.80410571484001,12.58088339172966
-1.9043038580872227,67.37404098694562,-12.281233555863038,-51.1516335853044,182.37807483899104,-63.27947803344657,44.16389977744552,-9.431476985538778,64.23199442983697,-76.88512430678409,33.42732795844806,10.799866950953726,-2.2779095571991754
-1.2152580381570963,-43.086007374589336,24.180952824458167,61.987792668572766,-63.27947803344657,115.57527648715195,5.7377165220434145,34.77772537649288,-11.750497032010035,53.24830118390722,-26.826761636853526,-5.262917603549014,22.336557034679394
-0.18673614872984545,16.106441190697904,-5.5807195718972995,-4.84568204221146,44.16389977744552,5.7377165220434145,63.38520826676389,29.55360880684385,29.509607160966738,8.759625811320927,13.904454746539438,0.949920741950125,-1.7353182294822207
-0.5042807889852481,-11.66602130122322,7.7034680190586675,23.71141013992462,-9.431476985538778,34.77772537649288,29.55360880684385,66.06829343350164,31.53152546793055,35.47283876740452,13.07170705811419,5.130723038762228,-1.68051705983251
-0.10810129484702817,29.206385972055877,-5.495839942601335,-36.63702979160838,64.23199442983697,-11.750497032010035,29.509607160966738,31.53152546793055,99.62881326833472,12.821382599849928,28.915811797969422,6.594610800229747,11.401040818891309
1.054066588876303,-35.54070439024651,10.80978789592605,45.415966751801,-76.88512430678409,53.24830118390722,8.759625811320927,35.47283876740452,12.821382599849928,122.34203174569882,30.44809984311592,18.69827531588499,13.716182475356655
2.037245414078564,24.151689531699922,-5.270771265199402,-18.866995959883397,33.42732795844806,-26.826761636853526,13.904454746539438,13.07170705811419,28.915811797969422,30.44809984311592,109.97434575108012,45.72401690095294,-3.262921191282534
0.0686670691181133,4.454043961115654,4.662785784977395,4.80410571484001,10.799866950953726,-5.262917603549014,0.949920741950125,5.130723038762228,6.594610800229747,18.69827531588499,45.72401690095294,59.78374325089053,32.18640936072049
-1.258606685883659,-4.8741024744814565,7.898048604728451,12.58088339172966,-2.2779095571991754,22.336557034679394,-1.7353182294822207,-1.68051705983251,11.401040818891309,13.716182475356655,-3.262921191282534,32.18640936072049,69.02993774079751
