1.2632463757625296,-2.3134147091159853,-3.873843557735053,-4.278891103339418,-1.4546083293442285,-0.1708018938202079,1.402811173873993,-1.4564617118861791,-0.8392335267039605,-0.8786975764098884,-0.294949046817495,-0.908281743236151,-0.08798372878617824
-2.3134147091159853,65.025134455635,16.25044258918617,-50.50321704877211,31.579987750044456,-25.216620666681646,33.19755891886791,-10.604420724041539,22.472670318391433,-32.08686292224043,23.844562076779965,-9.696922090431109,2.895601714949323
-3.873843557735053,16.25044258918617,40.6995574984644,17.372082290527118,-59.53212154492042,45.89183886804198,15.221961853654864,6.307036564067689,-20.49996216734488,24.375177166554938,-3.1379619513442862,-6.339327891296525,14.770903539603662
-4.278891103339418,-50.50321704877211,17.372082290527118,105.01122209032874,-7.785458796947732,31.702829682088215,-36.590733052513414,30.29435308609513,-11.790898931211078,49.18645199133971,-19.668204738684445,21.55293079550957,0.3870281608385445
-1.4546083293442285,31.579987750044456,-59.53212154492042,-7.785458796947732,332.54601422589406,-144.94287819223516,-34.702078917893516,4.096889747335029,126.26774007517578,-99.30852353246254,50.6305364686914,45.96862568267139,-42.43900588562678
-0.1708018938202079,-25.216620666681646,45.89183886804198,31.702829682088215,-144.94287819223516,190.63850087699066,66.94144473721316,5.791744988667399,-70.24386872899447,71.44115207220912,-17.725619206669247,-30.123397631671864,38.978319077832204
1.402811173873993,33.19755891886791,15.221961853654864,-36.590733052513414,-34.702078917893516,66.94144473721316,114.69373635351897,18.372154098203417,-14.43430558063389,5.94578503249439,13.861333619608878,-23.840162542777314,15.174229411659558
-1.4564617118861791,-10.604420724041539,6.307036564067689,30.29435308609513,4.096889747335029,5.791744988667399,18.372154098203417,89.97474503459675,49.984665866358405,20.44493665286256,-0.7189541107887154,18.981942739003124,-3.1346854691796375
-0.8392335267039605,22.472670318391433,-20.49996216734488,-11.790898931211078,126.26774007517578,-70.24386872899447,-14.43430558063389,49.984665866358405,127.44808542826699,-4.950240231284576,31.90014370354291,26.608036359583924,-6.503790262256249
-0.8786975764098884,-32.08686292224043,24.375177166554938,49.18645199133971,-99.30852353246254,71.44115207220912,5.94578503249439,20.44493665286256,-4.950240231284576,120.93843986468471,10.078729792385097,5.380100674348188,25.763188303270926
-0.294949046817495,23.844562076779965,-3.1379619513442862,-19.668204738684445,50.6305364686914,-17.725619206669247,13.861333619608878,-0.7189541107887154,31.90014370354291,10.078729792385097,79.71361285600776,31.77024508983642,10.782723999926029
-0.908281743236151,-9.696922090431109,-6.339327891296525,21.55293079550957,45.96862568267139,-30.123397631671864,-23.840162542777314,18.981942739003124,26.608036359583924,5.380100674348188,31.77024508983642,70.33352181012816,23.395263479090715
-0.08798372878617824,2.895601714949323,14.770903539603662,0.3870281608385445,-42.43900588562678,38.978319077832204,15.174229411659558,-3.1346854691796375,-6.503790262256249,25.763188303270926,10.782723999926029,23.395263479090715,63.680105121272966
