0.21494910283700178,-0.7209539164628418,-0.7160183807074748,0.21558122548367062,0.7747856182527362,-1.4221949602124697,-0.06305898098636681,0.3302827681706646,-0.14880170627703607,0.18837848206845723,0.09154738275000508,0.25015802925109426,0.13844943087250844
-0.7209539164628418,51.16539255036313,1.238049444002655,-42.26269295953853,57.72690849003981,-45.912430144947415,17.612245608090596,-15.75868127951858,23.38493383070209,-34.35872553276611,19.141600250563826,-2.4688599107291003,-11.135246099798012
-0.7160183807074748,1.238049444002655,20.796375974297256,18.063320796252146,-29.34899449766927,27.1532460750187,-11.314035814321965,-0.288112235438286,-8.0725434837898,12.322700672465368,-9.169312544912216,-1.5908934890176973,5.097841556246365
0.21558122548367062,-42.26269295953853,18.063320796252146,72.6251647683052,-53.01158524395323,51.66678441658971,-9.069185398831365,19.21131088424243,-30.47698052482348,46.922188797670955,-19.387914539125266,1.5244770401822396,9.405288060230953
0.7747856182527362,57.72690849003981,-29.34899449766927,-53.01158524395323,187.2943830091696,-90.749384928238,59.36820547153782,2.934236673880051,53.88263136602246,-59.11549629624949,51.59548020369925,10.509755757797283,-27.164910703175252
-1.4221949602124697,-45.912430144947415,27.1532460750187,51.66678441658971,-90.749384928238,148.72583224125398,-6.332869736050483,23.329756162048486,-6.539021800396928,47.12978630165494,-30.364735418527676,-9.169321273643147,27.269880281548986
-0.06305898098636681,17.612245608090596,-11.314035814321965,-9.069185398831365,59.36820547153782,-6.332869736050483,77.33445594595233,30.640901188804207,21.85227519176866,4.422741967985232,9.483493109205112,-8.228287672790373,-13.704322122258814
0.3302827681706646,-15.75868127951858,-0.288112235438286,19.21131088424243,2.934236673880051,23.329756162048486,30.640901188804207,63.72679053764769,23.18858185931814,19.094955628410364,2.9962256293303606,-1.262703214682952,-9.159154412508816
-0.14880170627703607,23.38493383070209,-8.0725434837898,-30.47698052482348,53.88263136602246,-6.539021800396928,21.85227519176866,23.18858185931814,78.78459144482858,-0.8902525831598443,30.717466307637228,10.478049641970554,3.0005290133872924
0.18837848206845723,-34.35872553276611,12.322700672465368,46.922188797670955,-59.11549629624949,47.12978630165494,4.422741967985232,19.094955628410364,-0.8902525831598443,101.33465018101714,10.856821370016508,19.017979367895023,27.80598643228322
0.09154738275000508,19.141600250563826,-9.169312544912216,-19.387914539125266,51.59548020369925,-30.364735418527676,9.483493109205112,2.9962256293303606,30.717466307637228,10.856821370016508,81.9016625466261,43.06289559268267,15.402725372987039
0.25015802925109426,-2.4688599107291003,-1.5908934890176973,1.5244770401822396,10.509755757797283,-9.169321273643147,-8.228287672790373,-1.262703214682952,10.478049641970554,19.017979367895023,43.06289559268267,67.49696770568272,40.229510822475916
0.13844943087250844,-11.135246099798012,5.097841556246365,9.405288060230953,-27.164910703175252,27.269880281548986,-13.704322122258814,-9.159154412508816,3.0005290133872924,27.80598643228322,15.402725372987039,40.229510822475916,64.223449695116
