0.5047296792726085,-0.8438523113596598,-1.1138567317255144,-0.5708418380113627,0.8490527340340656,-0.9610459407686428,-0.35612876365838925,-0.019772925882901634,0.11950748772606272,-1.0504949703187165,0.17698766284246814,1.0339350543632932,0.1160899888336155
-0.8438523113596598,53.22745223154893,1.1989002725680262,-44.27726814009181,64.71218384071646,-41.160967006511775,23.074996429450444,-16.792499208983944,27.16599045305472,-32.676521691732255,29.30892003689284,-4.84446903045617,-6.1672129786566945
-1.1138567317255144,1.1989002725680262,20.93147307484025,20.36653399336639,-24.16947776743504,30.078817064711316,-2.855288638763851,0.8202772925131361,-9.409618891602129,20.382357041642432,-2.9247402467872425,-2.950407078450405,6.62469213930065
-0.5708418380113627,-44.27726814009181,20.36653399336639,80.51615270339683,-49.24651570872034,53.71803797779202,-16.691427925085357,25.383957824496445,-22.47340252063015,49.030486064732706,-27.477263486531662,6.43768270565705,7.454525631049852
0.8490527340340656,64.71218384071646,-24.16947776743504,-49.24651570872034,203.52744587268322,-95.65296308609148,35.09813706913923,8.47197275283896,85.63747782777625,-81.13396271837463,42.05550962798583,13.333430243838228,-27.38667974829168
-0.9610459407686428,-41.160967006511775,30.078817064711316,53.71803797779202,-95.65296308609148,133.77795712166593,15.191499946777604,24.138007415480107,-31.71665194960283,61.20734126096044,-29.28664894582968,-19.927181196302488,21.436549078673572
-0.35612876365838925,23.074996429450444,-2.855288638763851,-16.691427925085357,35.09813706913923,15.191499946777604,75.75271690337533,28.168072948495112,22.64321712443584,-2.920187215881094,7.111807986088745,-12.584144800032172,-6.338002639935156
-0.019772925882901634,-16.792499208983944,0.8202772925131361,25.383957824496445,8.47197275283896,24.138007415480107,28.168072948495112,79.89856327103833,40.59113001643347,14.518916770310426,-4.047158135287532,11.466760740848924,-8.130276073687918
0.11950748772606272,27.16599045305472,-9.409618891602129,-22.47340252063015,85.63747782777625,-31.71665194960283,22.64321712443584,40.59113001643347,91.86427027663652,-3.9887683992002385,32.01054685799406,13.397703205102978,-5.284575478500873
-1.0504949703187165,-32.676521691732255,20.382357041642432,49.030486064732706,-81.13396271837463,61.20734126096044,-2.920187215881094,14.518916770310426,-3.9887683992002385,108.38595274986963,9.493910908962695,10.789460699141864,25.18011365362276
0.17698766284246814,29.30892003689284,-2.9247402467872425,-27.477263486531662,42.05550962798583,-29.28664894582968,7.111807986088745,-4.047158135287532,32.01054685799406,9.493910908962695,78.47790351323067,37.50774156583883,17.547365247672708
1.0339350543632932,-4.84446903045617,-2.950407078450405,6.43768270565705,13.333430243838228,-19.927181196302488,-12.584144800032172,11.466760740848924,13.397703205102978,10.789460699141864,37.50774156583883,74.85098251277279,36.99738758208315
0.1160899888336155,-6.1672129786566945,6.62469213930065,7.454525631049852,-27.38667974829168,21.436549078673572,-6.338002639935156,-8.130276073687918,-5.284575478500873,25.18011365362276,17.547365247672708,36.99738758208315,62.62703273687039
