1.1729450327140327,-2.4705345409216797,-3.9619747215387773,-5.296829141831258,-3.4625741962741836,-0.7789900109495629,2.0140656006894626,0.6478136028385618,0.6647741459954566,-0.8439669087460289,-1.4970761217874118,-1.8122230240130777,-1.5971043430371477
-2.4705345409216797,54.301029430567304,9.07365300280227,-34.173552556436405,51.768691468096925,-37.88696541014794,9.134459008083303,-13.68628441942636,22.54878569991043,-26.81309522504489,24.622633087071705,-4.492880463246026,-3.1361665078159207
-3.9619747215387773,9.07365300280227,33.25408319489657,35.36053678646186,-19.355539925706523,22.76616507601414,-18.974618724584516,1.1257127014154906,-8.830305201424036,19.23783180614382,-3.140128986667808,4.447466856203515,9.314013962984221
-5.296829141831258,-34.173552556436405,35.36053678646186,103.21999775614964,-22.841658077659538,46.7166337145242,-24.89437936027968,9.246864009293647,-32.89101751784219,41.273800007595824,-17.09226323102121,15.552478342770625,12.731806817870744
-3.4625741962741836,51.768691468096925,-19.355539925706523,-22.841658077659538,220.33195804390408,-77.54466307358507,31.584548912000745,-14.22622403422097,48.00825994239417,-89.6490632463921,46.45872065486527,14.61188822421122,-20.319857639626736
-0.7789900109495629,-37.88696541014794,22.76616507601414,46.7166337145242,-77.54466307358507,125.48195523978926,10.754981209666385,24.282514180192415,-26.4883297510457,46.58899806545328,-31.214891200846218,-12.872933406238374,15.65774208404744
2.0140656006894626,9.134459008083303,-18.974618724584516,-24.89437936027968,31.584548912000745,10.754981209666385,77.71993985133744,30.898194137869243,14.852554223898688,-13.81270481687507,-2.284614665864035,-11.786615564411523,-8.42825239512624
0.6478136028385618,-13.68628441942636,1.1257127014154906,9.246864009293647,-14.22622403422097,24.282514180192415,30.898194137869243,64.56840817921584,24.555448295888613,8.828752559648322,-7.550257279741906,2.573295358511533,-2.387517982563877
0.6647741459954566,22.54878569991043,-8.830305201424036,-32.89101751784219,48.00825994239417,-26.4883297510457,14.852554223898688,24.555448295888613,75.20841960914342,0.7931021682093714,27.384912663115582,4.581389099850913,2.152752153311215
-0.8439669087460289,-26.81309522504489,19.23783180614382,41.273800007595824,-89.6490632463921,46.58899806545328,-13.81270481687507,8.828752559648322,0.7931021682093714,115.61380092668605,13.899397434566563,12.848456274706454,20.800242445024523
-1.4970761217874118,24.622633087071705,-3.140128986667808,-17.09226323102121,46.45872065486527,-31.214891200846218,-2.284614665864035,-7.550257279741906,27.384912663115582,13.899397434566563,83.70957139538949,36.91721914615153,11.464967648547308
-1.8122230240130777,-4.492880463246026,4.447466856203515,15.552478342770625,14.61188822421122,-12.872933406238374,-11.786615564411523,2.573295358511533,4.581389099850913,12.848456274706454,36.91721914615153,69.27142499694752,37.602100588119804
-1.5971043430371477,-3.1361665078159207,9.314013962984221,12.731806817870744,-20.319857639626736,15.65774208404744,-8.42825239512624,-2.387517982563877,2.152752153311215,20.800242445024523,11.464967648547308,37.602100588119804,63.199153902341514
