0.17645445073614904,-0.6191043799017893,-0.7029140435528867,-0.012326806352315124,1.07276907611173,-0.9525376430956524,-0.39698764326236413,0.19748909668859746,0.557980874203846,-0.5853517920984784,-0.1564097973326847,0.47243686726005785,-0.08570689187313167
-0.6191043799017893,53.281232033625734,2.4655839443774457,-42.69732876434261,57.92892746436798,-45.57167088974417,15.821014800749342,-20.32238942013624,21.026932919912458,-36.116994162687405,23.036979192448968,-4.352926313716096,-6.632536102657387
-0.7029140435528867,2.4655839443774457,21.953133705639996,19.246590032460627,-30.774494053724418,24.76505902312727,-10.792613736478426,-2.882230408421297,-14.560475235615058,15.753508801765564,-7.716897984849562,-3.7652909109786212,5.844613731132375
-0.012326806352315124,-42.69732876434261,19.246590032460627,72.7621551254344,-60.06901516205699,52.04405757479005,-14.303487354809148,17.622297755224015,-32.551042712548906,46.06771434315904,-26.10819547943798,1.4703281141575095,7.336040530855839
1.07276907611173,57.92892746436798,-30.774494053724418,-60.06901516205699,183.07500621245373,-89.54870967373758,48.3293700164694,3.4318265861906805,69.28617586223595,-79.9954890887384,42.463653408981806,13.774711857458682,-26.228107537402444
-0.9525376430956524,-45.57167088974417,24.76505902312727,52.04405757479005,-89.54870967373758,133.6489783221211,8.328719250481626,29.92106480519898,-17.339285190523466,66.21988278620121,-26.355976258848116,-12.726969934435106,23.748268662460866
-0.39698764326236413,15.821014800749342,-10.792613736478426,-14.303487354809148,48.3293700164694,8.328719250481626,72.91821820580923,31.697873227170547,32.6165872450874,-0.08831395352632689,9.002282634629678,-7.085523926286444,-7.06982426604338
0.19748909668859746,-20.32238942013624,-2.882230408421297,17.622297755224015,3.4318265861906805,29.92106480519898,31.697873227170547,66.7474201485965,31.212558579983277,17.179522508660785,-0.15540450045854712,3.6706879813179043,-9.487335275585677
0.557980874203846,21.026932919912458,-14.560475235615058,-32.551042712548906,69.28617586223595,-17.339285190523466,32.6165872450874,31.212558579983277,78.91468967429577,-2.2236431108121333,33.02982097903767,11.141520329326955,-0.912221739306698
-0.5853517920984784,-36.116994162687405,15.753508801765564,46.06771434315904,-79.9954890887384,66.21988278620121,-0.08831395352632689,17.179522508660785,-2.2236431108121333,106.06499994214026,7.079137070853792,13.92022178359293,28.73371468303868
-0.1564097973326847,23.036979192448968,-7.716897984849562,-26.10819547943798,42.463653408981806,-26.355976258848116,9.002282634629678,-0.15540450045854712,33.02982097903767,7.079137070853792,70.4151623487956,36.375132439861495,17.34774525868548
0.47243686726005785,-4.352926313716096,-3.7652909109786212,1.4703281141575095,13.774711857458682,-12.726969934435106,-7.085523926286444,3.6706879813179043,11.141520329326955,13.92022178359293,36.375132439861495,60.18755215480385,32.157846072134014
-0.08570689187313167,-6.632536102657387,5.844613731132375,7.336040530855839,-26.228107537402444,23.748268662460866,-7.06982426604338,-9.487335275585677,-0.912221739306698,28.73371468303868,17.34774525868548,32.157846072134014,58.2835010587199
