2.7324013453283267,-4.0919583741258,-4.734746504511962,-3.0470478204337983,-0.6283844078434107,-2.906044959131739,-3.7136786666877257,-4.155108564553914,-1.0510938718805865,-0.9795632877912837,-0.16998339901782128,0.15517334500899227,0.16518184584720366
-4.0919583741258,64.33604925027589,24.13810390547107,-27.424891394194713,20.633864859923683,-27.32932240017499,25.40217798253157,-10.604779012469047,-16.796525786416073,-1.5153140671519334,4.571513848951049,-7.864896491384714,-1.7179062817271613
-4.734746504511962,24.13810390547107,51.92622251950784,39.25235486489753,-23.852723005995593,28.25680462480072,-6.825647324928024,16.254898396703737,-7.661886982871641,-0.5507765732317286,5.869472823064068,4.6777160787589285,3.5084533979831405
-3.0470478204337983,-27.424891394194713,39.25235486489753,93.1130218998629,-0.6246133559820006,33.36070931370598,-14.930822583264387,33.973643399750586,17.275712368690897,11.292854460054235,-4.357654003194988,22.43024087175568,9.017292830613503
-0.6283844078434107,20.633864859923683,-23.852723005995593,-0.6246133559820006,169.61659950350773,-79.57876075811723,83.86772201348336,22.455104225244735,8.901988169620934,38.94953196020165,-11.103004649317947,3.2835411064797726,-2.619519282655173
-2.906044959131739,-27.32932240017499,28.25680462480072,33.36070931370598,-79.57876075811723,215.38998919072574,-12.622665123242683,33.61881739074161,48.06025667361302,-30.185045878477865,25.182341778864043,-15.089818057704042,18.354963707106492
-3.7136786666877257,25.40217798253157,-6.825647324928024,-14.930822583264387,83.86772201348336,-12.622665123242683,154.6810808290265,61.04995179272055,-10.967260503735698,30.632900106022273,-8.86255768230645,-3.508263306235864,-27.720861663604506
-4.155108564553914,-10.604779012469047,16.254898396703737,33.973643399750586,22.455104225244735,33.61881739074161,61.04995179272055,105.04456920277684,47.11848462780014,25.160441245234296,-0.02509054334905985,2.974051424569393,6.801695516709946
-1.0510938718805865,-16.796525786416073,-7.661886982871641,17.275712368690897,8.901988169620934,48.06025667361302,-10.967260503735698,47.11848462780014,118.72864021055136,32.522273582014925,17.029484222608993,9.423772981700422,31.47909061072777
-0.9795632877912837,-1.5153140671519334,-0.5507765732317286,11.292854460054235,38.94953196020165,-30.185045878477865,30.632900106022273,25.160441245234296,32.522273582014925,112.03124937706045,40.31841133573979,32.62978864660363,3.3273794934002625
-0.16998339901782128,4.571513848951049,5.869472823064068,-4.357654003194988,-11.103004649317947,25.182341778864043,-8.86255768230645,-0.02509054334905985,17.029484222608993,40.31841133573979,99.86900937631295,43.62457588035768,22.289519173260565
0.15517334500899227,-7.864896491384714,4.6777160787589285,22.43024087175568,3.2835411064797726,-15.089818057704042,-3.508263306235864,2.974051424569393,9.423772981700422,32.62978864660363,43.62457588035768,90.35448588706608,51.05689706764562
0.16518184584720366,-1.7179062817271613,3.5084533979831405,9.017292830613503,-2.619519282655173,18.354963707106492,-27.720861663604506,6.801695516709946,31.47909061072777,3.3273794934002625,22.289519173260565,51.05689706764562,84.76961002511698
