2.421577311044903,-7.189654949989789,-5.704363265157496,-0.011690016948228223,3.5574410717167653,-3.573338988731994,1.4555363484047703,-0.8863846509665894,-2.3225390275120232,-0.4374372597589187,-1.9670355218978617,1.4729093592175866,0.20339882532026735
-7.189654949989789,91.71704109362284,26.53019956584037,-48.53511965246484,10.502545057614247,-22.557454962122872,15.89612915427016,-22.603118271489134,-8.065439237248235,-2.049796505697714,12.170562141037347,-8.467221673684403,1.6378079097352793
-5.704363265157496,26.53019956584037,61.73722912740696,56.39162045500407,-18.62915470546522,23.062172566697036,-23.002919529399204,12.80840668002598,2.463089685621217,-4.18524636872674,7.406071216755127,7.257940047017262,5.104418383140425
-0.011690016948228223,-48.53511965246484,56.39162045500407,141.70400776855058,26.893945083043583,27.55069939017883,-18.377076674449125,38.38461247839747,11.758788399097227,8.518092818554575,-8.70745883303836,22.96062556324847,5.685306359313445
3.5574410717167653,10.502545057614247,-18.62915470546522,26.893945083043583,206.23507007793475,-82.40486980473804,92.34370399846881,15.05570541751099,-3.640476894348195,33.60485338471529,-8.664068334052704,8.892392967317475,1.8916280476969143
-3.573338988731994,-22.557454962122872,23.062172566697036,27.55069939017883,-82.40486980473804,252.96634474020442,-11.354581581202446,41.73501674632948,62.12781014709098,-20.645257245116014,36.64050365278481,-4.343625901123023,30.770488040906518
1.4555363484047703,15.89612915427016,-23.002919529399204,-18.377076674449125,92.34370399846881,-11.354581581202446,172.44661340862265,68.85142303899866,-10.769937386360013,41.53929648597174,-2.8542668460077913,11.737605667259691,-19.758385526861172
-0.8863846509665894,-22.603118271489134,12.80840668002598,38.38461247839747,15.05570541751099,41.73501674632948,68.85142303899866,123.20255285193667,70.92987808374866,34.351811287515204,15.575084557033396,0.7148178791604224,0.3226083943041032
-2.3225390275120232,-8.065439237248235,2.463089685621217,11.758788399097227,-3.640476894348195,62.12781014709098,-10.769937386360013,70.92987808374866,158.66716823298842,60.95625061909287,40.623062255905865,-0.451500904430354,20.579702863216095
-0.4374372597589187,-2.049796505697714,-4.18524636872674,8.518092818554575,33.60485338471529,-20.645257245116014,41.53929648597174,34.351811287515204,60.95625061909287,166.4451218307038,63.61149844695191,38.37234778639014,8.345405578013283
-1.9670355218978617,12.170562141037347,7.406071216755127,-8.70745883303836,-8.664068334052704,36.64050365278481,-2.8542668460077913,15.575084557033396,40.623062255905865,63.61149844695191,126.62799434367486,57.330053907228994,23.44477421934853
1.4729093592175866,-8.467221673684403,7.257940047017262,22.96062556324847,8.892392967317475,-4.343625901123023,11.737605667259691,0.7148178791604224,-0.451500904430354,38.37234778639014,57.330053907228994,91.46305086341822,40.35576383230419
0.20339882532026735,1.6378079097352793,5.104418383140425,5.685306359313445,1.8916280476969143,30.770488040906518,-19.758385526861172,0.3226083943041032,20.579702863216095,8.345405578013283,23.44477421934853,40.35576383230419,74.98605266176757
