2.2785407293824,-5.323712761662687,-8.457860031572553,-7.266830940907533,0.6657956191597522,-4.854892731131799,3.2346648943204124,-1.356275967963492,-1.2463906240171905,-1.7866196082155499,-1.2082751077546967,2.161151056839907,-1.1719712031135088
-5.323712761662687,58.62528114200256,25.91195224509678,-19.78876229774682,13.669203319765312,-24.966332048316197,15.14161542748,2.8302623265696076,-5.758133400408122,-14.016444403945234,2.77373333362558,-4.473992696764091,4.391808690797922
-8.457860031572553,25.91195224509678,60.852050481519576,52.98081646919874,-32.31994107975754,34.22301352784783,-40.67947309188997,5.82228137678043,2.035032438980384,-1.3220792289544667,3.441327527200158,-1.5840518840023263,7.794237274844319
-7.266830940907533,-19.78876229774682,52.98081646919874,105.8471568884509,-5.321055254994563,46.770480857379695,-51.213755949280426,-4.005286620160631,2.7035911769213095,34.052335741810104,6.0674329753366765,-0.37653752798658424,4.7258542547869125
0.6657956191597522,13.669203319765312,-32.31994107975754,-5.321055254994563,175.8466007672394,-78.48427791920318,74.44479535485105,-5.284336506827712,-13.357047708467263,36.41220358207678,7.1620708164159685,-11.151857663231434,5.595461112243141
-4.854892731131799,-24.966332048316197,34.22301352784783,46.770480857379695,-78.48427791920318,208.26860553559354,-27.781712208438606,27.57084559452882,47.81306522424363,-25.98845368224011,0.503507500116077,-7.3153387422858005,17.328894780570998
3.2346648943204124,15.14161542748,-40.67947309188997,-51.213755949280426,74.44479535485105,-27.781712208438606,145.18306446756986,51.840372094700435,-14.16888517398447,-0.9915080868705516,-14.344061787385039,2.5271076245489454,-13.752127595753857
-1.356275967963492,2.8302623265696076,5.82228137678043,-4.005286620160631,-5.284336506827712,27.57084559452882,51.840372094700435,87.38943389050004,39.7697462160645,-15.306480203869036,-9.662503128799305,-6.542037762413755,4.865422426643785
-1.2463906240171905,-5.758133400408122,2.035032438980384,2.7035911769213095,-13.357047708467263,47.81306522424363,-14.16888517398447,39.7697462160645,109.8556952162884,9.478466631824181,-2.3600636565933923,-8.881234563812628,24.274680776314725
-1.7866196082155499,-14.016444403945234,-1.3220792289544667,34.052335741810104,36.41220358207678,-25.98845368224011,-0.9915080868705516,-15.306480203869036,9.478466631824181,136.52777817030594,47.50853996243181,2.1114824122710623,-1.801679550471018
-1.2082751077546967,2.77373333362558,3.441327527200158,6.0674329753366765,7.1620708164159685,0.503507500116077,-14.344061787385039,-9.662503128799305,-2.3600636565933923,47.50853996243181,110.45241022953171,49.53076703096659,7.205062290195029
2.161151056839907,-4.473992696764091,-1.5840518840023263,-0.37653752798658424,-11.151857663231434,-7.3153387422858005,2.5271076245489454,-6.542037762413755,-8.881234563812628,2.1114824122710623,49.53076703096659,100.35269925609799,46.964720505932895
-1.1719712031135088,4.391808690797922,7.794237274844319,4.7258542547869125,5.595461112243141,17.328894780570998,-13.752127595753857,4.865422426643785,24.274680776314725,-1.801679550471018,7.205062290195029,46.964720505932895,86.77851818876917
