2.1598396338373225,-5.442365126946803,-8.666890414639319,-5.0349857978526655,5.120219224315526,-6.70873848907419,1.8031842510321094,-3.0590934902501927,-2.825670999423793,-3.411586079735545,-4.423666317605279,-2.876647447524668,-3.3350262176871843
-5.442365126946803,74.31494306771324,44.363361551310454,-23.104481835233752,-9.25879768303171,-5.956012506061193,9.73104332122256,-4.5030608622235855,5.502082959415438,-11.736028715755673,14.179522696360609,-12.730638796984449,16.03196576853811
-8.666890414639319,44.363361551310454,86.6115490301841,46.3308710984933,-83.79492067404901,67.76700173406799,-42.48699926838648,8.340768502529047,6.767134326398211,0.3503742759202086,11.754011903771062,10.665039240590428,23.257472153572547
-5.0349857978526655,-23.104481835233752,46.3308710984933,94.53304571503092,-28.88077633592725,29.397498376046002,-39.864796293095246,12.175383048827008,-13.898703698364573,29.631146885878625,5.652217435260999,29.268331029953377,1.942802888687763
5.120219224315526,-9.25879768303171,-83.79492067404901,-28.88077633592725,217.42216936921892,-148.24294393873987,92.90355695542581,0.04056984470632038,-24.78353153869616,25.409754639365822,9.586846897939312,-10.850887807891128,-23.29611692519731
-6.70873848907419,-5.956012506061193,67.76700173406799,29.397498376046002,-148.24294393873987,280.0120363122953,-32.894771980676175,42.71548341349455,90.25550811493646,-34.96316204373085,-3.058933566054904,13.84899166359189,41.390399822993935
1.8031842510321094,9.73104332122256,-42.48699926838648,-39.864796293095246,92.90355695542581,-32.894771980676175,136.3387827211407,52.244531685203015,9.781201052591477,17.62665957080655,-3.9400724265916938,-13.543719993487695,-21.23962417620919
-3.0590934902501927,-4.5030608622235855,8.340768502529047,12.175383048827008,0.04056984470632038,42.71548341349455,52.244531685203015,92.45430748013816,50.15471604203796,14.405244935286857,8.465116186917585,3.3235839114044703,1.0088293319546129
-2.825670999423793,5.502082959415438,6.767134326398211,-13.898703698364573,-24.78353153869616,90.25550811493646,9.781201052591477,50.15471604203796,115.4340885449427,11.818209791270643,13.677471788164658,5.468596455083286,23.83948325616273
-3.411586079735545,-11.736028715755673,0.3503742759202086,29.631146885878625,25.409754639365822,-34.96316204373085,17.62665957080655,14.405244935286857,11.818209791270643,114.74027547976746,51.00452449392686,31.72806436478474,0.8342386947630708
-4.423666317605279,14.179522696360609,11.754011903771062,5.652217435260999,9.586846897939312,-3.058933566054904,-3.9400724265916938,8.465116186917585,13.677471788164658,51.00452449392686,104.48970316484368,51.76839962942159,29.731379520051735
-2.876647447524668,-12.730638796984449,10.665039240590428,29.268331029953377,-10.850887807891128,13.84899166359189,-13.543719993487695,3.3235839114044703,5.468596455083286,31.72806436478474,51.76839962942159,94.49959761169833,51.2148404151378
-3.3350262176871843,16.03196576853811,23.257472153572547,1.942802888687763,-23.29611692519731,41.390399822993935,-21.23962417620919,1.0088293319546129,23.83948325616273,0.8342386947630708,29.731379520051735,51.2148404151378,82.37648959867887
