0.784680115056905,-2.7191852531902825,-2.6137431414217653,-1.3396291542286054,0.8520175812472732,0.2121803271426654,-0.8575401328865457,-0.8779642759471817,1.5738399162739791,-0.057515281366931195,0.3995109911728171,0.0182344105728695,0.14681022155652534
-2.7191852531902825,64.97920421384302,14.998412713820873,-48.122566427772135,-1.8062689995941499,-36.08081686518992,21.329634125704626,-18.882979736354212,-17.08359839027615,-5.602014369312829,2.3540525871462945,-14.565829634871724,-8.47949625442581
-2.6137431414217653,14.998412713820873,32.408239765537274,18.610068748287613,-37.43132589940014,22.02018637030853,-15.95338475250084,4.855107682389156,-6.423746176793207,-5.901493922666633,-2.143112983723454,-0.5483144854530085,-2.3702301338103644
-1.3396291542286054,-48.122566427772135,18.610068748287613,97.18063508576581,28.725461756305947,25.55874728732494,-9.799783531342769,32.82059773039281,9.299977688823754,10.723385794701839,-6.642090909048046,21.744845785566806,3.907184256494144
0.8520175812472732,-1.8062689995941499,-37.43132589940014,28.725461756305947,230.38277117466228,-94.46241815370806,86.28942606453272,17.64649289569893,12.74024838598186,25.566417068792717,8.36194509413261,17.027807972601547,7.716507628094934
0.2121803271426654,-36.08081686518992,22.02018637030853,25.55874728732494,-94.46241815370806,207.1015941064057,-41.43599385558067,3.5157433273807954,33.798465939182634,-20.584787816785163,13.639618768025745,1.4223410294145382,25.59818585644413
-0.8575401328865457,21.329634125704626,-15.95338475250084,-9.799783531342769,86.28942606453272,-41.43599385558067,132.14409358337812,46.08839633996145,-20.29984926264002,22.09272919848953,3.933962925077638,13.380004616594016,-11.424694103646829
-0.8779642759471817,-18.882979736354212,4.855107682389156,32.82059773039281,17.64649289569893,3.5157433273807954,46.08839633996145,92.05753373095432,38.15298092430285,11.126670724994424,4.881646720161097,13.225263937291775,2.282122680286756
1.5738399162739791,-17.08359839027615,-6.423746176793207,9.299977688823754,12.74024838598186,33.798465939182634,-20.29984926264002,38.15298092430285,117.68457797412198,19.690496246625067,15.758032026410289,11.34648646750477,26.634052265815335
-0.057515281366931195,-5.602014369312829,-5.901493922666633,10.723385794701839,25.566417068792717,-20.584787816785163,22.09272919848953,11.126670724994424,19.690496246625067,84.99621328629189,34.843302765278274,21.03201085000702,4.940245250665553
0.3995109911728171,2.3540525871462945,-2.143112983723454,-6.642090909048046,8.36194509413261,13.639618768025745,3.933962925077638,4.881646720161097,15.758032026410289,34.843302765278274,80.97702128870442,37.89355436634331,16.667251520390558
0.0182344105728695,-14.565829634871724,-0.5483144854530085,21.744845785566806,17.027807972601547,1.4223410294145382,13.380004616594016,13.225263937291775,11.34648646750477,21.03201085000702,37.89355436634331,70.07357709110056,33.962738884451014
0.14681022155652534,-8.47949625442581,-2.3702301338103644,3.907184256494144,7.716507628094934,25.59818585644413,-11.424694103646829,2.282122680286756,26.634052265815335,4.940245250665553,16.667251520390558,33.962738884451014,61.26065294211827
