2.5067612802240653,-4.720745642076515,-5.035591745999359,-2.8638442722437794,0.8553357676363097,-6.418710556783299,0.12640924204283285,-3.672194746178215,-5.3839822139423505,-3.1869054641204273,4.485388110904502,4.90073475256308,-1.8946259247477177
-4.720745642076515,57.29996844283753,18.719200431165724,-29.299777131243264,9.151875539046976,-16.880627042109115,16.77906299925138,3.1278885311265627,7.813896634504819,-19.667826287844306,2.3603065141164996,-15.258202131728902,5.626570328988667
-5.035591745999359,18.719200431165724,53.716678522195785,49.49151592551066,-28.874345506083074,38.95655006062586,-28.10420492781212,9.6199836587339,-0.7077815076250191,0.4329616304453172,0.5420359157838354,14.308667174751557,17.502987813593368
-2.8638442722437794,-29.299777131243264,49.49151592551066,119.3217794794179,22.62011915116777,27.566177487346323,-37.36575414130285,0.461675846779935,-16.771708833683313,45.18512292915705,-6.55333202677037,40.631024954003614,11.094569359181815
0.8553357676363097,9.151875539046976,-28.874345506083074,22.62011915116777,211.95845960710446,-114.79161964747092,68.4970068934261,-22.385968364562213,-37.435144359609595,61.04504149023028,11.235166770780287,17.79920950020203,-16.4113216554926
-6.418710556783299,-16.880627042109115,38.95655006062586,27.566177487346323,-114.79161964747092,224.61797814976313,-57.326956703460255,23.034224258640844,81.2532569909044,-14.2071373533441,-2.5347831249081576,-19.280549756345795,40.222758576268376
0.12640924204283285,16.77906299925138,-28.10420492781212,-37.36575414130285,68.4970068934261,-57.326956703460255,160.69003060531205,65.17219498659534,-10.800925678384381,30.443552282134156,-23.564880863642127,-2.897541130152636,-20.884209802213164
-3.672194746178215,3.1278885311265627,9.6199836587339,0.461675846779935,-22.385968364562213,23.034224258640844,65.17219498659534,125.93881079322391,72.2499263408814,8.785245220950436,-45.49460345154816,-30.009797138316713,-1.2637808038102285
-5.3839822139423505,7.813896634504819,-0.7077815076250191,-16.771708833683313,-37.435144359609595,81.2532569909044,-10.800925678384381,72.2499263408814,162.23900137066994,27.147472648644367,-30.283845795747702,-52.23448439752394,19.653849564486595
-3.1869054641204273,-19.667826287844306,0.4329616304453172,45.18512292915705,61.04504149023028,-14.2071373533441,30.443552282134156,8.785245220950436,27.147472648644367,157.7663982806156,4.81945897304877,9.976962150362764,9.126538966002666
4.485388110904502,2.3603065141164996,0.5420359157838354,-6.55333202677037,11.235166770780287,-2.5347831249081576,-23.564880863642127,-45.49460345154816,-30.283845795747702,4.81945897304877,142.772321655255,82.23089704847345,13.384655432951522
4.90073475256308,-15.258202131728902,14.308667174751557,40.631024954003614,17.79920950020203,-19.280549756345795,-2.897541130152636,-30.009797138316713,-52.23448439752394,9.976962150362764,82.23089704847345,136.7148949680787,41.66446544479011
-1.8946259247477177,5.626570328988667,17.502987813593368,11.094569359181815,-16.4113216554926,40.222758576268376,-20.884209802213164,-1.2637808038102285,19.653849564486595,9.126538966002666,13.384655432951522,41.66446544479011,77.54093336016045
