1.761747834117951,-7.07395411423009,-6.748380726805205,-0.8171301409083812,4.385751439502428,-3.6318472288948564,-0.40707160005226034,0.7903434898432312,3.0296834707073317,1.8657841240781519,-2.525581765026197,0.6164119322836425,2.2390745547514412
-7.07395411423009,93.48489519327481,30.653617686543033,-51.867201672949825,1.7058320304351224,-14.759572856592746,12.26705000231874,-39.774588370388436,-19.39888617734458,-1.832726648720993,31.18987194177227,-0.2209512941450308,0.5942835973138401
-6.748380726805205,30.653617686543033,56.332746086138954,33.07167735856729,-45.177267681243215,35.86830202914689,-15.91969718640418,2.0937599697344305,-14.784419271573922,-0.9658933159739482,24.250550144456163,8.843038728528905,-4.00593031650959
-0.8171301409083812,-51.867201672949825,33.07167735856729,106.94910261909143,2.292938298894829,28.001796042991696,5.257540060625593,55.30487073016687,6.221239916245877,7.6489907633871095,-17.86495042382347,13.28056588649701,-11.244903292921231
4.385751439502428,1.7058320304351224,-45.177267681243215,2.292938298894829,202.2770516527558,-95.64446328069418,114.46883633056274,39.03982338351799,7.807152933467065,16.5616156696385,-40.067982621537205,-8.780672114277744,-12.179271930481047
-3.6318472288948564,-14.759572856592746,35.86830202914689,28.001796042991696,-95.64446328069418,235.5031232825563,-33.90884819958928,21.739473301951648,43.281512020066366,-51.46647146892995,21.979402512597197,-15.00076617054028,26.567281417587434
-0.40707160005226034,12.26705000231874,-15.91969718640418,5.257540060625593,114.46883633056274,-33.90884819958928,177.26086790970203,72.43561265470535,-28.157301481286705,9.294298073433517,-41.72817950332897,-10.826969264304575,-32.62820834342561
0.7903434898432312,-39.774588370388436,2.0937599697344305,55.30487073016687,39.03982338351799,21.739473301951648,72.43561265470535,120.58385068457322,39.05823221628933,6.1173852004596085,-27.393442250057287,-5.965200953614543,-5.434005421055203
3.0296834707073317,-19.39888617734458,-14.784419271573922,6.221239916245877,7.807152933467065,43.281512020066366,-28.157301481286705,39.05823221628933,125.31323410281628,32.08054253643319,14.754026733423986,10.526929372055854,33.500452529872824
1.8657841240781519,-1.832726648720993,-0.9658933159739482,7.6489907633871095,16.5616156696385,-51.46647146892995,9.294298073433517,6.1173852004596085,32.08054253643319,124.09853473247084,45.660944675698424,33.18971104678701,9.415607623582368
-2.525581765026197,31.18987194177227,24.250550144456163,-17.86495042382347,-40.067982621537205,21.979402512597197,-41.72817950332897,-27.393442250057287,14.754026733423986,45.660944675698424,120.65387864158596,50.54657926983063,28.465505571789418
0.6164119322836425,-0.2209512941450308,8.843038728528905,13.28056588649701,-8.780672114277744,-15.00076617054028,-10.826969264304575,-5.965200953614543,10.526929372055854,33.18971104678701,50.54657926983063,82.65087417259902,44.305604778513406
2.2390745547514412,0.5942835973138401,-4.00593031650959,-11.244903292921231,-12.179271930481047,26.567281417587434,-32.62820834342561,-5.434005421055203,33.500452529872824,9.415607623582368,28.465505571789418,44.305604778513406,80.38138083710537
