0.7219967835398168,-1.695851208995461,-2.340365774386381,-1.5367861315606897,0.4845581320833993,-2.8323384384253094,-1.4532624350745422,-2.226413158025614,-1.253095037386779,-1.489466939367783,-0.6741133962990948,0.1639332369405819,0.2447484567043965
-1.695851208995461,50.864565852102416,10.659670341380021,-29.62994673447669,25.598081468423835,-39.701909489855055,27.74563535087479,-2.689149866927859,-2.150909737479532,-2.1765276530309174,11.580684911515773,-9.378950069763842,2.33393576993359
-2.340365774386381,10.659670341380021,36.04496974921956,24.29442781409226,-44.654549163202915,39.86838367226083,-14.27640249418217,14.372692014043832,6.02835698341279,3.2097933111132644,-2.5464729978329887,7.324152486222552,8.576536038790193
-1.5367861315606897,-29.62994673447669,24.29442781409226,69.24259611552571,-9.580261399159888,53.84948968105543,-16.489095319529458,19.665121975969797,4.1927534896443674,6.9507725947424035,-11.27460082608034,15.470825210806353,-1.422454831360153
0.4845581320833993,25.598081468423835,-44.654549163202915,-9.580261399159888,231.8182563784096,-95.84712999710307,90.84993794569608,2.037207061088326,0.7427506588148061,-2.845353265585429,16.642518335521764,-25.23334357842615,-34.46670767839904
-2.8323384384253094,-39.701909489855055,39.86838367226083,53.84948968105543,-95.84712999710307,214.00436338915776,-22.93857163674822,31.021524864419355,51.07969260440928,15.06373296852504,-11.133168677888666,-4.489169088584517,4.436181328597479
-1.4532624350745422,27.74563535087479,-14.27640249418217,-16.489095319529458,90.84993794569608,-22.93857163674822,119.79685648037879,53.91609509263836,22.167371867658293,26.891526584824227,10.731080661473781,-22.27966740002989,-26.60112416377285
-2.226413158025614,-2.689149866927859,14.372692014043832,19.665121975969797,2.037207061088326,31.021524864419355,53.91609509263836,100.51167546387109,62.334066299982226,24.114316015931365,4.168594223307461,-0.5513815806604384,-7.669469563373917
-1.253095037386779,-2.150909737479532,6.02835698341279,4.1927534896443674,0.7427506588148061,51.07969260440928,22.167371867658293,62.334066299982226,106.49508790452984,33.15731286473569,12.237964805192824,1.0260373362836772,3.8861015205319442
-1.489466939367783,-2.1765276530309174,3.2097933111132644,6.9507725947424035,-2.845353265585429,15.06373296852504,26.891526584824227,24.114316015931365,33.15731286473569,84.03998739810689,41.71990742511965,19.77404022787632,13.1663646499936
-0.6741133962990948,11.580684911515773,-2.5464729978329887,-11.27460082608034,16.642518335521764,-11.133168677888666,10.731080661473781,4.168594223307461,12.237964805192824,41.71990742511965,90.21218524337286,50.35392775304191,30.32585062776828
0.1639332369405819,-9.378950069763842,7.324152486222552,15.470825210806353,-25.23334357842615,-4.489169088584517,-22.27966740002989,-0.5513815806604384,1.0260373362836772,19.77404022787632,50.35392775304191,96.96388002651265,65.57575744447523
0.2447484567043965,2.33393576993359,8.576536038790193,-1.422454831360153,-34.46670767839904,4.436181328597479,-26.60112416377285,-7.669469563373917,3.8861015205319442,13.1663646499936,30.32585062776828,65.57575744447523,88.74057690041674
