2.19569921881667,-2.5713016792809436,-4.361063747592976,-3.9244841919857048,0.3378944909134343,-0.9225683342550367,-0.7349543597925681,-0.11510790036758499,2.3884723169894273,-1.3288804010854667,-1.0489157521309171,-1.532087391937531,0.24655163795892918
-2.5713016792809436,67.84441845567207,21.054160630258647,-37.8056999845702,2.3785766828554653,-39.945638829595225,8.198723035345022,-16.959106697146822,-8.4092968140699,0.5786256936997628,13.912707040483744,3.558645970860406,8.640469996906337
-4.361063747592976,21.054160630258647,53.83551916753408,44.030268606948034,-40.59654191187577,7.345032072951737,-27.030606340646305,0.5657216126492379,-21.02513007628395,-0.37921789282957186,8.595487233882858,14.338165056765684,2.9384144570264903
-3.9244841919857048,-37.8056999845702,44.030268606948034,112.097009843276,9.13242328490781,28.149601216791464,-12.919953762755787,13.445555302096995,-22.259898563117734,8.393239846069381,-8.384917652062382,20.5690672346081,-10.867273591891836
0.3378944909134343,2.3785766828554653,-40.59654191187577,9.13242328490781,214.8527063573517,-55.615774644306434,105.7749151661209,5.87473689461556,-9.734493037482126,21.892993016365786,-12.94671024743674,-3.3957326520311253,-12.686526204987173
-0.9225683342550367,-39.945638829595225,7.345032072951737,28.149601216791464,-55.615774644306434,222.53317383386567,-11.588419370681022,33.24221334758958,57.988163661775076,-46.37793728892956,7.784006069424858,-17.34718907520596,27.056075776384
-0.7349543597925681,8.198723035345022,-27.030606340646305,-12.919953762755787,105.7749151661209,-11.588419370681022,182.62972991915575,69.30533482787344,-20.129382832470483,16.993994186244624,-45.429871040399085,-16.83142128881519,-31.48562636050204
-0.11510790036758499,-16.959106697146822,0.5657216126492379,13.445555302096995,5.87473689461556,33.24221334758958,69.30533482787344,100.14594677578475,36.465512067766156,5.221277018647682,-16.234121793456197,-15.634692463341299,-6.757443242494464
2.3884723169894273,-8.4092968140699,-21.02513007628395,-22.259898563117734,-9.734493037482126,57.988163661775076,-20.129382832470483,36.465512067766156,134.23752287593715,26.229053217695423,34.48969008590203,6.85255832304739,30.787630843486895
-1.3288804010854667,0.5786256936997628,-0.37921789282957186,8.393239846069381,21.892993016365786,-46.37793728892956,16.993994186244624,5.221277018647682,26.229053217695423,143.7052892637791,56.3768471533437,48.11598675787662,10.687521160381491
-1.0489157521309171,13.912707040483744,8.595487233882858,-8.384917652062382,-12.94671024743674,7.784006069424858,-45.429871040399085,-16.234121793456197,34.48969008590203,56.3768471533437,119.92770862000438,62.277329392668214,34.84572336652002
-1.532087391937531,3.558645970860406,14.338165056765684,20.5690672346081,-3.3957326520311253,-17.34718907520596,-16.83142128881519,-15.634692463341299,6.85255832304739,48.11598675787662,62.277329392668214,93.17882986285387,45.31562370946937
0.24655163795892918,8.640469996906337,2.9384144570264903,-10.867273591891836,-12.686526204987173,27.056075776384,-31.48562636050204,-6.757443242494464,30.787630843486895,10.687521160381491,34.84572336652002,45.31562370946937,78.60699058542691
