1.872069284979405,-4.438843965555913,-3.76891533099114,-0.507662853320313,1.2414679099374835,-3.119212185249371,0.35724860093229865,0.6704216323968076,-0.340794993439929,-0.22403879049846284,-2.344740243958033,0.002976539798699516,-0.1489291218942214
-4.438843965555913,65.59978052513436,19.245637547341847,-33.85648458467121,14.458064588235523,-33.45229730862831,30.319250037428947,-9.316154694473472,-15.712058167409158,-2.405408655823569,10.299995705729652,-0.16486115414250357,-8.54279966057664
-3.76891533099114,19.245637547341847,37.459366976240965,23.40302316971254,-32.40643574854684,27.387068625133207,-12.27920197290786,7.119116643585679,-4.117382566649049,-4.992726340196479,11.914918716436475,3.8695175482992665,-2.7252906022152725
-0.507662853320313,-33.85648458467121,23.40302316971254,70.03437404242092,-4.361323806119099,44.16757545924151,-21.490347216319297,11.985684902521307,13.195432456592329,9.51325457286552,0.19085366334917725,9.689080993714777,2.8239705469430603
1.2414679099374835,14.458064588235523,-32.40643574854684,-4.361323806119099,179.90044474200187,-79.57877060254853,79.19075204688332,-4.03256350937255,-1.954344583965791,41.15213679314508,-8.535548450737004,1.778724217844255,-2.3835575175795647
-3.119212185249371,-33.45229730862831,27.387068625133207,44.16757545924151,-79.57877060254853,202.0375765752506,-35.066966303295516,31.48770749538382,45.893563360751074,-34.41135253498913,16.529384115990283,-9.84797457469106,25.37299269915984
0.35724860093229865,30.319250037428947,-12.27920197290786,-21.490347216319297,79.19075204688332,-35.066966303295516,148.04990639828878,58.01852129848774,-9.171110599692355,19.874440583126237,-25.05484955048657,-0.006066405005884647,-19.15101512662828
0.6704216323968076,-9.316154694473472,7.119116643585679,11.985684902521307,-4.03256350937255,31.48770749538382,58.01852129848774,96.275975203432,39.34420481719598,7.8402707520682995,-0.5754047444613797,-4.917338439823373,4.172560784751556
-0.340794993439929,-15.712058167409158,-4.117382566649049,13.195432456592329,-1.954344583965791,45.893563360751074,-9.171110599692355,39.34420481719598,97.88049301733713,33.77751246660134,22.377522628828757,7.38365934102944,19.94784563998069
-0.22403879049846284,-2.405408655823569,-4.992726340196479,9.51325457286552,41.15213679314508,-34.41135253498913,19.874440583126237,7.8402707520682995,33.77751246660134,106.8026073859329,34.01832127532275,24.035465435659077,6.99388139950104
-2.344740243958033,10.299995705729652,11.914918716436475,0.19085366334917725,-8.535548450737004,16.529384115990283,-25.05484955048657,-0.5754047444613797,22.377522628828757,34.01832127532275,86.87980415039874,38.702184226148304,22.002992513272755
0.002976539798699516,-0.16486115414250357,3.8695175482992665,9.689080993714777,1.778724217844255,-9.84797457469106,-0.006066405005884647,-4.917338439823373,7.38365934102944,24.035465435659077,38.702184226148304,72.72995656055029,40.51067677482116
-0.1489291218942214,-8.54279966057664,-2.7252906022152725,2.8239705469430603,-2.3835575175795647,25.37299269915984,-19.15101512662828,4.172560784751556,19.94784563998069,6.99388139950104,22.002992513272755,40.51067677482116,72.73933105845911
