3.349621542699042,-10.410636786141408,-8.103921839304265,1.6372592108683606,8.16096619797754,-4.360368839004478,1.0042216341347012,-2.407429629382396,-2.2895230470387324,1.6382616281729958,-0.7780914356885451,1.740393503355847,-0.4708067458013127
-10.410636786141408,109.13031773544212,59.83889806380983,-35.032246001035965,-31.200931002989428,-21.059998529100454,11.044392188057204,-11.45365080294912,-28.679967296379168,-23.631721385500253,12.165558166732888,-0.8278905426217159,-5.849355564305595
-8.103921839304265,59.83889806380983,86.79199897902906,38.36439824092186,-74.39265801169026,22.70983332127207,-27.141591502880257,5.52505446158032,-28.14207929526266,-17.775624360021947,5.334563719368548,6.392472391434368,-1.3714904370038312
1.6372592108683606,-35.032246001035965,38.36439824092186,95.22171944407918,1.1700227469888684,21.897754653791928,-22.597405853375214,16.245124680977433,1.2593113599514993,13.59469863835197,-10.474313510292244,10.929193138116863,5.970053810674097
8.16096619797754,-31.200931002989428,-74.39265801169026,1.1700227469888684,229.99963505207919,-89.5905509222316,80.74253599371578,8.61029620769938,29.885507530460515,41.16291480191168,-6.350053973390131,-2.1310798507038764,8.939879671805837
-4.360368839004478,-21.059998529100454,22.70983332127207,21.897754653791928,-89.5905509222316,213.9100010499609,-36.459546684027714,29.255747792613505,63.98305750735203,-26.248348241376682,19.87576965322669,-0.006811591734713869,33.019703384573326
1.0042216341347012,11.044392188057204,-27.141591502880257,-22.597405853375214,80.74253599371578,-36.459546684027714,163.77874608474173,59.80364012542315,-26.66822409016472,21.26425843738976,-9.968210058065562,4.412577267665179,-24.03026005889628
-2.407429629382396,-11.45365080294912,5.52505446158032,16.245124680977433,8.61029620769938,29.255747792613505,59.80364012542315,101.07739339225046,56.058232536106914,12.73120736830246,0.6259317332064654,-4.572978433277363,12.402926446739308
-2.2895230470387324,-28.679967296379168,-28.14207929526266,1.2593113599514993,29.885507530460515,63.98305750735203,-26.66822409016472,56.058232536106914,179.83002725474535,45.22015660586035,15.97617640295945,-2.157832622809163,50.61029744946708
1.6382616281729958,-23.631721385500253,-17.775624360021947,13.59469863835197,41.16291480191168,-26.248348241376682,21.26425843738976,12.73120736830246,45.22015660586035,147.87710785203822,24.489969515506477,11.61081893163144,8.863211874845302
-0.7780914356885451,12.165558166732888,5.334563719368548,-10.474313510292244,-6.350053973390131,19.87576965322669,-9.968210058065562,0.6259317332064654,15.97617640295945,24.489969515506477,85.70618372165985,38.16651780887052,15.813477309388922
1.740393503355847,-0.8278905426217159,6.392472391434368,10.929193138116863,-2.1310798507038764,-0.006811591734713869,4.412577267665179,-4.572978433277363,-2.157832622809163,11.61081893163144,38.16651780887052,79.26348842327114,40.220299255883965
-0.4708067458013127,-5.849355564305595,-1.3714904370038312,5.970053810674097,8.939879671805837,33.019703384573326,-24.03026005889628,12.402926446739308,50.61029744946708,8.863211874845302,15.813477309388922,40.220299255883965,84.4441943538613
