3.2088171958065117,-10.250751423479315,-8.616541634575867,-0.6751620435672429,3.1273608750310187,-8.911452464358247,-3.502164322556092,-0.8597562209207205,0.6544403289632827,-0.2658570840843045,-3.850486933591027,0.8111259491512718,0.22374432514324818
-10.250751423479315,112.16544994997142,49.569846472482865,-54.15268479648208,-28.06932698208375,-23.893765135224847,14.772060757325852,-37.58783826426537,-36.57533617592275,-5.879632260950662,24.681861830802724,-10.946315100342616,-10.536050376019832
-8.616541634575867,49.569846472482865,69.28820409093451,28.38299332000377,-55.749358125011796,33.95951121485459,-23.75508547741491,-10.920134004409936,-24.075647233488596,-9.626478242879392,18.314843358641333,0.9845734695143769,-1.537929813136967
-0.6751620435672429,-54.15268479648208,28.38299332000377,115.06064309855257,35.65376846425627,41.83324529395668,-16.341184024308504,26.986946939646355,11.379941934074267,10.531859461856895,-12.44567830726929,16.341491513884755,5.673840460515703
3.1273608750310187,-28.06932698208375,-55.749358125011796,35.65376846425627,251.06628648641833,-66.12720680621862,103.16535815906308,32.7059686960428,20.39971969827774,42.7142283947938,-16.87913259958158,6.988913824583589,0.15902339894935366
-8.911452464358247,-23.893765135224847,33.95951121485459,41.83324529395668,-66.12720680621862,260.1330223764269,-3.860898548684243,51.96888097087711,67.70801973444284,-33.53814055989952,26.149958747765737,-5.6340386137006915,36.59729080199311
-3.502164322556092,14.772060757325852,-23.75508547741491,-16.341184024308504,103.16535815906308,-3.860898548684243,185.7593259221642,90.19711972321879,12.040487727741146,25.87983983375131,-24.55282069546585,-3.7141739428593397,-17.05250306074584
-0.8597562209207205,-37.58783826426537,-10.920134004409936,26.986946939646355,32.7059686960428,51.96888097087711,90.19711972321879,139.75477141390687,79.5521380312191,16.17526228828457,-6.464959130702295,-2.5714950202626765,10.569031935321929
0.6544403289632827,-36.57533617592275,-24.075647233488596,11.379941934074267,20.39971969827774,67.70801973444284,12.040487727741146,79.5521380312191,144.3342349238092,43.91394324154881,31.23844783922406,15.628606580306954,30.15861748566463
-0.2658570840843045,-5.879632260950662,-9.626478242879392,10.531859461856895,42.7142283947938,-33.53814055989952,25.87983983375131,16.17526228828457,43.91394324154881,135.13807156782914,44.53285929232064,34.009943141547005,7.882719674170371
-3.850486933591027,24.681861830802724,18.314843358641333,-12.44567830726929,-16.87913259958158,26.149958747765737,-24.55282069546585,-6.464959130702295,31.23844783922406,44.53285929232064,125.97305676015272,53.11663125190831,29.564013700156902
0.8111259491512718,-10.946315100342616,0.9845734695143769,16.341491513884755,6.988913824583589,-5.6340386137006915,-3.7141739428593397,-2.5714950202626765,15.628606580306954,34.009943141547005,53.11663125190831,91.7248160875174,54.68551873891431
0.22374432514324818,-10.536050376019832,-1.537929813136967,5.673840460515703,0.15902339894935366,36.59729080199311,-17.05250306074584,10.569031935321929,30.15861748566463,7.882719674170371,29.564013700156902,54.68551873891431,84.91908400388675
