1.9989272889743368,-5.741958648218833,-6.631147089361356,-2.107509690067973,4.772138560930406,-1.5263959925621013,-2.4573120044114303,-3.0201755296579167,2.246384012731826,1.3189115595412264,-0.09761488174254478,-0.00784449807108709,0.4264493804807278
-5.741958648218833,70.45283317171653,29.673655133857416,-31.084334805487813,-6.337738251004488,-46.555700275856466,17.569578747623602,-9.407872779890207,-24.076412818269684,-7.362524303076465,3.872134785005334,-5.045026063166218,-6.259573476410349
-6.631147089361356,29.673655133857416,57.3015082133837,34.42296849528362,-55.5417326117214,10.71388153460379,-15.402768544828001,12.154723707719354,-23.326324323880442,-10.591893456548787,-1.6873221428730523,2.722659232646611,-1.549779410091602
-2.107509690067973,-31.084334805487813,34.42296849528362,85.70400032571426,-3.029820337230911,37.57494094811335,-5.91035083187358,22.888898855094705,-6.356424836890216,1.0129075016205937,-15.636232438553192,8.458093789107263,-0.46263762420115917
4.772138560930406,-6.337738251004488,-55.5417326117214,-3.029820337230911,219.89522044983062,-62.02429988300374,100.79296845210335,6.739260606119937,4.4212090655243985,17.739230065347048,-18.28003489746357,-8.877614765867735,-10.323798026307694
-1.5263959925621013,-46.555700275856466,10.71388153460379,37.57494094811335,-62.02429988300374,230.8326390874223,-15.747646230345227,35.964942133051814,57.520070219166776,-36.14095074497884,13.469707218683427,-10.292580580868412,14.297194100565955
-2.4573120044114303,17.569578747623602,-15.402768544828001,-5.91035083187358,100.79296845210335,-15.747646230345227,169.64859701399743,68.36170631041355,-13.181312325279526,21.43894158172695,-31.76660446732853,-6.886219093259905,-20.730042675249642
-3.0201755296579167,-9.407872779890207,12.154723707719354,22.888898855094705,6.739260606119937,35.964942133051814,68.36170631041355,106.37401973917015,44.212971886604734,7.309875962897854,-12.307840194334915,-9.974006110371556,4.995090239839692
2.246384012731826,-24.076412818269684,-23.326324323880442,-6.356424836890216,4.4212090655243985,57.520070219166776,-13.181312325279526,44.212971886604734,129.36756073747867,28.129904881969438,23.16349252953265,-0.6760841478786017,20.405853146242148
1.3189115595412264,-7.362524303076465,-10.591893456548787,1.0129075016205937,17.739230065347048,-36.14095074497884,21.43894158172695,7.309875962897854,28.129904881969438,129.02116142182098,42.86480259534342,24.404970938032175,6.443231702151133
-0.09761488174254478,3.872134785005334,-1.6873221428730523,-15.636232438553192,-18.28003489746357,13.469707218683427,-31.76660446732853,-12.307840194334915,23.16349252953265,42.86480259534342,100.24524834749334,42.28654192727688,16.764326497951366
-0.00784449807108709,-5.045026063166218,2.722659232646611,8.458093789107263,-8.877614765867735,-10.292580580868412,-6.886219093259905,-9.974006110371556,-0.6760841478786017,24.404970938032175,42.28654192727688,72.99020589916664,34.569034689818864
0.4264493804807278,-6.259573476410349,-1.549779410091602,-0.46263762420115917,-10.323798026307694,14.297194100565955,-20.730042675249642,4.995090239839692,20.405853146242148,6.443231702151133,16.764326497951366,34.569034689818864,68.71593262258757
