2.814046892590985,-6.262092919341987,-6.155079275092698,0.5508784901551632,6.685799643034938,-3.7047315887083316,4.921343377188893,3.7961198710931177,2.2523791195466156,6.358650124736635,3.368051315121477,3.1496727401534077,-1.1726598829742723
-6.262092919341987,75.51963110697183,34.10342513081111,-30.943061571296788,3.524394452436943,-26.105324360042303,8.277124014952257,-17.098744426185142,-2.6811531175189858,-20.41252211205322,-2.3285793839314026,-5.223487317850923,12.856437007866457
-6.155079275092698,34.10342513081111,51.76414003382402,19.6271430997224,-49.45771124218723,43.94615498072156,-29.313469254267115,0.9217920259917602,5.639069021256638,-25.281923524066467,-1.9747717469198214,-0.43222138673021127,17.06150160045449
0.5508784901551632,-30.943061571296788,19.6271430997224,64.52663578718595,-4.094347452356775,53.46852145418698,-6.628220040610371,22.38846322493243,10.189609900304315,13.063762748389228,1.7676876368228045,9.419250907067658,-3.0120315539882534
6.685799643034938,3.524394452436943,-49.45771124218723,-4.094347452356775,201.66314028660526,-89.73911698549992,112.06418094369204,15.672627772258886,-4.278488665530582,68.12775568714895,12.838062221305792,4.308645137638557,-26.709141868951416
-3.7047315887083316,-26.105324360042303,43.94615498072156,53.46852145418698,-89.73911698549992,195.09027715215785,-60.60702033766968,18.49545763504537,51.54817876006879,-32.61542605994436,21.92581656242007,-0.5740628343576051,31.708351439620234
4.921343377188893,8.277124014952257,-29.313469254267115,-6.628220040610371,112.06418094369204,-60.60702033766968,128.05451717061968,41.308731457963354,-4.142313949420269,60.197384729621916,1.846121537291258,13.685364456915567,-22.59140021698278
3.7961198710931177,-17.098744426185142,0.9217920259917602,22.38846322493243,15.672627772258886,18.49545763504537,41.308731457963354,74.23871467629876,34.084306210346966,35.51632064191357,23.451298708315978,12.086894852039528,4.102925415233674
2.2523791195466156,-2.6811531175189858,5.639069021256638,10.189609900304315,-4.278488665530582,51.54817876006879,-4.142313949420269,34.084306210346966,86.67514459531805,30.47255775356727,35.34017002931713,16.615349925451234,23.907666513497738
6.358650124736635,-20.41252211205322,-25.281923524066467,13.063762748389228,68.12775568714895,-32.61542605994436,60.197384729621916,35.51632064191357,30.47255775356727,112.81292290351563,41.76441684602444,31.448134926008162,-5.012049989512914
3.368051315121477,-2.3285793839314026,-1.9747717469198214,1.7676876368228045,12.838062221305792,21.92581656242007,1.846121537291258,23.451298708315978,35.34017002931713,41.76441684602444,83.66848147832398,44.155360857624736,30.861060275664418
3.1496727401534077,-5.223487317850923,-0.43222138673021127,9.419250907067658,4.308645137638557,-0.5740628343576051,13.685364456915567,12.086894852039528,16.615349925451234,31.448134926008162,44.155360857624736,77.16101278680915,44.394554821721684
-1.1726598829742723,12.856437007866457,17.06150160045449,-3.0120315539882534,-26.709141868951416,31.708351439620234,-22.59140021698278,4.102925415233674,23.907666513497738,-5.012049989512914,30.861060275664418,44.394554821721684,76.12016855533957
