2.0286546802867083,-5.897678964911157,-4.8173681552802305,-0.6211416922378128,1.2029612639177465,-3.4470188816047815,1.3132149753147395,0.08179485755165922,-1.262877396600258,2.366887162856829,0.47756514014938023,1.6943832321569359,-0.5111494976767006
-5.897678964911157,72.86314066315988,27.72320999393859,-30.106214817785272,16.871756239806565,-28.230616314431387,13.911362626146131,-12.423844918093753,-0.6461073576307238,-2.2946569265117125,12.764978231592172,-7.667022230472919,0.6293285732383945
-4.8173681552802305,27.72320999393859,47.53534034902053,25.91098409219892,-43.46238353419384,26.666553580836485,-33.962940161653655,5.380634130416491,9.68488875586501,-1.461299304308875,13.167134296744385,2.6677153325284295,5.33311100256005
-0.6211416922378128,-30.106214817785272,25.91098409219892,69.37121638866934,-14.673019483729655,35.119234153226095,-21.521195827097902,21.80141523351695,13.167118715418471,9.379842090440013,-1.2495262213043157,15.237684377524662,2.4074004817292725
1.2029612639177465,16.871756239806565,-43.46238353419384,-14.673019483729655,202.21761030254396,-73.54164909729313,122.74491456237973,16.8298463565774,-12.236795473742351,18.19705204123494,-11.702857863127207,-1.2732040780678664,-7.7064970071535335
-3.4470188816047815,-28.230616314431387,26.666553580836485,35.119234153226095,-73.54164909729313,236.51438550305767,-25.493163100078462,28.199995901180067,52.106496305472305,-47.41571257930669,12.620721763737835,-7.817023743941257,32.727981244516364
1.3132149753147395,13.911362626146131,-33.962940161653655,-21.521195827097902,122.74491456237973,-25.493163100078462,159.9459355855409,54.7243079957004,-9.273288043497413,11.607565977859231,-23.157979335309452,2.6459461877310093,-10.74498979983558
0.08179485755165922,-12.423844918093753,5.380634130416491,21.80141523351695,16.8298463565774,28.199995901180067,54.7243079957004,93.76846719238657,41.02748323886557,10.042308171464278,5.505404798903021,7.226410676850531,6.777164361009659
-1.262877396600258,-0.6461073576307238,9.68488875586501,13.167118715418471,-12.236795473742351,52.106496305472305,-9.273288043497413,41.02748323886557,98.56421416134692,38.20439173348621,36.83843463747758,15.438351113228403,21.559060258618754
2.366887162856829,-2.2946569265117125,-1.461299304308875,9.379842090440013,18.19705204123494,-47.41571257930669,11.607565977859231,10.042308171464278,38.20439173348621,134.2378532279413,56.98643350145828,36.29543487230054,12.420404662762063
0.47756514014938023,12.764978231592172,13.167134296744385,-1.2495262213043157,-11.702857863127207,12.620721763737835,-23.157979335309452,5.505404798903021,36.83843463747758,56.98643350145828,100.06212185267144,49.23634118867614,34.31038148042041
1.6943832321569359,-7.667022230472919,2.6677153325284295,15.237684377524662,-1.2732040780678664,-7.817023743941257,2.6459461877310093,7.226410676850531,15.438351113228403,36.29543487230054,49.23634118867614,81.32387404030482,42.83266061022859
-0.5111494976767006,0.6293285732383945,5.33311100256005,2.4074004817292725,-7.7064970071535335,32.727981244516364,-10.74498979983558,6.777164361009659,21.559060258618754,12.420404662762063,34.31038148042041,42.83266061022859,65.70164395067692
