2.222859761665292,-4.095942909640559,-4.172146810499401,-2.7671175267217247,-1.8812289943696343,-3.937088957852509,-5.437483067177118,-3.677690602567841,2.202898158437541,3.5674263565103668,0.592567766249096,0.13641678103525287,1.478876244398307
-4.095942909640559,83.5312668982962,29.63798652690016,-47.7883717191123,-16.702960315478162,-26.57198396270203,9.31004045579189,-16.46300814888215,-13.759686564146865,-10.125953421807152,28.507026250971336,4.581533408375658,1.331432678636469
-4.172146810499401,29.63798652690016,49.132344120058214,22.68099207960382,-54.62352212595592,30.143047905916987,-27.47158199573942,0.08724763830525614,-12.448085451880422,-12.387267748976887,20.19327131325407,13.414754338243728,4.560461077526683
-2.7671175267217247,-47.7883717191123,22.68099207960382,94.64804448577155,22.478497507609376,32.6872621048609,-2.9407230309889845,24.061170848000817,-2.130452875927616,1.933232269136127,-16.882914480784603,13.347977631818004,-0.33108835883805543
-1.8812289943696343,-16.702960315478162,-54.62352212595592,22.478497507609376,252.51477047315004,-96.68242418712691,130.17634840790296,35.16503932921721,2.191067456302173,29.344847180191284,-39.59820979389381,-14.642972491109385,-11.982448106297099
-3.937088957852509,-26.57198396270203,30.143047905916987,32.6872621048609,-96.68242418712691,217.98905236374833,-47.949091966148046,23.65465278671208,55.176700726564874,-37.98427756478584,20.23094400859175,-5.111927777128273,21.696141394485867
-5.437483067177118,9.31004045579189,-27.47158199573942,-2.9407230309889845,130.17634840790296,-47.949091966148046,182.87900131273608,92.07490954502993,0.3925219088071051,13.894458335620541,-49.15111158894111,-10.631745259724038,-20.815573814883173
-3.677690602567841,-16.46300814888215,0.08724763830525614,24.061170848000817,35.16503932921721,23.65465278671208,92.07490954502993,145.16766973037716,69.46807442082178,-11.09545069488128,-37.77033749863153,-14.830614914211818,5.903133628647408
2.202898158437541,-13.759686564146865,-12.448085451880422,-2.130452875927616,2.191067456302173,55.176700726564874,0.3925219088071051,69.46807442082178,141.2035803519471,20.3416254511642,5.350698802369507,-5.831811767577965,22.332406786515833
3.5674263565103668,-10.125953421807152,-12.387267748976887,1.933232269136127,29.344847180191284,-37.98427756478584,13.894458335620541,-11.09545069488128,20.3416254511642,132.6523842359587,44.203579359080635,23.68698796578027,4.392330768128853
0.592567766249096,28.507026250971336,20.19327131325407,-16.882914480784603,-39.59820979389381,20.23094400859175,-49.15111158894111,-37.77033749863153,5.350698802369507,44.203579359080635,125.1188996471461,55.171383348150115,26.902318062838294
0.13641678103525287,4.581533408375658,13.414754338243728,13.347977631818004,-14.642972491109385,-5.111927777128273,-10.631745259724038,-14.830614914211818,-5.831811767577965,23.68698796578027,55.171383348150115,86.8386057460856,45.74659579268222
1.478876244398307,1.331432678636469,4.560461077526683,-0.33108835883805543,-11.982448106297099,21.696141394485867,-20.815573814883173,5.903133628647408,22.332406786515833,4.392330768128853,26.902318062838294,45.74659579268222,73.61342994824825
