2.100446138156167,-6.099721068746612,-5.809162533732703,-1.3339404151195378,2.338545216190601,-2.7863557302302784,0.415641406554286,1.2949427185387916,2.0720786089119083,0.4397927736651299,-1.032670778808636,-0.5779928158170144,-0.6534174381847224
-6.099721068746612,70.19885869141444,25.717417046143513,-31.562096749836527,8.539186712434478,-34.70646503676725,15.262119410719006,-18.370157313531973,-15.28063552046786,-4.811153125639475,3.887594570194343,-3.1823926316468385,2.8314588871854363
-5.809162533732703,25.717417046143513,45.793745809869186,26.471744855051792,-38.85805371313089,30.804792990942286,-23.467830908584563,-0.17568632851645638,-5.882836001818748,-7.096755952180364,7.644513951352934,3.245103792335048,5.35120737218019
-1.3339404151195378,-31.562096749836527,26.471744855051792,73.76982202701859,-1.713261091974569,49.03454996271946,-10.773289561238899,17.630954692034862,5.743826291975874,9.12440970015002,3.6924541347467446,13.882855477449473,-3.1594632152399273
2.338545216190601,8.539186712434478,-38.85805371313089,-1.713261091974569,191.91490107155477,-81.92058060418786,107.17100937897972,14.441762235425129,-8.20009232313181,40.63330202069513,-0.23391014791131753,8.495857103292337,-15.715370851791382
-2.7863557302302784,-34.70646503676725,30.804792990942286,49.03454996271946,-81.92058060418786,189.8856514342679,-40.6878143779429,32.373609175799714,46.60331020618325,-35.7928881325345,16.273588137995993,1.7572554320303218,30.92606874721587
0.415641406554286,15.262119410719006,-23.467830908584563,-10.773289561238899,107.17100937897972,-40.6878143779429,145.22451883026602,58.65215055357694,1.0518518037435132,27.51412001385555,-23.697149137395794,6.994041158969103,-13.801559610302684
1.2949427185387916,-18.370157313531973,-0.17568632851645638,17.630954692034862,14.441762235425129,32.373609175799714,58.65215055357694,95.44929501473845,46.765973589015175,13.314624027291938,3.3513071722617926,-0.40767347349099275,3.224194399052331
2.0720786089119083,-15.28063552046786,-5.882836001818748,5.743826291975874,-8.20009232313181,46.60331020618325,1.0518518037435132,46.765973589015175,98.20794602540697,30.321256175034915,27.672717573555488,8.755198305521322,17.840544480691147
0.4397927736651299,-4.811153125639475,-7.096755952180364,9.12440970015002,40.63330202069513,-35.7928881325345,27.51412001385555,13.314624027291938,30.321256175034915,106.18601813854278,38.52212353246852,29.089970809983843,4.09942870775466
-1.032670778808636,3.887594570194343,7.644513951352934,3.6924541347467446,-0.23391014791131753,16.273588137995993,-23.697149137395794,3.3513071722617926,27.672717573555488,38.52212353246852,87.64264236263259,43.35209251636971,29.354807504580663
-0.5779928158170144,-3.1823926316468385,3.245103792335048,13.882855477449473,8.495857103292337,1.7572554320303218,6.994041158969103,-0.40767347349099275,8.755198305521322,29.089970809983843,43.35209251636971,74.97183782335637,40.8415354421595
-0.6534174381847224,2.8314588871854363,5.35120737218019,-3.1594632152399273,-15.715370851791382,30.92606874721587,-13.801559610302684,3.224194399052331,17.840544480691147,4.09942870775466,29.354807504580663,40.8415354421595,68.25271973031467
