1.7813579818787624,-4.531266754612131,-4.658415602618322,-1.2134792705490456,2.4304147721299403,-1.8742605946241873,0.06257467412877277,-0.03635280403780785,1.3711037313746033,0.8356605780310474,-1.5465116260830924,0.48617623870241494,1.6343018837744194
-4.531266754612131,60.978476137559184,16.97424498938759,-29.66577350066646,22.55812101051321,-40.08106106215599,17.515915419997164,-13.832159325760811,-6.475422728387213,7.713197632247619,12.438497312748098,-3.8327353730834854,-4.878959633840451
-4.658415602618322,16.97424498938759,40.102901898020534,28.79488721639133,-36.81741951094199,21.508188673848753,-23.943531535367356,6.143278062153405,0.6742693504744479,4.964445605158646,14.991776167427586,2.363992422418565,-4.0243599698687555
-1.2134792705490456,-29.66577350066646,28.79488721639133,68.80730351455239,-22.554611233359896,39.93691834088854,-16.308116632042342,20.541666560835274,5.914722569567532,8.671189092418224,1.4252948994408285,12.218439487043506,-4.639177343421754
2.4304147721299403,22.55812101051321,-36.81741951094199,-22.554611233359896,169.2012657708661,-84.3426346421768,105.87725917414704,10.885156191263397,-13.955821802073194,25.174084307089302,-14.176574528043238,1.1417271227334693,-3.5565675989579106
-1.8742605946241873,-40.08106106215599,21.508188673848753,39.93691834088854,-84.3426346421768,205.97936429136803,-34.987205860233885,32.4858144502341,50.267325009255096,-43.76119833899092,11.887057574047779,-8.817800693434933,29.641398012310717
0.06257467412877277,17.515915419997164,-23.943531535367356,-16.308116632042342,105.87725917414704,-34.987205860233885,149.8093911197187,49.59557510809771,-15.591182136917556,14.381871950233407,-36.227191545921066,3.7634225544018296,-8.065512817360029
-0.03635280403780785,-13.832159325760811,6.143278062153405,20.541666560835274,10.885156191263397,32.4858144502341,49.59557510809771,83.3094812130414,27.91635152261424,-2.9284868154589874,-7.431874113588241,-3.7633212458151477,6.191796501077182
1.3711037313746033,-6.475422728387213,0.6742693504744479,5.914722569567532,-13.955821802073194,50.267325009255096,-15.591182136917556,27.91635152261424,90.71132525820308,18.608289936791046,23.89325846622203,7.636917776827752,19.721746182163013
0.8356605780310474,7.713197632247619,4.964445605158646,8.671189092418224,25.174084307089302,-43.76119833899092,14.381871950233407,-2.9284868154589874,18.608289936791046,109.28694557345436,38.426746881577834,27.626253308463976,3.580121574035025
-1.5465116260830924,12.438497312748098,14.991776167427586,1.4252948994408285,-14.176574528043238,11.887057574047779,-36.227191545921066,-7.431874113588241,23.89325846622203,38.426746881577834,90.11112852159899,34.621634049237805,17.840528742174826
0.48617623870241494,-3.8327353730834854,2.363992422418565,12.218439487043506,1.1417271227334693,-8.817800693434933,3.7634225544018296,-3.7633212458151477,7.636917776827752,27.626253308463976,34.621634049237805,71.98775679698817,40.59151980991547
1.6343018837744194,-4.878959633840451,-4.0243599698687555,-4.639177343421754,-3.5565675989579106,29.641398012310717,-8.065512817360029,6.191796501077182,19.721746182163013,3.580121574035025,17.840528742174826,40.59151980991547,77.23556042165247
