2.4673905523407407,-5.631806231006765,-4.368547745342435,-2.785600781547238,-4.944980383837744,-8.098892254310275,-3.6458995150240017,-1.8399182669407286,-4.0664751494640665,-2.2897427900800778,-1.6928769543429378,1.5243045660639392,-0.28312050850619735
-5.631806231006765,88.15979924940106,25.853277513548004,-55.892751684235655,-8.074925500678853,-38.20193886189858,27.340896911945798,-22.785138424705238,-36.6447860892801,-15.315119282990068,2.6195736584602427,-0.7390892598317726,-5.989801428452522
-4.368547745342435,25.853277513548004,39.18384034758664,19.98536411170763,-29.724746148624774,19.275872159966458,-12.438180250849545,-2.1134635092562983,-15.384879833941575,-14.379851186105467,7.493692193367337,6.0463374587372,-0.63307819625109
-2.785600781547238,-55.892751684235655,19.98536411170763,107.96864756779559,45.08699678231863,53.57091886300792,-24.483450915690884,13.269368021718652,31.05016265661309,13.676871340075541,4.821817371641161,10.114439073314657,6.60337082991402
-4.944980383837744,-8.074925500678853,-29.724746148624774,45.08699678231863,240.40267423854428,-30.412243449969143,76.78006726340527,4.991461657610126,29.68058269365878,41.383903772359886,0.7643735648650427,-6.521356916411624,-1.9875117565033626
-8.098892254310275,-38.20193886189858,19.275872159966458,53.57091886300792,-30.412243449969143,238.4668709678223,-10.306904357150039,41.41149622431845,76.29267534343676,-18.80275277356005,24.06473774437861,-24.85205508007002,14.700516870779648
-3.6458995150240017,27.340896911945798,-12.438180250849545,-24.483450915690884,76.78006726340527,-10.306904357150039,163.73180700098362,79.89223115853298,13.953492812510449,24.858719268231987,-16.815888662696736,-16.86553129933162,-37.93759426866335
-1.8399182669407286,-22.785138424705238,-2.1134635092562983,13.269368021718652,4.991461657610126,41.41149622431845,79.89223115853298,137.56545568891863,90.65160297347865,22.12780004820727,-8.636570266515342,-33.83343272020636,-19.096559721010653
-4.0664751494640665,-36.6447860892801,-15.384879833941575,31.05016265661309,29.68058269365878,76.29267534343676,13.953492812510449,90.65160297347865,170.03397148188134,54.444700891543945,12.133692015876228,-23.104662654603732,10.80280137979921
-2.2897427900800778,-15.315119282990068,-14.379851186105467,13.676871340075541,41.383903772359886,-18.80275277356005,24.858719268231987,22.12780004820727,54.444700891543945,137.59313465383767,30.197289856034583,20.63425646136092,17.134691637534168
-1.6928769543429378,2.6195736584602427,7.493692193367337,4.821817371641161,0.7643735648650427,24.06473774437861,-16.815888662696736,-8.636570266515342,12.133692015876228,30.197289856034583,108.03597668135025,58.801344252013905,35.15607211119689
1.5243045660639392,-0.7390892598317726,6.0463374587372,10.114439073314657,-6.521356916411624,-24.85205508007002,-16.86553129933162,-33.83343272020636,-23.104662654603732,20.63425646136092,58.801344252013905,106.10551066471912,55.8195335263967
-0.28312050850619735,-5.989801428452522,-0.63307819625109,6.60337082991402,-1.9875117565033626,14.700516870779648,-37.93759426866335,-19.096559721010653,10.80280137979921,17.134691637534168,35.15607211119689,55.8195335263967,82.19773922651106
