1.8145057246475487,-1.8853768394124837,-3.1604123978756085,-3.1562176644644553,-0.22844407305270217,0.13581050506248565,-1.7726967898026287,-0.9101572784201651,2.547290844205138,-0.1393142757654265,1.2420148718253852,-0.10885186039441015,0.7407996968264988
-1.8853768394124837,73.67040313877393,20.803584999116477,-51.04763842706224,-12.918052484731085,-44.765881302105285,14.903833966027126,-16.94801555554289,-8.826806752301515,2.3934551876898307,2.3438029537481397,-14.509921574609304,-0.045581785289952055
-3.1604123978756085,20.803584999116477,40.798006258632995,22.474398816043635,-45.549663845321284,15.207809328902393,-17.357874228034856,3.5654802720348853,-14.135477010133723,-3.9401937929052577,-5.281422235747746,-5.230492893035151,-0.48960066258946977
-3.1562176644644553,-51.04763842706224,22.474398816043635,102.47636800028114,27.808270843195498,37.244324747365106,-1.867783445574478,22.17588348174848,-15.978780792246466,0.9034547598438074,-16.008073233274594,18.304779277845174,-7.217655810755755
-0.22844407305270217,-12.918052484731085,-45.549663845321284,27.808270843195498,239.44929827238627,-63.37817558700564,105.08814238075014,12.268506631475773,-7.149381363473022,15.488142425078333,-5.303089382121177,19.23477455234143,-10.372505567590503
0.13581050506248565,-44.765881302105285,15.207809328902393,37.244324747365106,-63.37817558700564,225.22464525246244,-34.8120223222758,30.425620054411727,61.35252691810684,-60.50611790161169,10.866940373983288,-13.957505103797153,27.582354438128515
-1.7726967898026287,14.903833966027126,-17.357874228034856,-1.867783445574478,105.08814238075014,-34.8120223222758,158.44973908848343,56.548955238225865,-28.146834494439798,17.299831828942978,-32.588320610338,1.182348622205917,-27.22097000860704
-0.9101572784201651,-16.94801555554289,3.5654802720348853,22.17588348174848,12.268506631475773,30.425620054411727,56.548955238225865,90.81446960878553,29.03012410371283,1.8148159967671111,-4.444408842335305,-1.5187096651825527,-6.042870865261179
2.547290844205138,-8.826806752301515,-14.135477010133723,-15.978780792246466,-7.149381363473022,61.35252691810684,-28.146834494439798,29.03012410371283,128.73559737943552,20.34153597674158,42.364170366276774,7.125571792025986,24.861628041676823
-0.1393142757654265,2.3934551876898307,-3.9401937929052577,0.9034547598438074,15.488142425078333,-60.50611790161169,17.299831828942978,1.8148159967671111,20.34153597674158,131.81186617045168,41.91296253218784,26.496443326864963,0.5640339798704348
1.2420148718253852,2.3438029537481397,-5.281422235747746,-16.008073233274594,-5.303089382121177,10.866940373983288,-32.588320610338,-4.444408842335305,42.364170366276774,41.91296253218784,109.75576133967293,45.71407305955345,20.34179205214748
-0.10885186039441015,-14.509921574609304,-5.230492893035151,18.304779277845174,19.23477455234143,-13.957505103797153,1.182348622205917,-1.5187096651825527,7.125571792025986,26.496443326864963,45.71407305955345,86.9590045824995,39.29327699263504
0.7407996968264988,-0.045581785289952055,-0.48960066258946977,-7.217655810755755,-10.372505567590503,27.582354438128515,-27.22097000860704,-6.042870865261179,24.861628041676823,0.5640339798704348,20.34179205214748,39.29327699263504,78.11780473896336
