3.5849628696065516,0.7668198269398846,-2.348216955890916,-1.5350464473088994,5.597091652957167,-0.8938131351101556,-1.3192236008356875,-2.9900216499110366,3.7848184674488414,-2.306433309729635,0.5247044363503905,1.1201098539697034,2.6736624447140924
0.7668198269398846,64.35791442877097,29.481453208714857,-27.859740616794728,1.1725173692125868,-34.294977918870295,15.288423064872394,-25.766911526168695,-17.03751122770371,-2.559398179740736,2.889038760740163,-22.242367647464263,-11.110522547589941
-2.348216955890916,29.481453208714857,62.09108230494324,26.476370268110536,-81.61582585506416,27.94948126015961,-31.821769546556986,-14.69112256385511,-24.59984377142251,1.9422152123686736,-5.298887101848027,-24.31560756705771,-15.725367434065868
-1.5350464473088994,-27.859740616794728,26.476370268110536,67.10710933090596,-23.183244372970595,35.4049577892667,-19.322373319401787,14.871878002358816,-6.662537550727299,17.703796262199393,-5.849063449818336,8.474232236423276,-3.7475765567920374
5.597091652957167,1.1725173692125868,-81.61582585506416,-23.183244372970595,255.43386436448355,-90.1576642750535,111.78630158435678,28.360820382995854,28.79670344428353,24.544097890857422,22.247463314570957,40.013313654227545,24.450016158838178
-0.8938131351101556,-34.294977918870295,27.94948126015961,35.4049577892667,-90.1576642750535,213.595483469965,-41.41758672399084,18.726010470876332,53.483623588665864,-28.943121258655705,13.104222060179167,3.618112940000366,31.95270206547748
-1.3192236008356875,15.288423064872394,-31.821769546556986,-19.322373319401787,111.78630158435678,-41.41758672399084,129.78774332210116,45.56100932555899,-3.2551966767028233,20.41652815304901,0.13095478781324082,15.879969043611435,-0.10223642081642491
-2.9900216499110366,-25.766911526168695,-14.69112256385511,14.871878002358816,28.360820382995854,18.726010470876332,45.56100932555899,101.05910980369732,58.90288176146196,5.694577529175533,9.932212699430352,26.642120157412066,16.610733304621945
3.7848184674488414,-17.03751122770371,-24.59984377142251,-6.662537550727299,28.79670344428353,53.483623588665864,-3.2551966767028233,58.90288176146196,144.33161994098828,17.772835551976435,33.100858780563506,36.47312993084979,41.15090689122052
-2.306433309729635,-2.559398179740736,1.9422152123686736,17.703796262199393,24.544097890857422,-28.943121258655705,20.41652815304901,5.694577529175533,17.772835551976435,114.53331045743563,36.07032542278001,17.85197594330075,0.700825686203238
0.5247044363503905,2.889038760740163,-5.298887101848027,-5.849063449818336,22.247463314570957,13.104222060179167,0.13095478781324082,9.932212699430352,33.100858780563506,36.07032542278001,83.97552353066635,43.96646110097163,25.301062034260656
1.1201098539697034,-22.242367647464263,-24.31560756705771,8.474232236423276,40.013313654227545,3.618112940000366,15.879969043611435,26.642120157412066,36.47312993084979,17.85197594330075,43.96646110097163,92.73752491155601,54.77180999447662
2.6736624447140924,-11.110522547589941,-15.725367434065868,-3.7475765567920374,24.450016158838178,31.95270206547748,-0.10223642081642491,16.610733304621945,41.15090689122052,0.700825686203238,25.301062034260656,54.77180999447662,77.8689547555062
