1.4271792087154225,-6.07864450297573,-7.000865557992968,0.32411339040326037,5.915736752671217,-12.479070489201938,-0.35482554179283293,2.30918833828526,-3.50429905204591,-2.7926426003328078,-0.42276455584608547,3.914881396543299,-1.6801091471172027
-6.07864450297573,100.91261408121865,50.300929613926066,-61.42850204003999,-15.103438850573323,53.80060912109327,10.685596212375463,-51.52912979072506,32.268884235683764,1.5549647455647382,44.79061314690006,-31.461023586190905,27.876512768117138
-7.000865557992968,50.300929613926066,78.6394975412095,5.440138330980332,-88.9789052494278,125.72028128627979,-27.81289223966427,-36.57616018549006,29.165255235804512,27.847798478138458,13.993480772749425,-18.024748148352014,23.425438533691
0.32411339040326037,-61.42850204003999,5.440138330980332,96.72500319489586,8.419369906721405,-10.666971734766827,-17.733942119534298,40.62876033505949,-24.192655620331028,18.14702201412712,-35.2186876483124,25.57615280414501,-23.754715386488048
5.915736752671217,-15.103438850573323,-88.9789052494278,8.419369906721405,253.19603555125198,-214.28472138910874,96.4081542211022,54.212590531812616,-44.543695943674834,-38.32748537080553,0.9526078392645796,3.4268818596582613,-38.70511573015743
-12.479070489201938,53.80060912109327,125.72028128627979,-10.666971734766827,-214.28472138910874,425.19517378946966,-47.19702571909247,-76.29084848570997,102.70663846854195,43.04181852014754,-4.251498943578096,-64.03190200868463,69.76404660802528
-0.35482554179283293,10.685596212375463,-27.81289223966427,-17.733942119534298,96.4081542211022,-47.19702571909247,156.16584623072632,43.59818480949576,-51.40548004308691,-3.706632559839438,-1.1644743913052318,-28.673860089074495,-25.324153109741637
2.30918833828526,-51.52912979072506,-36.57616018549006,40.62876033505949,54.212590531812616,-76.29084848570997,43.59818480949576,121.34068713990038,17.37855604048738,-14.324977010166624,-20.53135912957887,29.21281422344959,-22.026702672861482
-3.50429905204591,32.268884235683764,29.165255235804512,-24.192655620331028,-44.543695943674834,102.70663846854195,-51.40548004308691,17.37855604048738,173.3986441898928,38.076571186741795,18.865398223514042,-3.951693156295017,46.734741065651285
-2.7926426003328078,1.5549647455647382,27.847798478138458,18.14702201412712,-38.32748537080553,43.04181852014754,-3.706632559839438,-14.324977010166624,38.076571186741795,136.61143520968434,33.866726589730135,-1.670433800405705,6.032201711840264
-0.42276455584608547,44.79061314690006,13.993480772749425,-35.2186876483124,0.9526078392645796,-4.251498943578096,-1.1644743913052318,-20.53135912957887,18.865398223514042,33.866726589730135,118.6882684009652,32.65859558346152,20.302227050138157
3.914881396543299,-31.461023586190905,-18.024748148352014,25.57615280414501,3.4268818596582613,-64.03190200868463,-28.673860089074495,29.21281422344959,-3.951693156295017,-1.670433800405705,32.65859558346152,110.96648963516674,28.763251313603583
-1.6801091471172027,27.876512768117138,23.425438533691,-23.754715386488048,-38.70511573015743,69.76404660802528,-25.324153109741637,-22.026702672861482,46.734741065651285,6.032201711840264,20.302227050138157,28.763251313603583,84.09146622697486
