2.3456453305280744,-6.830029652515803,-6.498872016465267,-1.5210738187501025,3.2899055334154994,-2.472438044412603,-1.6983363779674057,-2.8048576379816987,0.2233397217868425,0.9632522144145975,-0.6325120073314461,0.6102452675865003,0.5247522141770511
-6.830029652515803,78.73859179721047,30.578427517970717,-32.92308415307764,4.321129145175841,-37.85386206588696,30.18883391671478,-12.465590123214893,-31.639863505878363,2.809867570788268,14.543130245860333,-0.3548675417159606,-12.950789752878004
-6.498872016465267,30.578427517970717,60.14527776631487,39.39985802050901,-51.96873191397902,4.6659591671888005,-7.559699038863347,18.161940641059,-26.724618737341913,-9.128724871342593,11.663622396284433,10.195856402067768,-10.28987301075944
-1.5210738187501025,-32.92308415307764,39.39985802050901,87.11753068180737,-20.145570676639245,23.985842783898146,-11.851903042953216,35.658871514203334,6.168603008536659,-3.284243851095412,-7.6360868741949135,16.748307703472083,1.1554648377915364
3.2899055334154994,4.321129145175841,-51.96873191397902,-20.145570676639245,193.2328335355652,-56.647442217329655,84.62621772308309,6.844034496362905,28.377162117862834,33.81191067527551,-18.09928492211999,-4.865662869728878,14.926253914792625
-2.472438044412603,-37.85386206588696,4.6659591671888005,23.985842783898146,-56.647442217329655,236.30359554835147,-36.24332984938844,22.44087855736641,73.86247055646025,-38.65466131344506,19.492051003661953,-9.46792095133304,43.34857021401685
-1.6983363779674057,30.18883391671478,-7.559699038863347,-11.851903042953216,84.62621772308309,-36.24332984938844,143.27923960007854,59.48609289663778,-11.715910710121051,12.630372126631004,-28.632956214620336,2.0265414724539466,-16.423891892907292
-2.8048576379816987,-12.465590123214893,18.161940641059,35.658871514203334,6.844034496362905,22.44087855736641,59.48609289663778,117.29794957357578,49.76293239485461,-2.6960782288427096,-14.787341826231259,-10.87993709466409,2.1706623165450236
0.2233397217868425,-31.639863505878363,-26.724618737341913,6.168603008536659,28.377162117862834,73.86247055646025,-11.715910710121051,49.76293239485461,151.6677735184341,41.10940477907474,13.403315601076088,-6.31141429016901,37.152940480994495
0.9632522144145975,2.809867570788268,-9.128724871342593,-3.284243851095412,33.81191067527551,-38.65466131344506,12.630372126631004,-2.6960782288427096,41.10940477907474,139.5328460153761,51.23346392702053,31.70104614647998,12.634848503178532
-0.6325120073314461,14.543130245860333,11.663622396284433,-7.6360868741949135,-18.09928492211999,19.492051003661953,-28.632956214620336,-14.787341826231259,13.403315601076088,51.23346392702053,112.94454394249478,53.671721869159065,24.094366004299683
0.6102452675865003,-0.3548675417159606,10.195856402067768,16.748307703472083,-4.865662869728878,-9.46792095133304,2.0265414724539466,-10.87993709466409,-6.31141429016901,31.70104614647998,53.671721869159065,87.03210462352321,40.68411779817599
0.5247522141770511,-12.950789752878004,-10.28987301075944,1.1554648377915364,14.926253914792625,43.34857021401685,-16.423891892907292,2.1706623165450236,37.152940480994495,12.634848503178532,24.094366004299683,40.68411779817599,81.7004200684814
