1.7976902444412621,-4.530352635939279,-4.625409492408895,-1.2561312687877377,2.3914731746555375,-1.9795339072179041,0.33110538627329134,0.23942851529895287,1.4074640632610265,0.8876447674843608,-1.367570707772877,0.8255156023282797,1.830788653341643
-4.530352635939279,56.71548705330492,16.813622823971397,-26.086390797016843,19.311421917320327,-34.27301287044374,14.405900317674028,-15.22266473072233,-5.836941378016153,8.648792816516911,10.708911557658313,-5.242252176872258,-6.61911906245958
-4.625409492408895,16.813622823971397,39.22850476033545,28.251819084546227,-34.71543058502911,21.20128562566454,-24.264443444085018,6.277905204120243,0.8119002792575644,3.8528291463156523,14.168758278341691,0.9448805956720635,-4.7443460850192665
-1.2561312687877377,-26.086390797016843,28.251819084546227,65.73003343714902,-16.627732798311943,34.53544034703357,-12.614958063644748,21.566942224210468,4.643998681212573,6.283894011434643,0.36463986408124655,11.055225086805269,-4.523107052037398
2.3914731746555375,19.311421917320327,-34.71543058502911,-16.627732798311943,164.58459247617478,-78.8309146877811,105.28510881840361,9.948411302763597,-12.089415617225484,25.914431784592388,-17.160921224973347,2.137530160110221,-4.437155132293188
-1.9795339072179041,-34.27301287044374,21.20128562566454,34.53544034703357,-78.8309146877811,201.5418622568451,-32.00587182448987,33.99314211540828,48.178056894554274,-42.059937354363996,15.190657134849394,-10.135282306252119,29.80459100416687
0.33110538627329134,14.405900317674028,-24.264443444085018,-12.614958063644748,105.28510881840361,-32.00587182448987,149.0116075941214,48.40342012558365,-11.782462194581493,15.378854045291655,-38.5591063114048,5.154774497195973,-8.100529127151555
0.23942851529895287,-15.22266473072233,6.277905204120243,21.566942224210468,9.948411302763597,33.99314211540828,48.40342012558365,86.18346770652796,33.46368532472592,-1.4606953612300557,-5.6042106612224805,-2.4081174980467708,6.546124570403411
1.4074640632610265,-5.836941378016153,0.8119002792575644,4.643998681212573,-12.089415617225484,48.178056894554274,-11.782462194581493,33.46368532472592,89.76799700550174,20.8006263164337,25.662447967412916,6.010235488225955,18.855994357090083
0.8876447674843608,8.648792816516911,3.8528291463156523,6.283894011434643,25.914431784592388,-42.059937354363996,15.378854045291655,-1.4606953612300557,20.8006263164337,105.27595475974078,39.156936212382924,27.297988492373477,3.9784889605444107
-1.367570707772877,10.708911557658313,14.168758278341691,0.36463986408124655,-17.160921224973347,15.190657134849394,-38.5591063114048,-5.6042106612224805,25.662447967412916,39.156936212382924,92.45488671919036,33.45053996099167,19.395031892989664
0.8255156023282797,-5.242252176872258,0.9448805956720635,11.055225086805269,2.137530160110221,-10.135282306252119,5.154774497195973,-2.4081174980467708,6.010235488225955,27.297988492373477,33.45053996099167,70.61047602046898,41.182574539788604
1.830788653341643,-6.61911906245958,-4.7443460850192665,-4.523107052037398,-4.437155132293188,29.80459100416687,-8.100529127151555,6.546124570403411,18.855994357090083,3.9784889605444107,19.395031892989664,41.182574539788604,75.93587301427881
