1.7725065240236677,-7.596060075384444,-2.642305958771701,5.590545529049377,4.748048894845021,-2.9353401836065682,0.9984606526516576,3.0515562390245043,0.8910762870827358,2.2999198140243187,0.9777088416938005,1.598386497138461,-1.5532666703495155
-7.596060075384444,94.55613370650765,14.284693018871927,-75.9798239987364,-3.003042213145787,-19.617594563420656,16.28862682979236,-39.517102010138764,-23.962393970341367,-13.577462422884393,-0.5116979105511044,-6.116815601104641,9.86654525483687
-2.642305958771701,14.284693018871927,25.063464217333077,13.055074391360623,-24.34188965099603,29.617243720653466,-12.97149556045513,0.2010266725404489,-0.30566962310825596,-6.079764769318766,5.43920191509687,1.1789542857311797,5.975305407668565
5.590545529049377,-75.9798239987364,13.055074391360623,110.99602691673064,30.75010265984669,33.63621923507348,-9.186847720482723,39.05193902050657,28.650190397267945,21.768519598482907,-2.0173859010136135,7.149366728759483,-8.957167005847934
4.748048894845021,-3.003042213145787,-24.34188965099603,30.75010265984669,190.28369846106438,-81.59147193906763,80.28469067535224,14.893598752572252,1.564261361889746,38.50739614123089,-15.113833461191815,-6.6802470612652325,-19.47858858691786
-2.9353401836065682,-19.617594563420656,29.617243720653466,33.63621923507348,-81.59147193906763,201.80847067284853,-37.61614508094637,14.5807260355454,35.26812671071648,-32.68226072465826,8.58675664355518,-12.471288407986384,25.939930532248002
0.9984606526516576,16.28862682979236,-12.97149556045513,-9.186847720482723,80.28469067535224,-37.61614508094637,126.7583319313319,46.09284507639288,-4.334833029317004,29.52276479131643,-9.57182267729741,2.7535909965122842,-23.97383930886948
3.0515562390245043,-39.517102010138764,0.2010266725404489,39.05193902050657,14.893598752572252,14.5807260355454,46.09284507639288,108.93180247861031,65.39499555114939,21.112899628751236,4.196480699014106,-5.971902538365193,-10.279328570220924
0.8910762870827358,-23.962393970341367,-0.30566962310825596,28.650190397267945,1.564261361889746,35.26812671071648,-4.334833029317004,65.39499555114939,113.30695990138811,29.496974582612523,7.07187574004041,-9.307462415455385,-0.8606022067634826
2.2999198140243187,-13.577462422884393,-6.079764769318766,21.768519598482907,38.50739614123089,-32.68226072465826,29.52276479131643,21.112899628751236,29.496974582612523,114.45800200809548,19.15569990436335,9.52692313377058,-14.327843620071869
0.9777088416938005,-0.5116979105511044,5.43920191509687,-2.0173859010136135,-15.113833461191815,8.58675664355518,-9.57182267729741,4.196480699014106,7.07187574004041,19.15569990436335,91.65437795736196,46.318037525086226,20.308487446555407
1.598386497138461,-6.116815601104641,1.1789542857311797,7.149366728759483,-6.6802470612652325,-12.471288407986384,2.7535909965122842,-5.971902538365193,-9.307462415455385,9.52692313377058,46.318037525086226,88.77566601055494,47.61235441818757
-1.5532666703495155,9.86654525483687,5.975305407668565,-8.957167005847934,-19.47858858691786,25.939930532248002,-23.97383930886948,-10.279328570220924,-0.8606022067634826,-14.327843620071869,20.308487446555407,47.61235441818757,81.40549624020896
