1.6314672581935679,-2.6803454069194346,-3.2993436177645643,-2.758109497053546,-1.1014115921311323,-1.876216064087913,0.7753808538436625,0.4224769448447348,-0.691378954368101,-1.715189168250187,-0.6105853901600268,1.0766163345752007,-0.013480530798805854
-2.6803454069194346,61.92259406696171,20.73718116291935,-34.54230061407743,2.8058682793647445,-42.2045271010517,18.567275523010778,-19.68512638861819,-25.127254124445745,-5.099829865312886,1.6832779425763584,-3.2392730260538314,6.418132319481435
-3.2993436177645643,20.73718116291935,47.299916667511305,31.32192465987563,-39.10643535876032,26.77486313245707,-13.143293398784568,-3.078102025139086,-24.894994819113023,-6.342906915683975,11.305580701060066,12.323198097702424,10.182590678762251
-2.758109497053546,-34.54230061407743,31.32192465987563,104.31373247114803,41.05924343346915,64.87947239490906,-16.88389238528835,22.793008268840047,29.416438504285004,21.666955856397013,6.577558161632306,19.547100132772744,4.963822820611546
-1.1014115921311323,2.8058682793647445,-39.10643535876032,41.05924343346915,273.48436750827375,-31.796396026184965,80.39878673960564,29.07180450208227,71.90172401373744,60.97389024325633,-1.8168538973868673,-7.678832709896159,-2.96898998925799
-1.876216064087913,-42.2045271010517,26.77486313245707,64.87947239490906,-31.796396026184965,253.6009384809212,-22.84303742974229,43.525265516513116,92.70418496911708,-20.074644357448584,31.20099769107748,-7.214035632935025,40.493196097125676
0.7753808538436625,18.567275523010778,-13.143293398784568,-16.88389238528835,80.39878673960564,-22.84303742974229,174.52709192959927,66.40879925048311,-20.42591694975833,33.38427839240256,-20.664966225644115,-6.232434698741957,-34.85613821861674
0.4224769448447348,-19.68512638861819,-3.078102025139086,22.793008268840047,29.07180450208227,43.525265516513116,66.40879925048311,123.11683467311533,85.34509347020835,31.556685539860975,-8.013831822772573,-24.369197836959092,-10.958525320925611
-0.691378954368101,-25.127254124445745,-24.894994819113023,29.416438504285004,71.90172401373744,92.70418496911708,-20.42591694975833,85.34509347020835,223.4489496372444,56.85401045609823,11.368376284663439,-24.332204575813034,27.70251369635514
-1.715189168250187,-5.099829865312886,-6.342906915683975,21.666955856397013,60.97389024325633,-20.074644357448584,33.38427839240256,31.556685539860975,56.85401045609823,121.83299905465111,25.404161745404842,18.89578257478305,7.545026304083522
-0.6105853901600268,1.6832779425763584,11.305580701060066,6.577558161632306,-1.8168538973868673,31.20099769107748,-20.664966225644115,-8.013831822772573,11.368376284663439,25.404161745404842,107.84904045691079,61.676140881991905,41.13498992957938
1.0766163345752007,-3.2392730260538314,12.323198097702424,19.547100132772744,-7.678832709896159,-7.214035632935025,-6.232434698741957,-24.369197836959092,-24.332204575813034,18.89578257478305,61.676140881991905,104.96462626767295,56.874752506051244
-0.013480530798805854,6.418132319481435,10.182590678762251,4.963822820611546,-2.96898998925799,40.493196097125676,-34.85613821861674,-10.958525320925611,27.70251369635514,7.545026304083522,41.13498992957938,56.874752506051244,98.44793864031156
