2.338638037446997,-3.4289496974845073,-5.74922875509372,-6.142443354150751,-3.065114497442186,-8.669794810914826,-5.286059869935665,-5.2366724879530775,-1.3079532591160778,-2.818287400591316,-1.6198830823361419,-0.29822624160269057,0.37329827988845193
-3.4289496974845073,67.86597052077408,24.546723794431614,-33.90873561105218,-3.8929476136443353,-51.09175725328867,13.758492187078033,3.4361487384313576,-7.741066534213372,-12.946919330627312,5.722514434802547,-2.683748149525971,8.435675016415935
-5.74922875509372,24.546723794431614,50.11659490783939,34.36224625696627,-41.41918963475097,41.053897384070545,-16.43978617894505,12.569608300588035,-8.962657194558357,-8.78047324931469,0.2252811210698925,10.961935044946788,9.464721838497548
-6.142443354150751,-33.90873561105218,34.36224625696627,97.95607350266587,25.618742712823874,93.41705689679597,-2.397947269605276,2.9026770631322822,-16.515664039798715,5.798886473369602,2.152750587439149,20.672708795507994,2.9746677707614224
-3.065114497442186,-3.8929476136443353,-41.41918963475097,25.618742712823874,260.6142663414219,-37.700430098794854,90.17747024265329,-18.376326430421223,-8.071589930307878,14.104057018461763,25.948458887710064,-1.1312677277705838,3.3046740222882702
-8.669794810914826,-51.09175725328867,41.053897384070545,93.41705689679597,-37.700430098794854,260.6548060592595,-12.756740322157956,28.440601425227445,41.46537165473652,9.953342457584197,17.403065190602494,20.625336335577863,21.557471709263403
-5.286059869935665,13.758492187078033,-16.43978617894505,-2.397947269605276,90.17747024265329,-12.756740322157956,170.01154757268523,90.25594360019554,8.866204470651919,65.0089302685903,-1.4750039799940005,-20.58885052349556,-35.82816355413959
-5.2366724879530775,3.4361487384313576,12.569608300588035,2.9026770631322822,-18.376326430421223,28.440601425227445,90.25594360019554,158.73210213426427,101.78880262623672,47.42662316760077,-4.819664794972184,-29.853687641463384,-36.212118504486114
-1.3079532591160778,-7.741066534213372,-8.962657194558357,-16.515664039798715,-8.071589930307878,41.46537165473652,8.866204470651919,101.78880262623672,205.36073419668233,64.62367764375952,7.369123348983122,-37.21228721286373,-17.629247413983318
-2.818287400591316,-12.946919330627312,-8.78047324931469,5.798886473369602,14.104057018461763,9.953342457584197,65.0089302685903,47.42662316760077,64.62367764375952,186.57745148470678,38.44990715663207,-27.250050237478984,-41.62370340537723
-1.6198830823361419,5.722514434802547,0.2252811210698925,2.152750587439149,25.948458887710064,17.403065190602494,-1.4750039799940005,-4.819664794972184,7.369123348983122,38.44990715663207,110.96367168333258,61.038723372315225,22.550542056275344
-0.29822624160269057,-2.683748149525971,10.961935044946788,20.672708795507994,-1.1312677277705838,20.625336335577863,-20.58885052349556,-29.853687641463384,-37.21228721286373,-27.250050237478984,61.038723372315225,123.03268787741843,78.23164854592684
0.37329827988845193,8.435675016415935,9.464721838497548,2.9746677707614224,3.3046740222882702,21.557471709263403,-35.82816355413959,-36.212118504486114,-17.629247413983318,-41.62370340537723,22.550542056275344,78.23164854592684,119.72434137043808
