2.2059260640827625,-2.306372912586485,-5.107399782240335,-7.341318253274655,-6.404769881092326,-6.164953208905212,2.415575417943227,3.1502521215598818,0.36526790750328647,-3.094551766022518,-5.2048908108932626,-4.965563693590012,-3.6730350133275538
-2.306372912586485,51.25196133635831,11.314016099534694,-30.71827085401759,27.531002640045404,-31.90552152493944,17.316956448802227,-16.754469803766952,-2.433955792847799,-8.159749101383731,16.594025310702367,-1.743624817650671,10.027747447422408
-5.107399782240335,11.314016099534694,40.44638900271945,31.14913556210189,-33.603477316939305,53.81099011618308,-29.182223771396075,-3.6626683082167992,6.989450181271353,0.7057884124581133,15.74729850490662,14.378177935188065,14.875027244400316
-7.341318253274655,-30.71827085401759,31.14913556210189,92.99581804142989,18.797971567195923,60.317198981143605,-35.65943999453575,-0.32886470904680104,4.504908863806982,31.804081233876005,17.28679884483838,39.76108614938913,12.943877997113143
-6.404769881092326,27.531002640045404,-33.603477316939305,18.797971567195923,244.76428214833314,-113.61028691247755,71.96755943802118,-19.069576444504957,-22.151882346252442,45.76487313544313,33.20711252120397,26.382662935749572,5.657045960202023
-6.164953208905212,-31.90552152493944,53.81099011618308,60.317198981143605,-113.61028691247755,237.24284640121036,-68.29284620466261,10.777198544130666,51.01153898363445,-20.998821204998663,1.0560891761266191,1.691728837665986,27.213768476664324
2.415575417943227,17.316956448802227,-29.182223771396075,-35.65943999453575,71.96755943802118,-68.29284620466261,170.709008550527,76.77834961452331,-24.689310528771973,1.425681314100428,-31.618554823788436,-37.8484980881184,-52.71970199198892
3.1502521215598818,-16.754469803766952,-3.6626683082167992,-0.32886470904680104,-19.069576444504957,10.777198544130666,76.77834961452331,118.90581149538941,38.243977171598665,-9.420099133902017,-33.01262653159554,-35.93723090290635,-36.015846831841095
0.36526790750328647,-2.433955792847799,6.989450181271353,4.504908863806982,-22.151882346252442,51.01153898363445,-24.689310528771973,38.243977171598665,103.89908863503535,14.042042894910253,1.2175586173321626,-7.750695597307505,14.956652729063057
-3.094551766022518,-8.159749101383731,0.7057884124581133,31.804081233876005,45.76487313544313,-20.998821204998663,1.425681314100428,-9.420099133902017,14.042042894910253,107.58784542795117,40.032459509846454,32.2422621113836,14.196354563036968
-5.2048908108932626,16.594025310702367,15.74729850490662,17.28679884483838,33.20711252120397,1.0560891761266191,-31.618554823788436,-33.01262653159554,1.2175586173321626,40.032459509846454,112.31595924984472,70.36489627389055,40.82263212893718
-4.965563693590012,-1.743624817650671,14.378177935188065,39.76108614938913,26.382662935749572,1.691728837665986,-37.8484980881184,-35.93723090290635,-7.750695597307505,32.2422621113836,70.36489627389055,111.49800243442444,62.781981453741054
-3.6730350133275538,10.027747447422408,14.875027244400316,12.943877997113143,5.657045960202023,27.213768476664324,-52.71970199198892,-36.015846831841095,14.956652729063057,14.196354563036968,40.82263212893718,62.781981453741054,92.33920012838158
