0.9166878127399658,-3.825790823564227,-3.3906582308867783,-1.0711755155299951,0.36417758720074933,-2.5512725326736154,0.49596340295256425,-0.4364498321027622,-1.4440306800930964,0.5639371315001691,0.08638955453597873,1.3067653994153003,0.11302675704600286
-3.825790823564227,70.91377178701005,19.861066995095594,-40.44217979635562,7.992023234965766,-36.498847803598835,10.956009290626028,-22.658532632113182,-14.67385220614261,-7.524339702979668,13.170115694852523,1.1579431660249868,6.916374578246758
-3.3906582308867783,19.861066995095594,36.61635693844069,18.466599234457572,-40.35600396151394,29.533323457562794,-24.544201906336028,2.019695958463171,-0.3583434154605424,-8.747773007149025,7.195221806522918,2.9069871298529923,5.870173815978067
-1.0711755155299951,-40.44217979635562,18.466599234457572,72.51069817989973,1.443834447235597,46.59341534332045,-15.114193419691237,24.31146700201274,23.59285437572736,10.690094071306088,-12.874811972235412,-1.834621741365279,-8.503624359852834
0.36417758720074933,7.992023234965766,-40.35600396151394,1.443834447235597,201.06062583680978,-87.648233441436,92.73298337847105,10.404737951380078,12.257252458316005,40.8452828755524,-14.302040986794548,-15.205368880090008,-22.384304472951495
-2.5512725326736154,-36.498847803598835,29.533323457562794,46.59341534332045,-87.648233441436,203.67308287788893,-37.214805003419976,32.219949988821995,48.734995207329916,-28.55009893530649,11.717690386016011,-9.995609430322524,22.31378657082061
0.49596340295256425,10.956009290626028,-24.544201906336028,-15.114193419691237,92.73298337847105,-37.214805003419976,172.75014395440058,77.32124209034448,-8.921590671792364,21.20871248499873,-48.911583500213354,-23.17138789365091,-34.57521971348753
-0.4364498321027622,-22.658532632113182,2.019695958463171,24.31146700201274,10.404737951380078,32.219949988821995,77.32124209034448,114.00311797167912,41.55576796997589,2.9201827242455827,-33.427182053158035,-29.062398508920456,-16.560582685053387
-1.4440306800930964,-14.67385220614261,-0.3583434154605424,23.59285437572736,12.257252458316005,48.734995207329916,-8.921590671792364,41.55576796997589,99.34544707411264,24.86462948923984,11.990473290833522,-4.977934079184023,6.274730548734158
0.5639371315001691,-7.524339702979668,-8.747773007149025,10.690094071306088,40.8452828755524,-28.55009893530649,21.20871248499873,2.9201827242455827,24.86462948923984,99.71489926939726,36.090789105444834,22.72475754456806,0.5398791218961689
0.08638955453597873,13.170115694852523,7.195221806522918,-12.874811972235412,-14.302040986794548,11.717690386016011,-48.911583500213354,-33.427182053158035,11.990473290833522,36.090789105444834,122.91614541784818,74.46350560987095,44.42575041889248
1.3067653994153003,1.1579431660249868,2.9069871298529923,-1.834621741365279,-15.205368880090008,-9.995609430322524,-23.17138789365091,-29.062398508920456,-4.977934079184023,22.72475754456806,74.46350560987095,100.37524933070229,54.40818315910312
0.11302675704600286,6.916374578246758,5.870173815978067,-8.503624359852834,-22.384304472951495,22.31378657082061,-34.57521971348753,-16.560582685053387,6.274730548734158,0.5398791218961689,44.42575041889248,54.40818315910312,72.56378757307935
