2.6501901353710196,-5.1629404967252235,-8.808313398416786,-10.045543636366896,-5.266984257774737,-7.499631386882763,3.4493103514561065,-5.037748651077983,-10.6517992838542,-4.870045326737162,3.849079473921602,3.5627993415036383,-3.342612883846334
-5.1629404967252235,77.0886334994,40.812328698704746,-23.912621470565785,-6.337385475275026,-12.358202929142553,-0.0873305830462573,-15.110749827427073,-5.852891015038213,-5.006271600857953,11.657405382343287,-7.452517883690621,20.64227114388037
-8.808313398416786,40.812328698704746,87.33975159065875,71.13802314782586,-44.255523793098405,49.82124316170145,-59.41822349752704,8.536956415979304,20.80811701665741,12.862613792782119,-14.941408252893751,2.040589042350349,32.802225428225036
-10.045543636366896,-23.912621470565785,71.13802314782586,159.71599692614458,50.0828229318016,55.66227608465794,-59.50183111245251,45.257460719290854,68.88626290259894,43.40570301949985,-50.33469279570953,1.632813069242055,26.669318701833596
-5.266984257774737,-6.337385475275026,-44.255523793098405,50.0828229318016,292.5366230226891,-67.11286371034461,83.03300369306474,51.082582870932924,77.97009377713357,40.837859647513135,-17.432219641611745,-30.42286181368985,0.4543033614259913
-7.499631386882763,-12.358202929142553,49.82124316170145,55.66227608465794,-67.11286371034461,276.6804450074679,-53.56852431691212,29.78047956515728,119.64013725650373,0.33880398721879224,11.607491908427791,-14.756985078856937,39.77930722702828
3.4493103514561065,-0.0873305830462573,-59.41822349752704,-59.50183111245251,83.03300369306474,-53.56852431691212,194.2384419698013,59.626998955589706,-46.099953604995264,1.9569356425522255,10.326800048213777,-15.174588941788706,-66.54641928787
-5.037748651077983,-15.110749827427073,8.536956415979304,45.257460719290854,51.082582870932924,29.78047956515728,59.626998955589706,132.3820993624579,104.82741828559259,38.53600996866638,-31.21647012462339,-38.38605473369072,-11.414596922011292
-10.6517992838542,-5.852891015038213,20.80811701665741,68.88626290259894,77.97009377713357,119.64013725650373,-46.099953604995264,104.82741828559259,281.1961276364847,87.06269965140342,-29.919314769547693,-48.15019123104395,59.20002080349398
-4.870045326737162,-5.006271600857953,12.862613792782119,43.40570301949985,40.837859647513135,0.33880398721879224,1.9569356425522255,38.53600996866638,87.06269965140342,139.52547324685028,10.042592879677965,3.8322201890218546,24.41365383300496
3.849079473921602,11.657405382343287,-14.941408252893751,-50.33469279570953,-17.432219641611745,11.607491908427791,10.326800048213777,-31.21647012462339,-29.919314769547693,10.042592879677965,140.8680794891454,68.92740769859424,18.41483390831555
3.5627993415036383,-7.452517883690621,2.040589042350349,1.632813069242055,-30.42286181368985,-14.756985078856937,-15.174588941788706,-38.38605473369072,-48.15019123104395,3.8322201890218546,68.92740769859424,113.44161731961742,47.27494708393749
-3.342612883846334,20.64227114388037,32.802225428225036,26.669318701833596,0.4543033614259913,39.77930722702828,-66.54641928787,-11.414596922011292,59.20002080349398,24.41365383300496,18.41483390831555,47.27494708393749,115.52817886760903
