1.7884469810733732,-5.362519421001962,-4.617561508813197,-0.5745742412959063,1.813008150857595,-3.2716570816165027,-0.368570097701079,-2.303800866052285,-2.5930281555957473,2.4697297233902242,-0.5787752854679461,0.08833021833667977,-1.5444468606737811
-5.362519421001962,61.95724859829943,17.54544470533959,-29.366485934579313,23.70846059943454,-33.32137135415763,24.842161983416677,-2.459935568674607,-2.589244424202032,-1.4012217244518201,3.9170798106395455,-2.1960465988946125,5.450809440413725
-4.617561508813197,17.54544470533959,54.154751967099905,49.70391048109285,-28.236007258799766,19.599875375414477,-8.605840971205573,7.005834791776785,-24.744373613975807,-12.59863895369169,10.1582694416619,8.458623357157508,-2.9654203001522093
-0.5745742412959063,-29.366485934579313,49.70391048109285,102.8769842748676,-2.7506272600094106,45.40362254091335,-10.203884852188011,4.3244108810487125,-28.95064906054763,-6.688986044670095,6.123804940728095,16.51350073974883,-10.983847511469909
1.813008150857595,23.70846059943454,-28.236007258799766,-2.7506272600094106,199.43727313126823,-49.745431066500686,88.28225108465008,2.119822400457564,-0.13634761677206048,15.130258190461415,-2.821707087035145,-5.904143572992979,-8.462070258393176
-3.2716570816165027,-33.32137135415763,19.599875375414477,45.40362254091335,-49.745431066500686,227.84226146775904,-30.855830762144162,43.40194082169892,84.27702631410715,-55.48954148561058,9.489574746207586,-16.85752892009636,28.156049049370026
-0.368570097701079,24.842161983416677,-8.605840971205573,-10.203884852188011,88.28225108465008,-30.855830762144162,156.94252857871845,65.46069024844924,-18.126851551035937,8.563457458426155,-26.964276997934665,-6.252474222636309,-34.948444234631495
-2.303800866052285,-2.459935568674607,7.005834791776785,4.3244108810487125,2.119822400457564,43.40194082169892,65.46069024844924,118.58827475142269,72.70298177030298,-7.7027207202357095,0.18744705181339724,-8.462102828775128,-1.6776030792458148
-2.5930281555957473,-2.589244424202032,-24.744373613975807,-28.95064906054763,-0.13634761677206048,84.27702631410715,-18.126851551035937,72.70298177030298,196.1945250139811,25.29813399048051,24.516263924564047,0.09593173949877028,43.4668560744723
2.4697297233902242,-1.4012217244518201,-12.59863895369169,-6.688986044670095,15.130258190461415,-55.48954148561058,8.563457458426155,-7.7027207202357095,25.29813399048051,157.12755311248785,31.542537341791085,29.16835784394735,16.129680014419506
-0.5787752854679461,3.9170798106395455,10.1582694416619,6.123804940728095,-2.821707087035145,9.489574746207586,-26.964276997934665,0.18744705181339724,24.516263924564047,31.542537341791085,95.04074293925378,47.31482628547867,24.739484592349385
0.08833021833667977,-2.1960465988946125,8.458623357157508,16.51350073974883,-5.904143572992979,-16.85752892009636,-6.252474222636309,-8.462102828775128,0.09593173949877028,29.16835784394735,47.31482628547867,88.58904020135643,47.13776092344021
-1.5444468606737811,5.450809440413725,-2.9654203001522093,-10.983847511469909,-8.462070258393176,28.156049049370026,-34.948444234631495,-1.6776030792458148,43.4668560744723,16.129680014419506,24.739484592349385,47.13776092344021,93.69817267871507
