2.6863938346984884,-9.393435719758697,-12.420332883470817,-6.665437330180919,3.6996721960029486,-10.823323408660645,1.2649706605079465,1.6145883788059658,3.543430271778185,1.3439152873359306,1.5159752370734147,3.520725155230872,-0.09398272400306698
-9.393435719758697,93.16458014107964,42.196264562085375,-45.17113992541838,-16.39566908310356,13.995914754299545,13.083119869881749,-28.57161361408637,-14.02468389430195,-7.59985327007384,4.691073444913728,-25.949522875557577,7.497558785666112
-12.420332883470817,42.196264562085375,98.96088005869821,81.28001979790152,-43.04293247156717,79.4661257696768,-20.368178371427064,3.162705875476235,-23.98053774232648,-0.9450639684007223,-2.815581268932894,-3.3510211929054856,8.423207040960174
-6.665437330180919,-45.17113992541838,81.28001979790152,186.8572408211951,40.08103095502748,48.412457281886596,-8.144242144379893,41.56340912245059,-22.500201822254667,23.628170251990866,-15.25958051851045,35.09042222064426,-2.951266048882101
3.6996721960029486,-16.39566908310356,-43.04293247156717,40.08103095502748,239.71625180896444,-111.89803780192597,92.31230265994,26.805620300773732,0.9879808152953118,38.92415136700057,1.648865984651208,21.907103260975642,-5.566992436422761
-10.823323408660645,13.995914754299545,79.4661257696768,48.412457281886596,-111.89803780192597,310.50018136577603,-54.10766993603916,23.446246541448136,90.92496679928932,-14.529168217315577,22.86830278814386,-20.45959186794892,64.67284386318163
1.2649706605079465,13.083119869881749,-20.368178371427064,-8.144242144379893,92.31230265994,-54.10766993603916,176.40116066010182,79.03613971945553,-40.018674247795424,11.190693114090598,-0.7880270225802833,33.16933798120776,-19.12208001570901
1.6145883788059658,-28.57161361408637,3.162705875476235,41.56340912245059,26.805620300773732,23.446246541448136,79.03613971945553,139.49605393416812,56.03920709404943,14.842022139923097,1.621107648149309,19.830240568722196,5.550835626561331
3.543430271778185,-14.02468389430195,-23.98053774232648,-22.500201822254667,0.9879808152953118,90.92496679928932,-40.018674247795424,56.03920709404943,224.96047110678649,73.61573213729329,18.639220258350782,-32.25630585410278,47.982096177923836
1.3439152873359306,-7.59985327007384,-0.9450639684007223,23.628170251990866,38.92415136700057,-14.529168217315577,11.190693114090598,14.842022139923097,73.61573213729329,166.79806740903092,39.86676232008482,0.9332916815943061,12.502486673035573
1.5159752370734147,4.691073444913728,-2.815581268932894,-15.25958051851045,1.648865984651208,22.86830278814386,-0.7880270225802833,1.621107648149309,18.639220258350782,39.86676232008482,126.02950466171053,69.06007872785455,31.08491929550071
3.520725155230872,-25.949522875557577,-3.3510211929054856,35.09042222064426,21.907103260975642,-20.45959186794892,33.16933798120776,19.830240568722196,-32.25630585410278,0.9332916815943061,69.06007872785455,146.4112767391652,41.03126824026868
-0.09398272400306698,7.497558785666112,8.423207040960174,-2.951266048882101,-5.566992436422761,64.67284386318163,-19.12208001570901,5.550835626561331,47.982096177923836,12.502486673035573,31.08491929550071,41.03126824026868,93.28242327601245
