2.722577437074835,-9.714557105083902,-12.919718347016621,-6.9682269474747045,4.207349453735678,-9.902870048363992,0.8764325763440116,0.9132584234654622,4.451501159930032,1.9469650827743905,1.2979622851453376,2.5104015651056506,0.217875432218977
-9.714557105083902,93.90689694101061,45.75724783692243,-40.60557694086137,-14.804546290135468,9.40183628471842,13.730006747174508,-25.909975532198168,-15.149036241987114,-6.366752776572147,4.519891851594723,-24.47497474782406,6.318085987554219
-12.919718347016621,45.75724783692243,102.70587638433479,82.75992575552804,-45.47461451991695,74.16715182144225,-18.742497596123552,6.934447019332341,-26.163408144006993,-3.668588492240729,-1.6792180812949271,0.7937703562704377,6.769860994069231
-6.9682269474747045,-40.60557694086137,82.75992575552804,184.7021563450744,36.054322431622886,42.09949233554719,-5.039324742871971,45.03450309398531,-27.595441126832416,18.789930626760803,-13.861275901029233,40.657419112133994,-5.252992948659415
4.207349453735678,-14.804546290135468,-45.47461451991695,36.054322431622886,242.92236097393405,-119.12388784183635,91.74417536000138,21.969642881604607,-0.20826355052490203,46.08152372698237,1.4930972169341072,18.86802572068939,-5.836197363207694
-9.902870048363992,9.40183628471842,74.16715182144225,42.09949233554719,-119.12388784183635,317.42802789277584,-61.22397415078358,18.38872648087952,101.75327854092814,-17.200604009056647,21.621545651472786,-24.521754543674124,64.82535623979321
0.8764325763440116,13.730006747174508,-18.742497596123552,-5.039324742871971,91.74417536000138,-61.22397415078358,178.11752891721613,86.04434322437655,-45.53273329526063,6.7363744176649165,-2.6814820795114875,36.41857323311346,-22.392274223462426
0.9132584234654622,-25.909975532198168,6.934447019332341,45.03450309398531,21.969642881604607,18.38872648087952,86.04434322437655,148.03185094437097,45.69436447568438,6.201953789573078,2.526044068346063,28.75719813174798,0.9341395531671426
4.451501159930032,-15.149036241987114,-26.163408144006993,-27.595441126832416,-0.20826355052490203,101.75327854092814,-45.53273329526063,45.69436447568438,235.95704890032573,79.03477186710886,19.507986072432207,-42.24596897083003,50.412385945623384
1.9469650827743905,-6.366752776572147,-3.668588492240729,18.789930626760803,46.08152372698237,-17.200604009056647,6.7363744176649165,6.201953789573078,79.03477186710886,169.02495864790225,42.67516699897728,-3.61119979090061,16.15167854764613
1.2979622851453376,4.519891851594723,-1.6792180812949271,-13.861275901029233,1.4930972169341072,21.621545651472786,-2.6814820795114875,2.526044068346063,19.507986072432207,42.67516699897728,127.74792979026552,69.20071995418611,32.63013016393417
2.5104015651056506,-24.47497474782406,0.7937703562704377,40.657419112133994,18.86802572068939,-24.521754543674124,36.41857323311346,28.75719813174798,-42.24596897083003,-3.61119979090061,69.20071995418611,153.09662651164433,38.3322854489532
0.217875432218977,6.318085987554219,6.769860994069231,-5.252992948659415,-5.836197363207694,64.82535623979321,-22.392274223462426,0.9341395531671426,50.412385945623384,16.15167854764613,32.63013016393417,38.3322854489532,94.08347302017009
