2.3629823860957386,-7.06308915863216,-6.719232206940126,-1.761632874377908,2.9145103702561768,-3.0360541022968026,-0.9560447272053981,-2.2236845661631333,-0.6995917768438965,-1.1027348397225532,-2.542315921265464,-0.47400942534033685,-0.5209932805897202
-7.06308915863216,96.49515999206936,43.140488581999115,-47.25815402312413,-28.953226118540496,-36.986333693493876,29.038077531430183,-14.85186323061802,-41.042850346286954,-8.715943023333942,16.310124163553226,-0.890818303823144,-0.5286610325211232
-6.719232206940126,43.140488581999115,80.09809438536978,51.484920559363914,-59.87514365817025,12.504295579776784,-19.20852785463824,7.748811426057342,-33.846794397164224,-12.336858709082524,11.980518300248441,11.010526201636226,-3.4293592528135877
-1.761632874377908,-47.25815402312413,51.484920559363914,147.76855606672007,44.455982506492944,32.92377281226058,-35.57733492739707,24.78085952844214,15.504359774985707,16.72351750736439,-12.280341080600698,21.78003143486526,-0.0013596075982933102
2.9145103702561768,-28.953226118540496,-59.87514365817025,44.455982506492944,288.4366519079596,-58.075232227917446,76.60051886315803,10.886643924469414,45.74159091368756,66.21352798552297,-15.707555444744456,4.301343893271368,11.90996965289019
-3.0360541022968026,-36.986333693493876,12.504295579776784,32.92377281226058,-58.075232227917446,233.60605524725597,-22.575908388091122,32.315491988585805,74.29237777595111,-17.59932904918395,24.543864307413475,-10.384355590088276,29.93238110647891
-0.9560447272053981,29.038077531430183,-19.20852785463824,-35.57733492739707,76.60051886315803,-22.575908388091122,186.02121265857463,76.9678253515937,-18.04181686069311,10.331381047885541,-31.780238582583053,-19.732770091640088,-31.044890904225575
-2.2236845661631333,-14.85186323061802,7.748811426057342,24.78085952844214,10.886643924469414,32.315491988585805,76.9678253515937,127.96951257003182,59.27320791635603,2.1669466432281475,-17.635391904918304,-21.720567073160186,-12.25979657793818
-0.6995917768438965,-41.042850346286954,-33.846794397164224,15.504359774985707,45.74159091368756,74.29237777595111,-18.04181686069311,59.27320791635603,172.6064404010697,61.984610667052365,15.872657880366642,-4.952586007554676,27.515673018988384
-1.1027348397225532,-8.715943023333942,-12.336858709082524,16.72351750736439,66.21352798552297,-17.59932904918395,10.331381047885541,2.1669466432281475,61.984610667052365,152.2789564137216,30.055220665612154,9.32644135339304,11.068099622080965
-2.542315921265464,16.310124163553226,11.980518300248441,-12.280341080600698,-15.707555444744456,24.543864307413475,-31.780238582583053,-17.635391904918304,15.872657880366642,30.055220665612154,138.2231995005779,64.91695634930866,24.763071897918124
-0.47400942534033685,-0.890818303823144,11.010526201636226,21.78003143486526,4.301343893271368,-10.384355590088276,-19.732770091640088,-21.720567073160186,-4.952586007554676,9.32644135339304,64.91695634930866,101.61020757101012,49.35081313492138
-0.5209932805897202,-0.5286610325211232,-3.4293592528135877,-0.0013596075982933102,11.90996965289019,29.93238110647891,-31.044890904225575,-12.25979657793818,27.515673018988384,11.068099622080965,24.763071897918124,49.35081313492138,92.14109697974042
