2.3587954480159383,-4.278875395168459,-3.1233648254382023,1.0129580273813281,4.348333684041693,-1.1061918521026715,-1.1803417147708297,-0.5710462406558068,2.1739520704903446,-0.9814749276004255,-2.026908592230849,-2.093059144707365,-0.6536160628346588
-4.278875395168459,97.19078884208734,42.4505210316302,-33.88312321298395,0.7933122913553549,-41.06650582366038,15.508650878154784,-9.527842175780938,-9.879713678065341,-2.472283046190963,15.683934620530135,2.232133148094969,0.722846710212506
-3.1233648254382023,42.4505210316302,65.57003487956356,42.87777813908906,-29.534925161253113,23.955332914432823,-9.785722768496647,11.22147152221684,-9.4988084742077,-2.841475490613567,17.949423955232174,15.266969660545929,2.7328299528087596
1.0129580273813281,-33.88312321298395,42.87777813908906,104.38425352490403,19.684487301389627,61.26511995331419,1.3036319669524246,24.796075123158584,5.154329574852173,14.482542915198799,4.129122481205396,21.199501338586195,4.077064693046968
4.348333684041693,0.7933122913553549,-29.534925161253113,19.684487301389627,207.98036820535395,-44.6645177836932,97.00003213977253,21.573377759234173,19.948423390048838,45.4776088912482,-10.439781338645941,-1.8957292972025441,3.6937625123739948
-1.1061918521026715,-41.06650582366038,23.955332914432823,61.26511995331419,-44.6645177836932,221.85192100221178,-10.183278501387255,59.83182569292616,86.81181740414834,-3.9029947712018735,12.019971891222905,-12.50592494057625,28.58441250583339
-1.1803417147708297,15.508650878154784,-9.785722768496647,1.3036319669524246,97.00003213977253,-10.183278501387255,175.2637134604378,88.4373827325791,7.106123095765173,46.330948691980616,-27.048193878928142,-10.122810202151097,-32.18959450759902
-0.5710462406558068,-9.527842175780938,11.22147152221684,24.796075123158584,21.573377759234173,59.83182569292616,88.4373827325791,127.1902477767123,73.67936471136915,26.69181682384857,-0.3240356834727474,-12.859687739901583,-2.680109013655759
2.1739520704903446,-9.879713678065341,-9.4988084742077,5.154329574852173,19.948423390048838,86.81181740414834,7.106123095765173,73.67936471136915,160.93845881653394,37.32638299809205,23.417763599072035,-4.904620588638622,33.49286368262686
-0.9814749276004255,-2.472283046190963,-2.841475490613567,14.482542915198799,45.4776088912482,-3.9029947712018735,46.330948691980616,26.69181682384857,37.32638299809205,117.67517480806427,33.26471227900928,20.25526740148394,6.810964575405364
-2.026908592230849,15.683934620530135,17.949423955232174,4.129122481205396,-10.439781338645941,12.019971891222905,-27.048193878928142,-0.3240356834727474,23.417763599072035,33.26471227900928,96.62301636497834,43.00251642465699,24.37705151819416
-2.093059144707365,2.232133148094969,15.266969660545929,21.199501338586195,-1.8957292972025441,-12.50592494057625,-10.122810202151097,-12.859687739901583,-4.904620588638622,20.25526740148394,43.00251642465699,81.7270036177669,43.577516521807226
-0.6536160628346588,0.722846710212506,2.7328299528087596,4.077064693046968,3.6937625123739948,28.58441250583339,-32.18959450759902,-2.680109013655759,33.49286368262686,6.810964575405364,24.37705151819416,43.577516521807226,82.44233103339728
