2.5019205776479096,-4.632999866799276,-5.044029567072579,-3.1762192095742874,0.44041763407939777,-0.949734092316959,4.1394399519643725,0.9126997532446416,-1.9070058147626043,0.32047050828015705,-0.05893585885977951,1.0809747631770312,-0.5462335733290098
-4.632999866799276,76.90929222169805,27.083950219480947,-39.09910867794453,7.191925671230231,-8.162119445842993,34.21735461790235,-13.81622100121462,-22.821649461018694,-12.471168189839757,18.370377171531512,-0.41266327294503863,-0.9288498145820323
-5.044029567072579,27.083950219480947,55.49203091991049,47.29497330872798,-16.212195820456035,43.71477997620522,-14.355301471566925,16.182502316600853,11.537568823523525,1.2418488214983812,14.715486183682213,4.382991605492284,5.971655584186023
-3.1762192095742874,-39.09910867794453,47.29497330872798,136.45905537399187,51.44192693609159,37.25514396567861,-37.11200238762876,42.34450889647004,64.38603095423856,39.569519474513264,-13.640757116086105,7.750496658245978,12.871910829176661
0.44041763407939777,7.191925671230231,-16.212195820456035,51.44192693609159,234.5208831102586,-74.93002701767708,70.91524098741469,25.741163077973674,42.17434807532969,61.410007747877444,-18.6279559946998,-1.2584981404623676,10.034642482572528
-0.949734092316959,-8.162119445842993,43.71477997620522,37.25514396567861,-74.93002701767708,271.06508449842255,-4.320056838751172,26.698836560257995,35.57569035513965,-41.19135296724406,47.47110648358518,-0.434276122596022,25.581101154438972
4.1394399519643725,34.21735461790235,-14.355301471566925,-37.11200238762876,70.91524098741469,-4.320056838751172,175.75802109153946,58.491503594722886,-32.94275901913063,17.782152389486114,-14.106280102783115,-1.0449663910124574,-25.735348679201394
0.9126997532446416,-13.81622100121462,16.182502316600853,42.34450889647004,25.741163077973674,26.698836560257995,58.491503594722886,126.96212477607709,78.13007284356978,37.34477054162514,-11.462935919982487,-10.076092226698355,9.442376089565617
-1.9070058147626043,-22.821649461018694,11.537568823523525,64.38603095423856,42.17434807532969,35.57569035513965,-32.94275901913063,78.13007284356978,182.42914956520153,80.02272544848964,14.14448859212456,2.3181093389258374,37.310048841299746
0.32047050828015705,-12.471168189839757,1.2418488214983812,39.569519474513264,61.410007747877444,-41.19135296724406,17.782152389486114,37.34477054162514,80.02272544848964,152.17364030971154,32.50655048871614,17.586220140047455,10.00147172369291
-0.05893585885977951,18.370377171531512,14.715486183682213,-13.640757116086105,-18.6279559946998,47.47110648358518,-14.106280102783115,-11.462935919982487,14.14448859212456,32.50655048871614,129.87862624444895,58.39209581259165,29.512843837858092
1.0809747631770312,-0.41266327294503863,4.382991605492284,7.750496658245978,-1.2584981404623676,-0.434276122596022,-1.0449663910124574,-10.076092226698355,2.3181093389258374,17.586220140047455,58.39209581259165,91.90098598181893,48.15782274903139
-0.5462335733290098,-0.9288498145820323,5.971655584186023,12.871910829176661,10.034642482572528,25.581101154438972,-25.735348679201394,9.442376089565617,37.310048841299746,10.00147172369291,29.512843837858092,48.15782274903139,80.46776123528669
