2.674718963279839,-5.015016238934597,-5.283885985596625,-3.300044062349708,0.35796774389378655,-0.8517306884867599,4.889474205259974,1.5828102500846546,-2.280945435976791,-0.037963625696546016,0.030505840287411136,1.461225608649176,-0.5040507790758622
-5.015016238934597,78.89807438682334,26.90238097886203,-42.12006687897165,4.231787839137152,-10.592042426343253,32.098800339500535,-15.409732275719692,-22.592105764573326,-15.177922263509453,18.360950085309796,0.06765172085969942,1.7829364519787894
-5.283885985596625,26.90238097886203,55.7061512406647,48.19866261780678,-17.94505048582114,43.76577398728582,-16.88660334376303,14.460818085637362,13.635104576196419,3.3411275414369084,13.688283822071826,2.9809103819609306,6.805640556453288
-3.300044062349708,-42.12006687897165,48.19866261780678,142.88706481697488,54.61081645540987,41.7022833629143,-37.76000714929276,43.47873207381703,67.42121449902116,44.607523084552064,-14.19245579646522,6.964375078094269,12.658572973003684
0.35796774389378655,4.231787839137152,-17.94505048582114,54.61081645540987,243.19710084147619,-73.34747091255072,72.92197644749231,29.782293243500753,44.80308427719226,59.21629092143796,-17.94142009927064,0.8956502840161755,11.863415246641239
-0.8517306884867599,-10.592042426343253,43.76577398728582,41.7022833629143,-73.34747091255072,264.93228780332174,-4.1359780202546,28.793919992379262,40.199325443419326,-40.17279514205361,42.38428363159609,0.10873489381932595,27.255657536127206
4.889474205259974,32.098800339500535,-16.88660334376303,-37.76000714929276,72.92197644749231,-4.1359780202546,181.84247920528486,62.29489116181544,-32.03716521618208,19.036441635691432,-18.112452387452105,-0.4535356295391364,-25.061655047765527
1.5828102500846546,-15.409732275719692,14.460818085637362,43.47873207381703,29.782293243500753,28.793919992379262,62.29489116181544,128.27054306191275,81.5121424460763,40.251736567751884,-16.884476862686974,-12.571732297180619,7.314065932217916
-2.280945435976791,-22.592105764573326,13.635104576196419,67.42121449902116,44.80308427719226,40.199325443419326,-32.03716521618208,81.5121424460763,182.3873799404131,76.09362586369657,13.26899771778465,2.519255922733839,37.684836517933775
-0.037963625696546016,-15.177922263509453,3.3411275414369084,44.607523084552064,59.21629092143796,-40.17279514205361,19.036441635691432,40.251736567751884,76.09362586369657,149.75561953498755,29.074526776742793,18.42372902660976,8.096755651927081
0.030505840287411136,18.360950085309796,13.688283822071826,-14.19245579646522,-17.94142009927064,42.38428363159609,-18.112452387452105,-16.884476862686974,13.26899771778465,29.074526776742793,128.57906958198282,56.229210754508735,29.84971768343573
1.461225608649176,0.06765172085969942,2.9809103819609306,6.964375078094269,0.8956502840161755,0.10873489381932595,-0.4535356295391364,-12.571732297180619,2.519255922733839,18.42372902660976,56.229210754508735,90.64395760025306,47.34823192069759
-0.5040507790758622,1.7829364519787894,6.805640556453288,12.658572973003684,11.863415246641239,27.255657536127206,-25.061655047765527,7.314065932217916,37.684836517933775,8.096755651927081,29.84971768343573,47.34823192069759,79.27496195712473
