3.2759033258889585,-10.851922065679547,-7.723729821068827,1.9649357559783547,6.561229002523181,-6.562653131707682,-3.779145304825357,-2.7785840099791046,-0.1304156287825787,-0.9695602583735042,-2.9322313749704216,1.727185151317048,-0.5943186234811196
-10.851922065679547,130.81454974873427,57.873328075741895,-59.39161834646578,-31.477717533173525,1.4826137881922365,35.106412350797264,-9.88624837686658,-13.309700821377595,5.640171830796812,21.818903554261293,-21.549234596923213,6.091428725011117
-7.723729821068827,57.873328075741895,81.89754917489657,40.79016596156637,-54.81944245472089,50.88831874328369,-10.075874768163981,16.64559453382639,-1.905802127203756,1.6611293763745931,12.710548038444271,-1.3156854136037173,6.373065711584137
1.9649357559783547,-59.39161834646578,40.79016596156637,132.0882365919679,24.762064945546783,38.170489932137535,-29.739448684640983,28.8697621911472,14.61216670405761,7.881291084998038,-12.92415695186092,27.954149977398192,2.328975336664304
6.561229002523181,-31.477717533173525,-54.81944245472089,24.762064945546783,224.15109344582925,-87.5803410234718,66.86666460733716,3.9717445026343747,1.2411620806089183,30.944919504641742,-10.914510488221874,11.785303052080783,0.17519943148708716
-6.562653131707682,1.4826137881922365,50.88831874328369,38.170489932137535,-87.5803410234718,258.1401309170703,-23.565509495790483,21.85278427253696,50.058972235200024,-23.49222103975042,33.856823238349165,-9.475085889907914,26.92509378834974
-3.779145304825357,35.106412350797264,-10.075874768163981,-29.739448684640983,66.86666460733716,-23.565509495790483,176.5612231049517,51.75013817232677,-52.846447216414234,40.925849551200386,-3.7768496716868833,-2.544472477664082,-34.09110378060705
-2.7785840099791046,-9.88624837686658,16.64559453382639,28.8697621911472,3.9717445026343747,21.85278427253696,51.75013817232677,97.75007308818131,37.093600154956135,13.105060800746339,-1.6825699321670107,-3.0351993099695376,1.1315406108461623
-0.1304156287825787,-13.309700821377595,-1.905802127203756,14.61216670405761,1.2411620806089183,50.058972235200024,-52.846447216414234,37.093600154956135,142.43309055009004,11.584978317214881,10.221625926024446,-1.6018698685358246,36.028569777161024
-0.9695602583735042,5.640171830796812,1.6611293763745931,7.881291084998038,30.944919504641742,-23.49222103975042,40.925849551200386,13.105060800746339,11.584978317214881,108.82546437047677,28.512954209636856,16.87939200343332,-1.0703172061530164
-2.9322313749704216,21.818903554261293,12.710548038444271,-12.92415695186092,-10.914510488221874,33.856823238349165,-3.7768496716868833,-1.6825699321670107,10.221625926024446,28.512954209636856,94.91272251498718,30.846389175661184,19.09191416369007
1.727185151317048,-21.549234596923213,-1.3156854136037173,27.954149977398192,11.785303052080783,-9.475085889907914,-2.544472477664082,-3.0351993099695376,-1.6018698685358246,16.87939200343332,30.846389175661184,81.6365671878428,41.5086380829193
-0.5943186234811196,6.091428725011117,6.373065711584137,2.328975336664304,0.17519943148708716,26.92509378834974,-34.09110378060705,1.1315406108461623,36.028569777161024,-1.0703172061530164,19.09191416369007,41.5086380829193,86.72477559085242
