3.447793784186741,-11.271762151929224,-8.60140120355655,1.274959733905406,6.800470737806416,-5.750684335313285,-3.607551042372089,-3.2896951124851617,-0.4706027381461025,-1.1230712889086787,-2.3300991395485218,1.7857456332415673,-0.5221447367268729
-11.271762151929224,130.49512624820997,62.488265495247326,-53.05735873756211,-32.20813452724921,-7.405178646275451,30.53034315912839,-5.879348051003385,-7.303698382242138,5.115666820368179,19.571588797493057,-19.869967404138517,7.048326824373711
-8.60140120355655,62.488265495247326,84.62547074456751,39.555618892725185,-56.308063618566045,50.04257162399117,-12.191112160080893,17.043590334020738,1.6960544095305738,2.207046292375316,11.87762501901188,-3.3784177627215493,5.843875371002838
1.274959733905406,-53.05735873756211,39.555618892725185,123.19878168081003,23.308550656234452,46.89113516999371,-25.81638925525806,25.059858180722564,11.371904222405863,8.963613949870831,-9.365759081251323,25.251576184481653,-0.13018608027659168
6.800470737806416,-32.20813452724921,-56.308063618566045,23.308550656234452,224.96023679164753,-83.9932721413899,72.27286855147943,2.0063841437614434,-4.822501451467539,30.269035021979303,-5.354398967873985,16.977598425633364,-1.0022199238689171
-5.750684335313285,-7.405178646275451,50.04257162399117,46.89113516999371,-83.9932721413899,249.3226471326348,-27.11246933687899,27.594283747676496,55.67995236220283,-22.216971624450043,27.78710770553794,-10.128722998722708,26.038572650050085
-3.607551042372089,30.53034315912839,-12.191112160080893,-25.81638925525806,72.27286855147943,-27.11246933687899,171.05897515402322,49.38326374349339,-48.01982409300219,40.470147562497544,-6.973875901330221,-1.596309064716223,-31.716219173669376
-3.2896951124851617,-5.879348051003385,17.043590334020738,25.059858180722564,2.0063841437614434,27.594283747676496,49.38326374349339,92.71521252578158,36.98783244625327,14.635003633654009,0.0381314813263799,-5.369452447846587,0.45999537715668154
-0.4706027381461025,-7.303698382242138,1.6960544095305738,11.371904222405863,-4.822501451467539,55.67995236220283,-48.01982409300219,36.98783244625327,137.03215092595877,14.422145820138615,18.06034155981699,0.886221575922354,33.537490035968474
-1.1230712889086787,5.115666820368179,2.207046292375316,8.963613949870831,30.269035021979303,-22.216971624450043,40.470147562497544,14.635003633654009,14.422145820138615,103.9091380134705,29.794114497598073,19.615829575505337,-0.69652034944332
-2.3300991395485218,19.571588797493057,11.87762501901188,-9.365759081251323,-5.354398967873985,27.78710770553794,-6.973875901330221,0.0381314813263799,18.06034155981699,29.794114497598073,89.99695666768328,32.6248154927003,22.155425566759412
1.7857456332415673,-19.869967404138517,-3.3784177627215493,25.251576184481653,16.977598425633364,-10.128722998722708,-1.596309064716223,-5.369452447846587,0.886221575922354,19.615829575505337,32.6248154927003,81.59135874901988,42.21250287259508
-0.5221447367268729,7.048326824373711,5.843875371002838,-0.13018608027659168,-1.0022199238689171,26.038572650050085,-31.716219173669376,0.45999537715668154,33.537490035968474,-0.69652034944332,22.155425566759412,42.21250287259508,85.18464818231315
