6.836606085147443,-2.7235329747517714,-12.791716023133976,-20.09541762098057,-15.059111384758177,-24.98258930359157,-7.875539172472514,-5.312964559234759,-2.320142561543671,-5.829528272496381,-4.881885154472291,5.466495944736594,7.258832364660905
-2.7235329747517714,61.5947227559645,16.83391211553257,-43.29469349788991,18.58679818299024,-7.419446506320515,7.038804730109881,-20.9350885610454,16.795744471757416,-21.958035837794142,11.709283418802627,-8.015174624502157,9.423557666830787
-12.791716023133976,16.83391211553257,57.83609658074398,55.28147899885934,-15.084110660105148,85.40520773800438,-13.525635736768429,6.632023065564272,8.56319111094111,9.552181589697755,5.870966242537225,-4.1216869562946785,-5.306439697177569
-20.09541762098057,-43.29469349788991,55.28147899885934,161.46349424375165,50.70819233447634,83.59514750765881,33.72143224592382,53.23929468115939,-24.03179982363194,65.44720814603194,12.25219754419362,-5.413054506162267,-41.20631458967097
-15.059111384758177,18.58679818299024,-15.084110660105148,50.70819233447634,252.78352331716238,-57.487928306303544,124.83508380573966,37.38516789923389,3.0664131526625495,35.8891723050439,36.671054562040375,-25.92751384132474,-43.72819386131368
-24.98258930359157,-7.419446506320515,85.40520773800438,83.59514750765881,-57.487928306303544,305.50484719116554,-41.10103740184591,7.309700561037497,72.13485807438114,-17.962981554733616,-11.906681154683364,-21.05149238839742,16.384783366157457
-7.875539172472514,7.038804730109881,-13.525635736768429,33.72143224592382,124.83508380573966,-41.10103740184591,173.90583812140576,71.69462339272324,-53.882299258244615,27.347931701101636,5.102729329376717,-18.39095525947006,-38.606291233621256
-5.312964559234759,-20.9350885610454,6.632023065564272,53.23929468115939,37.38516789923389,7.309700561037497,71.69462339272324,97.31028885200732,1.1527756108785383,13.721050164756965,6.4479545729928835,7.057957219865663,-18.3640972702723
-2.320142561543671,16.795744471757416,8.56319111094111,-24.03179982363194,3.0664131526625495,72.13485807438114,-53.882299258244615,1.1527756108785383,140.8160557457184,-0.12055651967651573,18.938645324694644,17.189325191493545,34.09490019732588
-5.829528272496381,-21.958035837794142,9.552181589697755,65.44720814603194,35.8891723050439,-17.962981554733616,27.347931701101636,13.721050164756965,-0.12055651967651573,155.3685811658403,63.01334675287275,14.857803789206988,-12.343703662096917
-4.881885154472291,11.709283418802627,5.870966242537225,12.25219754419362,36.671054562040375,-11.906681154683364,5.102729329376717,6.4479545729928835,18.938645324694644,63.01334675287275,107.56592000585837,37.24526182772792,5.471554972274282
5.466495944736594,-8.015174624502157,-4.1216869562946785,-5.413054506162267,-25.92751384132474,-21.05149238839742,-18.39095525947006,7.057957219865663,17.189325191493545,14.857803789206988,37.24526182772792,85.6472891005004,38.51561075987112
7.258832364660905,9.423557666830787,-5.306439697177569,-41.20631458967097,-43.72819386131368,16.384783366157457,-38.606291233621256,-18.3640972702723,34.09490019732588,-12.343703662096917,5.471554972274282,38.51561075987112,78.36259057485472
