2.600862416395032,-4.012728656974587,-5.455585768724242,-2.310952641515248,3.163739879225229,-6.261460330816386,-4.799227017131876,-3.402013682923177,0.20475724752465826,-1.841108501154581,-1.014620398629101,0.5100230887605004,0.3860759920648089
-4.012728656974587,130.87292127698524,71.09013976586806,-53.52742229227843,-30.90456593766187,12.435833812813526,18.767189752360654,-20.736934795691088,0.7001664734756503,-39.2442984496864,28.837282423761593,-1.4467481460840848,29.462741689302355
-5.455585768724242,71.09013976586806,93.14614738511413,27.452589017101236,-71.75897203372134,86.19337623650401,-9.119669113760885,8.708326052815446,2.6268310075416696,-21.654855509293807,19.961181237142732,11.428949684460157,20.765143253106206
-2.310952641515248,-53.52742229227843,27.452589017101236,119.85060122863621,39.29113250649312,51.26689906870014,12.135219041298052,45.72998639209278,0.8841114989602271,39.66056873080481,-9.079961314543723,13.596444708847967,-23.567085612579003
3.163739879225229,-30.90456593766187,-71.75897203372134,39.29113250649312,286.3257197043055,-115.01643491478295,131.47121782706597,36.56148553954401,-6.275990063389498,68.50297546483176,-2.249292929903306,-21.54653252915357,-49.473657162136035
-6.261460330816386,12.435833812813526,86.19337623650401,51.26689906870014,-115.01643491478295,294.14049478158364,-6.001743703496752,33.133475215002505,59.16202224866752,-20.543196460896073,18.440981553836824,-5.584429163256034,33.244025293740876
-4.799227017131876,18.767189752360654,-9.119669113760885,12.135219041298052,131.47121782706597,-6.001743703496752,196.53564052626933,88.14652548365254,-3.229989986939149,36.672681862781516,-7.543779089709544,-25.281288521596494,-45.25986152774959
-3.402013682923177,-20.736934795691088,8.708326052815446,45.72998639209278,36.56148553954401,33.133475215002505,88.14652548365254,126.07232611162522,46.70916916764399,22.411402815819706,-9.119394001097394,-10.716257427735087,-22.694921699548505
0.20475724752465826,0.7001664734756503,2.6268310075416696,0.8841114989602271,-6.275990063389498,59.16202224866752,-3.229989986939149,46.70916916764399,114.42117580958853,31.085987249788975,16.641727903035108,4.309739080358527,26.71788193336599
-1.841108501154581,-39.2442984496864,-21.654855509293807,39.66056873080481,68.50297546483176,-20.543196460896073,36.672681862781516,22.411402815819706,31.085987249788975,131.14830282740613,32.11712491186546,20.224579987255364,-5.507160836648101
-1.014620398629101,28.837282423761593,19.961181237142732,-9.079961314543723,-2.249292929903306,18.440981553836824,-7.543779089709544,-9.119394001097394,16.641727903035108,32.11712491186546,96.69685124249438,46.213309603470364,33.45124045837607
0.5100230887605004,-1.4467481460840848,11.428949684460157,13.596444708847967,-21.54653252915357,-5.584429163256034,-25.281288521596494,-10.716257427735087,4.309739080358527,20.224579987255364,46.213309603470364,89.01248533008717,53.512335176748785
0.3860759920648089,29.462741689302355,20.765143253106206,-23.567085612579003,-49.473657162136035,33.244025293740876,-45.25986152774959,-22.694921699548505,26.71788193336599,-5.507160836648101,33.45124045837607,53.512335176748785,99.39679571036342
