2.2884660449775787,-8.32065361895454,-5.0756205002097206,1.245680512906085,1.6378709822952913,-3.019260457241999,0.15957633099030535,-1.767915872731857,-4.3685633643137205,1.8224598007832613,-0.46421894469640507,1.0043001083324805,-1.7793385091011322
-8.32065361895454,74.59362170898405,15.268653769764274,-42.16145202277639,26.879802085849036,-24.845752020110876,25.732482095591347,-7.384264299936057,8.48492095201826,1.2915080099522636,6.314720897586541,-4.197374879442392,5.897926253652509
-5.0756205002097206,15.268653769764274,50.11548721338911,44.34653204593143,-30.74132596860247,13.452184930546075,-0.9791851453667765,9.91272714270288,-24.913089404467513,-5.718671145378056,10.310332222602137,5.13557956276426,-7.147316170383521
1.245680512906085,-42.16145202277639,44.34653204593143,101.83889580741041,-12.485842992219586,28.75757475528384,-5.624034062381526,12.025240185694255,-32.87845703474643,-2.0028341104535836,1.3399622876463868,12.434437778071773,-15.088342860091284
1.6378709822952913,26.879802085849036,-30.74132596860247,-12.485842992219586,184.84206140327598,-52.85587470441662,71.37191592106345,-8.581653606790162,9.359370777924278,15.609088222765612,-9.625881275436116,-6.898584398832219,-0.8152112737436927
-3.019260457241999,-24.845752020110876,13.452184930546075,28.75757475528384,-52.85587470441662,211.98781042237894,-44.33778837402995,32.85610626518659,84.07096860812665,-48.420798697601995,12.324050571416427,-22.883529678793828,31.441286845410687
0.15957633099030535,25.732482095591347,-0.9791851453667765,-5.624034062381526,71.37191592106345,-44.33778837402995,150.4235570317936,49.79904285973977,-36.28782521240548,29.445589342868047,-22.129513264277698,8.018281829011192,-27.019873005538397
-1.767915872731857,-7.384264299936057,9.91272714270288,12.025240185694255,-8.581653606790162,32.85610626518659,49.79904285973977,112.78539978059044,70.41870398600996,9.296874690744094,7.353770855962839,-0.8745261760081663,6.695734012105748
-4.3685633643137205,8.48492095201826,-24.913089404467513,-32.87845703474643,9.359370777924278,84.07096860812665,-36.28782521240548,70.41870398600996,212.1491649785122,14.339828551767184,27.891403466653067,-3.681086086974124,47.272240000928015
1.8224598007832613,1.2915080099522636,-5.718671145378056,-2.0028341104535836,15.609088222765612,-48.420798697601995,29.445589342868047,9.296874690744094,14.339828551767184,129.02971392428563,19.615685532274167,28.54814960956245,4.955611012915271
-0.46421894469640507,6.314720897586541,10.310332222602137,1.3399622876463868,-9.625881275436116,12.324050571416427,-22.129513264277698,7.353770855962839,27.891403466653067,19.615685532274167,102.27501526759599,48.703357816367955,26.539128356142836
1.0043001083324805,-4.197374879442392,5.13557956276426,12.434437778071773,-6.898584398832219,-22.883529678793828,8.018281829011192,-0.8745261760081663,-3.681086086974124,28.54814960956245,48.703357816367955,92.31974328978681,43.93569127236085
-1.7793385091011322,5.897926253652509,-7.147316170383521,-15.088342860091284,-0.8152112737436927,31.441286845410687,-27.019873005538397,6.695734012105748,47.272240000928015,4.955611012915271,26.539128356142836,43.93569127236085,87.75685795776651
