2.3186023915867047,-5.249850535641737,-5.2927468942988725,-1.6764866002118224,0.11234035298189063,-8.337573081373835,2.510923305786668,0.323476659592025,-5.888806734015015,-0.11720547821559359,-2.0939783922886264,-0.3438762255696999,-7.12416021061835
-5.249850535641737,66.95908244653829,28.48015697518343,-29.492708186653783,-2.617431740445097,-35.56402816541158,7.301562568837081,-3.915182420199366,-1.4748823450315787,-10.731002729388917,12.876122643623551,0.4045044601291429,18.409803462454544
-5.2927468942988725,28.48015697518343,48.09422813402011,20.3853664094326,-57.311451677819015,35.00721661053698,-34.036569644129315,6.348332380443487,11.895105767155448,-8.594473692290176,2.255700142055998,7.679457019180098,25.294122723248858
-1.6764866002118224,-29.492708186653783,20.3853664094326,62.61970266666106,-1.8383585865129215,67.0487109148599,-17.89774655112618,8.776303726115628,17.498698170158686,11.945502791660212,-6.2930913174963505,5.922438699570008,5.8275321814863865
0.11234035298189063,-2.617431740445097,-57.311451677819015,-1.8383585865129215,247.58839681284175,-34.210482868393775,106.64393380071766,-5.104338265825664,1.5981033515682062,39.19689134054404,24.39257735911974,-20.23818646526753,-25.57749485121289
-8.337573081373835,-35.56402816541158,35.00721661053698,67.0487109148599,-34.210482868393775,252.08947179138053,-36.006672627289895,14.204956649879879,74.7257688359141,-8.030022234096965,24.84268107683312,6.300279131090639,28.31267111492887
2.510923305786668,7.301562568837081,-34.036569644129315,-17.89774655112618,106.64393380071766,-36.006672627289895,120.35736817514663,36.922811441160185,-9.072417397894974,26.421417188108986,-4.027125931836513,-8.70409047919618,-26.955288240888
0.323476659592025,-3.915182420199366,6.348332380443487,8.776303726115628,-5.104338265825664,14.204956649879879,36.922811441160185,69.4490381921496,28.668028453965068,10.729405512841693,-3.4188673469149324,-5.726515756341415,0.1985599434335217
-5.888806734015015,-1.4748823450315787,11.895105767155448,17.498698170158686,1.5981033515682062,74.7257688359141,-9.072417397894974,28.668028453965068,94.89968200556194,23.603270806708633,22.75412579292572,5.359600102537667,32.875554784001935
-0.11720547821559359,-10.731002729388917,-8.594473692290176,11.945502791660212,39.19689134054404,-8.030022234096965,26.421417188108986,10.729405512841693,23.603270806708633,76.59475807617189,29.942823679799208,17.746475047039212,9.95315979354219
-2.0939783922886264,12.876122643623551,2.255700142055998,-6.2930913174963505,24.39257735911974,24.84268107683312,-4.027125931836513,-3.4188673469149324,22.75412579292572,29.942823679799208,88.72312060112962,41.83335236696345,24.82621250676007
-0.3438762255696999,0.4045044601291429,7.679457019180098,5.922438699570008,-20.23818646526753,6.300279131090639,-8.70409047919618,-5.726515756341415,5.359600102537667,17.746475047039212,41.83335236696345,68.26704102238773,37.548225073338244
-7.12416021061835,18.409803462454544,25.294122723248858,5.8275321814863865,-25.57749485121289,28.31267111492887,-26.955288240888,0.1985599434335217,32.875554784001935,9.95315979354219,24.82621250676007,37.548225073338244,89.66148811746818
