2.5793535551464446,-4.627699350752898,-5.959322179669374,-3.1177002497688706,3.7682656942967667,-0.5895860776662778,1.0939162391632038,-1.042202169048348,1.3555159458914479,-1.3459522584499537,-1.571570818296218,-1.884457332357016,-2.2541076132125326
-4.627699350752898,53.354130911220295,16.47903420417763,-22.943502482093116,27.61385888567044,-33.334060798125854,26.52521982225949,-0.48358310480247624,-2.5614472116666733,1.0267165854494884,5.0644210598196855,-6.7859524899662365,4.153619478817159
-5.959322179669374,16.47903420417763,53.02529199674575,50.517936933386956,-36.3933099221759,21.9647129337249,-19.085093509884747,22.10812126739223,-2.5908917993158687,1.5663686759506052,-6.767897321802021,7.890266416498411,7.825405408925599
-3.1177002497688706,-22.943502482093116,50.517936933386956,103.95475579664995,-13.485402244143165,25.587742884103264,-24.144079284190937,23.797500290945155,-14.939316460643745,3.1829964493726917,-21.196833201910483,19.5790485394559,-0.48871465399640285
3.7682656942967667,27.61385888567044,-36.3933099221759,-13.485402244143165,215.94060807843687,-72.82388199516446,79.21037083050597,-30.531412767667682,-27.12072095167563,-11.726289464196379,-13.620441737696472,-16.6369488586629,-8.507496132997092
-0.5895860776662778,-33.334060798125854,21.9647129337249,25.587742884103264,-72.82388199516446,256.49911640417645,-39.99927657179211,0.4394013842398242,58.062523757656926,-47.896215061380026,0.6025863988008472,-12.979930907757856,30.240700138833933
1.0939162391632038,26.52521982225949,-19.085093509884747,-24.144079284190937,79.21037083050597,-39.99927657179211,143.16853289299394,62.9574159586913,-8.942809238717212,24.18351377078158,1.5552966927341427,0.26636714986940163,-26.509853894093364
-1.042202169048348,-0.48358310480247624,22.10812126739223,23.797500290945155,-30.531412767667682,0.4394013842398242,62.9574159586913,134.4315194388847,47.68989016959243,25.917264950520504,11.251369156640722,4.341516609823055,-19.60544225636222
1.3555159458914479,-2.5614472116666733,-2.5908917993158687,-14.939316460643745,-27.12072095167563,58.062523757656926,-8.942809238717212,47.68989016959243,120.94881918982666,21.90734380162785,20.090773453941193,-8.095077853881723,8.089402420791778
-1.3459522584499537,1.0267165854494884,1.5663686759506052,3.1829964493726917,-11.726289464196379,-47.896215061380026,24.18351377078158,25.917264950520504,21.90734380162785,121.09467905708647,49.6191414837792,27.57417988382715,4.081015123417158
-1.571570818296218,5.0644210598196855,-6.767897321802021,-21.196833201910483,-13.620441737696472,0.6025863988008472,1.5552966927341427,11.251369156640722,20.090773453941193,49.6191414837792,98.92953829166449,47.982920240228275,30.228825124609852
-1.884457332357016,-6.7859524899662365,7.890266416498411,19.5790485394559,-16.6369488586629,-12.979930907757856,0.26636714986940163,4.341516609823055,-8.095077853881723,27.57417988382715,47.982920240228275,87.09164256950466,46.19049758859919
-2.2541076132125326,4.153619478817159,7.825405408925599,-0.48871465399640285,-8.507496132997092,30.240700138833933,-26.509853894093364,-19.60544225636222,8.089402420791778,4.081015123417158,30.228825124609852,46.19049758859919,81.12166632149642
