1.6238492655024563,-5.541691663744591,-5.921762677192268,-1.956742545349864,3.6788374830902697,-1.6041591780946145,-0.10640539178772607,-4.186280183304312,-3.4431155230672483,-0.9141764676706958,-3.1781267964731446,-1.0007401931859132,0.020059360296513527
-5.541691663744591,101.00250926044336,44.822582545588126,-43.335709339836725,-12.397737869793652,-17.920861437660857,6.815190946876801,-2.568889177890477,23.671032762323584,-11.345410789335086,31.496427690819544,3.2513198656206157,17.016257450997706
-5.921762677192268,44.822582545588126,63.93335402987991,28.25449621991586,-56.4380409430621,29.70303162201829,-31.34546292390997,20.391498624992927,23.471793658514393,-1.530220377293689,25.64908315885287,11.479851605561597,12.273335948231253
-1.956742545349864,-43.335709339836725,28.25449621991586,92.54405951380234,0.7346165809309788,24.584721320061263,-12.341580480808094,27.292696721692845,-1.363997410282182,28.93442644287344,-5.34721700409931,14.316049210058686,-9.295788490775728
3.6788374830902697,-12.397737869793652,-56.4380409430621,0.7346165809309788,215.09958679226543,-66.52109392364136,109.28502234003435,-5.167768179738031,-23.211634897419017,37.32914398998575,-15.969079813607424,-4.59097214250621,-10.901703052592493
-1.6041591780946145,-17.920861437660857,29.70303162201829,24.584721320061263,-66.52109392364136,288.851954030778,-23.668196647851655,32.86314408862996,88.41769754407096,-46.98579215758276,36.067332871803,-6.803274511931439,56.79986013106175
-0.10640539178772607,6.815190946876801,-31.34546292390997,-12.341580480808094,109.28502234003435,-23.668196647851655,177.22058073183646,69.22563985066755,-15.571099191073843,29.039014650350513,-35.38742504363911,-6.769190318178826,-19.462707569281868
-4.186280183304312,-2.568889177890477,20.391498624992927,27.292696721692845,-5.167768179738031,32.86314408862996,69.22563985066755,138.51222125749112,82.26947254406396,27.08728892962199,16.364841421004943,4.961556908594146,1.0539990686951195
-3.4431155230672483,23.671032762323584,23.471793658514393,-1.363997410282182,-23.211634897419017,88.41769754407096,-15.571099191073843,82.26947254406396,190.35126037761128,43.837756671435656,77.27282897112936,21.948545275245696,35.213647096071085
-0.9141764676706958,-11.345410789335086,-1.530220377293689,28.93442644287344,37.32914398998575,-46.98579215758276,29.039014650350513,27.08728892962199,43.837756671435656,167.84005117107822,48.55008803133935,21.901583118631052,-9.550422699577615
-3.1781267964731446,31.496427690819544,25.64908315885287,-5.34721700409931,-15.969079813607424,36.067332871803,-35.38742504363911,16.364841421004943,77.27282897112936,48.55008803133935,122.3490074994263,54.528004722188896,42.498745948514845
-1.0007401931859132,3.2513198656206157,11.479851605561597,14.316049210058686,-4.59097214250621,-6.803274511931439,-6.769190318178826,4.961556908594146,21.948545275245696,21.901583118631052,54.528004722188896,87.29095264577072,44.1613399715088
0.020059360296513527,17.016257450997706,12.273335948231253,-9.295788490775728,-10.901703052592493,56.79986013106175,-19.462707569281868,1.0539990686951195,35.213647096071085,-9.550422699577615,42.498745948514845,44.1613399715088,79.21906385788932
