1.1623430549398184,-2.054125537993367,-3.6724148402588734,-3.2812764355203137,0.6165118812024953,-3.5383869480735544,-2.3042532872588994,-3.4215507541640418,-0.4926021487139303,-1.4067005344577324,-0.7739621486468217,0.16942179573407154,-0.12753628366590697
-2.054125537993367,53.51228961710786,17.458484590974063,-23.73903918322081,26.812250129194453,-25.10609887072439,18.193092369467628,-8.814381516478168,-0.8292798950953493,-4.040118633623095,15.281568202746596,-4.1099337830799705,11.051678825948457
-3.6724148402588734,17.458484590974063,50.54936634631069,36.860066693450925,-47.3277002750522,57.76464530474879,-25.677951622893094,5.564376396456524,2.986965264787519,5.181391336607956,5.744458276544812,8.826643462499396,12.938009712136385
-3.2812764355203137,-23.73903918322081,36.860066693450925,76.29965873118778,-25.86345915679367,58.02903124444324,-14.83655179060524,21.39454061699176,1.0738330218441656,21.810857851830683,-3.437080065383602,14.16393904931621,-0.9336123313997499
0.6165118812024953,26.812250129194453,-47.3277002750522,-25.86345915679367,199.69247626384248,-124.29525796894568,104.1031690651002,18.48530040331837,-2.310903771642249,18.185535793380005,17.463787635350766,-11.596552389751796,-13.171901178371405
-3.5383869480735544,-25.10609887072439,57.76464530474879,58.02903124444324,-124.29525796894568,236.45674135112856,-36.31052734382581,27.78918705264251,40.56694553563039,-5.990472824591763,-0.8285758427112938,7.9000630528705145,26.979459962414683
-2.3042532872588994,18.193092369467628,-25.677951622893094,-14.83655179060524,104.1031690651002,-36.31052734382581,151.20365265491716,69.01638458230408,-1.5096425081919016,27.88833734829891,0.5502237437429546,-23.126964100447292,-27.078698430691123
-3.4215507541640418,-8.814381516478168,5.564376396456524,21.39454061699176,18.48530040331837,27.78918705264251,69.01638458230408,112.12899407215397,51.433530141010024,9.654130187044435,-6.352526028532704,-11.984624922500204,-10.79779397590105
-0.4926021487139303,-0.8292798950953493,2.986965264787519,1.0738330218441656,-2.310903771642249,40.56694553563039,-1.5096425081919016,51.433530141010024,108.1039993128051,16.76951426556931,11.843591419519385,8.578219191190566,20.418564200729307
-1.4067005344577324,-4.040118633623095,5.181391336607956,21.810857851830683,18.185535793380005,-5.990472824591763,27.88833734829891,9.654130187044435,16.76951426556931,125.09933723182698,58.43817933528633,24.4798281945782,3.7411028978715586
-0.7739621486468217,15.281568202746596,5.744458276544812,-3.437080065383602,17.463787635350766,-0.8285758427112938,0.5502237437429546,-6.352526028532704,11.843591419519385,58.43817933528633,111.0589241911176,59.653832206885696,29.337010854990048
0.16942179573407154,-4.1099337830799705,8.826643462499396,14.16393904931621,-11.596552389751796,7.9000630528705145,-23.126964100447292,-11.984624922500204,8.578219191190566,24.4798281945782,59.653832206885696,93.34791657592203,52.87402996709981
-0.12753628366590697,11.051678825948457,12.938009712136385,-0.9336123313997499,-13.171901178371405,26.979459962414683,-27.078698430691123,-10.79779397590105,20.418564200729307,3.7411028978715586,29.337010854990048,52.87402996709981,78.71684307510215
