1.3490020234819595,-3.180671354659804,-4.661277019079147,-3.1946241453061943,0.2716762722231269,-2.8510725154941166,-0.2270581520496156,0.41076610135337,1.6498370006584069,-0.4206740513993942,-1.8792167305495944,-1.0077288514977023,-0.07109905087406701
-3.180671354659804,49.77221226747127,16.275246940328504,-19.60275874913339,29.284555057481782,-41.12790844702996,21.12192282970392,-10.593727031563853,-9.214141357433258,1.448763589704668,8.158787348003454,-9.588819598244235,-0.9085474192572461
-4.661277019079147,16.275246940328504,43.159226815446765,34.80196549377028,-29.086609520955626,38.632781596555475,-15.096621488157268,6.024733474311339,-2.7512944480089114,2.75108922263799,7.4068766613965416,5.821568715040002,1.5886743518889594
-3.1946241453061943,-19.60275874913339,34.80196549377028,76.75384601197726,-4.960101614428871,57.26204159908171,-3.3807529582214424,23.808547778335022,0.9048065899441847,15.28939340918756,9.790275779083645,23.794877171727208,-1.799894885416058
0.2716762722231269,29.284555057481782,-29.086609520955626,-4.960101614428871,188.29068657187977,-95.64411662520095,99.57777189963392,14.80297063814405,-10.92955466819029,29.566205965653204,24.496097054836877,4.916653691108238,-4.54728055984261
-2.8510725154941166,-41.12790844702996,38.632781596555475,57.26204159908171,-95.64411662520095,187.54777015162077,-43.74172372186029,20.189813068744165,35.411301629714885,-11.138174273735334,1.8193083363557774,13.988919718385699,23.29993529546009
-0.2270581520496156,21.12192282970392,-15.096621488157268,-3.3807529582214424,99.57777189963392,-43.74172372186029,126.07025291868072,44.36432383071815,-15.049899601745109,29.40901318577141,15.626475282022279,12.557348470266405,-6.230533601922074
0.41076610135337,-10.593727031563853,6.024733474311339,23.808547778335022,14.80297063814405,20.189813068744165,44.36432383071815,72.33040640356398,23.16572149951634,22.590163259652293,19.577300040555002,14.473949353283942,3.6566737947471974
1.6498370006584069,-9.214141357433258,-2.7512944480089114,0.9048065899441847,-10.92955466819029,35.411301629714885,-15.049899601745109,23.16572149951634,79.84296677911017,24.985351094449257,15.403479365711078,8.639422935716933,18.58094142139007
-0.4206740513993942,1.448763589704668,2.75108922263799,15.28939340918756,29.566205965653204,-11.138174273735334,29.40901318577141,22.590163259652293,24.985351094449257,72.00758006113948,38.06508346457256,27.27970082296934,8.40379282524184
-1.8792167305495944,8.158787348003454,7.4068766613965416,9.790275779083645,24.496097054836877,1.8193083363557774,15.626475282022279,19.577300040555002,15.403479365711078,38.06508346457256,75.0608184654177,38.23343317031008,17.661656134949812
-1.0077288514977023,-9.588819598244235,5.821568715040002,23.794877171727208,4.916653691108238,13.988919718385699,12.557348470266405,14.473949353283942,8.639422935716933,27.27970082296934,38.23343317031008,66.10085403078952,30.49101064378366
-0.07109905087406701,-0.9085474192572461,1.5886743518889594,-1.799894885416058,-4.54728055984261,23.29993529546009,-6.230533601922074,3.6566737947471974,18.58094142139007,8.40379282524184,17.661656134949812,30.49101064378366,55.95525105558201
