2.0050686751825166,-8.466934749898824,-6.1261484472566075,2.0851850290223464,6.06329839995149,-6.382554895068928,-2.140849691608666,-0.5460479623491294,0.7147085269336505,0.2207523924455392,-3.224659097553033,0.054613727998578686,-0.26551948512984985
-8.466934749898824,109.74155166141938,44.260926788124756,-62.456261222468775,-25.3342281885434,5.818634653854286,42.84314099735907,-13.114361458431233,-24.36768573832194,-16.590878982226286,25.876899975468856,-9.397151391777413,1.433832777617498
-6.1261484472566075,44.260926788124756,62.795989186864276,24.46440169758723,-54.52339248635884,49.44031298620875,-2.74057820902107,10.996066343159832,-13.826110577730462,-9.551336992944156,18.068693183734432,7.818519190501793,2.639004074052147
2.0851850290223464,-62.456261222468775,24.46440169758723,120.20245825342985,30.626829747775577,19.380061864013317,-31.081795608909932,28.559163406202742,17.65153201040656,25.708801917711128,-11.459818560190895,28.557261642174886,4.322124041032948
6.06329839995149,-25.3342281885434,-54.52339248635884,30.626829747775577,236.3545551158345,-104.61148441521635,62.38386436155149,7.9795573356242855,22.593573062247906,52.4328010616597,-16.674576914254725,1.7176765755216075,4.528812408757086
-6.382554895068928,5.818634653854286,49.44031298620875,19.380061864013317,-104.61148441521635,265.0867895011001,-32.362509452487664,13.573390514704329,60.0068852316562,-32.70746003075031,24.099717345314353,-26.134383417624537,28.355219207257026
-2.140849691608666,42.84314099735907,-2.74057820902107,-31.081795608909932,62.38386436155149,-32.362509452487664,179.08630088340854,70.4899247526731,-29.55172393667634,21.218040719044136,-22.75127024113015,-14.743492611456146,-31.169195906789906
-0.5460479623491294,-13.114361458431233,10.996066343159832,28.559163406202742,7.9795573356242855,13.573390514704329,70.4899247526731,116.43702090167041,42.5317131795297,19.99993553037401,-6.371582167878179,2.4762782670163204,-2.8174468747750807
0.7147085269336505,-24.36768573832194,-13.826110577730462,17.65153201040656,22.593573062247906,60.0068852316562,-29.55172393667634,42.5317131795297,140.40861534728197,44.260780786215236,25.55082279613617,8.02770761783294,35.54347853155445
0.2207523924455392,-16.590878982226286,-9.551336992944156,25.708801917711128,52.4328010616597,-32.70746003075031,21.218040719044136,19.99993553037401,44.260780786215236,127.39820834972123,38.38428687275599,29.340067800309395,12.47428892122436
-3.224659097553033,25.876899975468856,18.068693183734432,-11.459818560190895,-16.674576914254725,24.099717345314353,-22.75127024113015,-6.371582167878179,25.55082279613617,38.38428687275599,110.28305064927366,49.673160202478954,34.389275214875724
0.054613727998578686,-9.397151391777413,7.818519190501793,28.557261642174886,1.7176765755216075,-26.134383417624537,-14.743492611456146,2.4762782670163204,8.02770761783294,29.340067800309395,49.673160202478954,95.17682961799373,46.276268931161596
-0.26551948512984985,1.433832777617498,2.639004074052147,4.322124041032948,4.528812408757086,28.355219207257026,-31.169195906789906,-2.8174468747750807,35.54347853155445,12.47428892122436,34.389275214875724,46.276268931161596,78.31667826130597
