3.5006658710003213,-4.352640856130152,-2.275267511959797,3.171553010900892,4.478285841993449,-0.9829812000212458,2.460020729384271,-0.41491254566243246,-0.7710087704514355,9.106325125654068,3.9120270833778803,0.30629342497769435,-1.5515149628078153
-4.352640856130152,99.21815986799736,32.23402904846253,-54.61602015896616,-11.664676385283938,-24.92702166830885,25.901725956026,-28.12937690604186,-30.209760219735237,-0.05728295263224951,4.870950096876984,-16.75662484128103,9.658183081970462
-2.275267511959797,32.23402904846253,56.29005278490112,33.86735129245664,-45.3937786259221,29.65989434524666,-19.57700126237224,-2.70544944509928,-20.00430995285839,-2.2596968418799657,-7.994243104580841,-6.453232354710606,0.1979784640190256
3.171553010900892,-54.61602015896616,33.86735129245664,123.14967842973596,32.66145805536172,39.99845382585095,-5.761045430475597,23.147374598280877,-0.6297356297109085,38.274018753188535,-5.755588177580995,7.963310523859446,-21.82840842594368
4.478285841993449,-11.664676385283938,-45.3937786259221,32.66145805536172,250.50534752832692,-89.31363741483132,101.59096739570327,17.845485561336417,27.276488447377627,60.98263027413093,26.533085080903057,11.983943410995284,-21.054630537537783
-0.9829812000212458,-24.92702166830885,29.65989434524666,39.99845382585095,-89.31363741483132,215.12078779567892,-33.10660603336763,8.772054898122368,29.360561744471138,19.657529594217653,14.885930063062608,-7.752931489802842,38.96514137582158
2.460020729384271,25.901725956026,-19.57700126237224,-5.761045430475597,101.59096739570327,-33.10660603336763,176.08271860175896,51.13784523311817,-46.19899254668687,59.4899133058455,-1.4199971123589623,-20.00314967221496,-59.06056912780044
-0.41491254566243246,-28.12937690604186,-2.70544944509928,23.147374598280877,17.845485561336417,8.772054898122368,51.13784523311817,112.76268197748958,63.7653120943303,-11.844896691290224,1.4225564274158935,1.0497538263465553,-28.861276516383633
-0.7710087704514355,-30.209760219735237,-20.00430995285839,-0.6297356297109085,27.276488447377627,29.360561744471138,-46.19899254668687,63.7653120943303,197.54119996429696,-2.3085778223555575,38.07846984721761,39.26590585307406,41.26840237511418
9.106325125654068,-0.05728295263224951,-2.2596968418799657,38.274018753188535,60.98263027413093,19.657529594217653,59.4899133058455,-11.844896691290224,-2.3085778223555575,218.5244639825643,72.20812190955894,-6.876807272594065,-22.66133508559203
3.9120270833778803,4.870950096876984,-7.994243104580841,-5.755588177580995,26.533085080903057,14.885930063062608,-1.4199971123589623,1.4225564274158935,38.07846984721761,72.20812190955894,108.7832464558478,46.33616844336445,34.766454769762404
0.30629342497769435,-16.75662484128103,-6.453232354710606,7.963310523859446,11.983943410995284,-7.752931489802842,-20.00314967221496,1.0497538263465553,39.26590585307406,-6.876807272594065,46.33616844336445,109.60716625196184,85.18869541510857
-1.5515149628078153,9.658183081970462,0.1979784640190256,-21.82840842594368,-21.054630537537783,38.96514137582158,-59.06056912780044,-28.861276516383633,41.26840237511418,-22.66133508559203,34.766454769762404,85.18869541510857,159.60592576098915
