2.576499315737351,-7.352509863672774,-8.488415142263406,-3.828166102369681,2.6720830233978434,-4.287803884758864,1.1192501652421285,-0.78516416326004,-0.9810386875948509,-0.521519761074291,-0.9441872508339866,0.22152832293548735,-1.9412467367200397
-7.352509863672774,85.45129199112758,32.51740541183994,-42.75845381418047,-5.253667708167218,-21.49169798848555,21.475023401280094,-20.461837573624813,-21.62067948177213,2.8150896073457767,23.74264370673782,1.9460366093190289,-0.2411853346744606
-8.488415142263406,32.51740541183994,64.32977429166326,42.29659103055566,-45.805328739941324,26.83149415613588,-16.27995171374956,6.719508976139683,-17.059702325245716,-3.2268699423901355,10.242639221935459,6.719752792769783,-0.6958124137897654
-3.828166102369681,-42.75845381418047,42.29659103055566,112.10785268794828,10.769537009822404,33.475683097211316,-23.14866090595853,26.405485838975956,10.62230513107828,6.547311297999776,-19.046906887087456,4.781582862872122,-1.3959409035325407
2.6720830233978434,-5.253667708167218,-45.805328739941324,10.769537009822404,221.0272956890467,-66.19611413896993,64.89728606398897,5.901431595145672,40.03679476629334,37.488819861074504,-4.410192642609847,-13.94737844697772,-4.33372457069291
-4.287803884758864,-21.49169798848555,26.83149415613588,33.475683097211316,-66.19611413896993,240.07352782774214,-52.000705899436845,15.16700705873444,91.36962061723015,-2.5341859106047124,37.25532007952358,-12.604010659118726,33.686451766969654
1.1192501652421285,21.475023401280094,-16.27995171374956,-23.14866090595853,64.89728606398897,-52.000705899436845,190.59866916611693,67.6817149779827,-69.26613176651894,18.885516782823387,-20.999885485596163,5.980972967422103,-39.08590819267852
-0.78516416326004,-20.461837573624813,6.719508976139683,26.405485838975956,5.901431595145672,15.16700705873444,67.6817149779827,115.70558895372501,45.68703444201591,10.805410802448543,-6.793208999657074,2.257726189810226,3.3463723262915774
-0.9810386875948509,-21.62067948177213,-17.059702325245716,10.62230513107828,40.03679476629334,91.36962061723015,-69.26613176651894,45.68703444201591,228.4407846220306,52.215757157733364,43.952419933553045,-3.0575045079162164,53.396633183858114
-0.521519761074291,2.8150896073457767,-3.2268699423901355,6.547311297999776,37.488819861074504,-2.5341859106047124,18.885516782823387,10.805410802448543,52.215757157733364,123.55731507184599,40.73565952969667,12.713223124565122,10.067869071820903
-0.9441872508339866,23.74264370673782,10.242639221935459,-19.046906887087456,-4.410192642609847,37.25532007952358,-20.999885485596163,-6.793208999657074,43.952419933553045,40.73565952969667,127.10580467754002,41.89667591462119,16.685805879083137
0.22152832293548735,1.9460366093190289,6.719752792769783,4.781582862872122,-13.94737844697772,-12.604010659118726,5.980972967422103,2.257726189810226,-3.0575045079162164,12.713223124565122,41.89667591462119,80.59965772133266,35.095479979307925
-1.9412467367200397,-0.2411853346744606,-0.6958124137897654,-1.3959409035325407,-4.33372457069291,33.686451766969654,-39.08590819267852,3.3463723262915774,53.396633183858114,10.067869071820903,16.685805879083137,35.095479979307925,87.60444927927644
