1.9332240093252842,-5.416711431807138,-6.454561601230752,-3.627983896824555,0.9756996224778146,-3.495321366064705,0.3143819582632073,-0.9411412789864715,-0.20938261264509966,0.3416869569306111,-0.5701775309296312,0.6299366388729509,-0.9773171624719091
-5.416711431807138,81.1016603091334,32.890595693910285,-42.10959099407946,-19.52141262288639,-45.526747030417745,17.221392043599486,-10.611866652870063,-33.98417358078122,-28.63598948772025,10.865898660806229,8.827603092252733,3.727048368123246
-6.454561601230752,32.890595693910285,57.35673434184107,33.192345183648946,-50.70596014615984,18.460302296970827,-24.45644744608077,6.14850777862198,-15.122039976618526,-22.349102800802438,7.48575321111763,9.108332729231892,7.858564664530188
-3.627983896824555,-42.10959099407946,33.192345183648946,106.9791252745039,29.42529481471211,48.547644323089955,-25.004463466440015,15.003492034166142,25.003394051811544,21.48859176884355,-8.382691640549263,-0.7623317959400596,1.695893590857553
0.9756996224778146,-19.52141262288639,-50.70596014615984,29.42529481471211,259.9156320700182,-60.28693030057796,80.48504945548271,4.336408587134798,33.01115580698121,63.68004611475108,-16.72639913847244,-24.07086713405663,-10.05598985298777
-3.495321366064705,-45.526747030417745,18.460302296970827,48.547644323089955,-60.28693030057796,213.34501697037362,-31.30969255526895,24.488624496158494,50.02524348544709,-23.051796286362634,14.503186996957686,-12.282784505396304,24.6747471332278
0.3143819582632073,17.221392043599486,-24.45644744608077,-25.004463466440015,80.48504945548271,-31.30969255526895,141.66435393154825,54.61353708917088,2.900331459527231,42.586801494391324,-12.05413120520902,-4.0430526730227045,-24.207115945389216
-0.9411412789864715,-10.611866652870063,6.14850777862198,15.003492034166142,4.336408587134798,24.488624496158494,54.61353708917088,112.62804755788778,74.56669368962297,25.04350877657017,0.20788187172720848,-18.29503303993177,-7.750606776776436
-0.20938261264509966,-33.98417358078122,-15.122039976618526,25.003394051811544,33.01115580698121,50.02524348544709,2.900331459527231,74.56669368962297,150.35976504339556,56.497664325651414,3.614181520092832,-22.490629148319382,4.978278238282347
0.3416869569306111,-28.63598948772025,-22.349102800802438,21.48859176884355,63.68004611475108,-23.051796286362634,42.586801494391324,25.04350877657017,56.497664325651414,162.52920976907993,21.535406476801843,0.9349135214001403,-10.316550246703509
-0.5701775309296312,10.865898660806229,7.48575321111763,-8.382691640549263,-16.72639913847244,14.503186996957686,-12.05413120520902,0.20788187172720848,3.614181520092832,21.535406476801843,94.6146487716517,45.32514123235096,16.535689420514032
0.6299366388729509,8.827603092252733,9.108332729231892,-0.7623317959400596,-24.07086713405663,-12.282784505396304,-4.0430526730227045,-18.29503303993177,-22.490629148319382,0.9349135214001403,45.32514123235096,88.2673276579803,45.571597018305575
-0.9773171624719091,3.727048368123246,7.858564664530188,1.695893590857553,-10.05598985298777,24.6747471332278,-24.207115945389216,-7.750606776776436,4.978278238282347,-10.316550246703509,16.535689420514032,45.571597018305575,82.72788289313141
