2.2932656122401722,-4.585449237294467,-4.14244920022823,-0.8578050837957247,1.394117179063717,-3.5040324027494916,-1.9135595990446075,-2.5194152981677074,-0.8620458829966728,0.4050371171280092,-0.5493636384311048,0.36784214916933855,-0.3398841163400414
-4.585449237294467,73.33207548989714,16.18839399673846,-43.48120855396224,21.106015300012267,-24.279724337509265,20.566333298114383,-11.841645393455336,2.3600867929235063,-1.3115283288165704,12.886079305821918,-1.297015694053807,4.707349813384277
-4.14244920022823,16.18839399673846,45.34138774186314,39.830670396346996,-29.557550778844927,16.02896356463596,-10.534951940578278,15.768946781199606,-10.37517655394655,-12.925717010028954,0.1635754148149894,6.053302574723164,-6.107154630235199
-0.8578050837957247,-43.48120855396224,39.830670396346996,103.99970667701163,-6.98574789010067,24.48929404719114,-10.818898687796393,26.732732659548084,-14.496019403546704,-3.4698184816045687,-17.70255177292465,7.9789538860454305,-16.919292293841686
1.394117179063717,21.106015300012267,-29.557550778844927,-6.98574789010067,183.3639495456736,-58.86444305128176,78.24071977920585,-5.171969526607266,5.073856397043531,40.606626470052774,-1.3547000406109662,-14.758107609685288,-4.003392323004739
-3.5040324027494916,-24.279724337509265,16.02896356463596,24.48929404719114,-58.86444305128176,238.12400696959247,-33.84393469788136,19.058464495377805,84.29059060938387,0.37046218987391716,31.80404799245573,-17.41927410925358,39.50075242053104
-1.9135595990446075,20.566333298114383,-10.534951940578278,-10.818898687796393,78.24071977920585,-33.84393469788136,166.91715551224263,72.43319981628481,-26.543937977007072,18.439779806825765,-15.273456301638435,8.218439914469249,-27.339290963262606
-2.5194152981677074,-11.841645393455336,15.768946781199606,26.732732659548084,-5.171969526607266,19.058464495377805,72.43319981628481,109.66241693369626,21.826094413091642,-4.352616909214995,1.908500601803046,8.129122651176266,-10.757547915447583
-0.8620458829966728,2.3600867929235063,-10.37517655394655,-14.496019403546704,5.073856397043531,84.29059060938387,-26.543937977007072,21.826094413091642,136.06747563763807,45.258629509212966,45.64617756425466,-1.1049244117664363,33.51874198577681
0.4050371171280092,-1.3115283288165704,-12.925717010028954,-3.4698184816045687,40.606626470052774,0.37046218987391716,18.439779806825765,-4.352616909214995,45.258629509212966,138.82952112509182,48.95029089194063,13.302118480062983,11.250984123714826
-0.5493636384311048,12.886079305821918,0.1635754148149894,-17.70255177292465,-1.3547000406109662,31.80404799245573,-15.273456301638435,1.908500601803046,45.64617756425466,48.95029089194063,104.29375826635602,38.009870514872304,27.871103400440877
0.36784214916933855,-1.297015694053807,6.053302574723164,7.9789538860454305,-14.758107609685288,-17.41927410925358,8.218439914469249,8.129122651176266,-1.1049244117664363,13.302118480062983,38.009870514872304,79.81303976270773,33.04571300622744
-0.3398841163400414,4.707349813384277,-6.107154630235199,-16.919292293841686,-4.003392323004739,39.50075242053104,-27.339290963262606,-10.757547915447583,33.51874198577681,11.250984123714826,27.871103400440877,33.04571300622744,81.35922375846705
