3.7251108665510992,-4.3390591113442065,-6.575628216423272,-2.37134839887655,6.664698585419588,-11.077673485711166,7.644185590339323,-0.006825665173996857,-5.157854938503467,-1.9159131240395524,-2.0149060069900355,1.7834251959506902,-1.3721881409506451
-4.3390591113442065,95.5366890391921,47.05203521777264,-43.906567268249326,-26.04377652382893,3.602668272185815,-5.535760607353766,-26.44332601131041,8.823327462632818,-5.18369338042977,26.470647203658437,-14.797964581893616,10.20709943736313
-6.575628216423272,47.05203521777264,67.56674219612216,24.99223892306878,-63.65245314116948,49.94256929696302,-37.448900878063235,-0.7619287094619838,11.041821369466462,-5.7578566432348826,0.7736903271640048,-1.663780319107297,8.368636054576767
-2.37134839887655,-43.906567268249326,24.99223892306878,99.71023449877318,23.453676760420027,21.98088414244724,-8.918084395152889,42.28695112118211,5.197633133022815,0.6424222003069497,-38.84168835271921,10.62580075096372,-7.008278498843855
6.664698585419588,-26.04377652382893,-63.65245314116948,23.453676760420027,235.81715114351394,-110.995184406344,103.55679333074029,41.189339190954996,-8.559854117949703,-0.3150495119786123,-20.97412757399471,-7.3576164276103855,-16.390577967315426
-11.077673485711166,3.602668272185815,49.94256929696302,21.98088414244724,-110.995184406344,211.44922918793586,-56.73540257304245,-5.581579426238931,57.19699799877224,16.44170470562367,19.714092151870698,5.100211493172286,32.727477060091246
7.644185590339323,-5.535760607353766,-37.448900878063235,-8.918084395152889,103.55679333074029,-56.73540257304245,160.4966652795496,74.6148702957032,-37.35185054585477,-23.3801568559199,-23.903529006434567,3.963058298291189,-13.080139663575235
-0.006825665173996857,-26.44332601131041,-0.7619287094619838,42.28695112118211,41.189339190954996,-5.581579426238931,74.6148702957032,109.45091545633237,19.21272599472123,-14.318431514280965,-24.49721787102462,10.592570382133168,-0.20224597813535075
-5.157854938503467,8.823327462632818,11.041821369466462,5.197633133022815,-8.559854117949703,57.19699799877224,-37.35185054585477,19.21272599472123,117.0310424028138,64.7525546203441,36.9801751138027,8.937727403411781,30.679920761743432
-1.9159131240395524,-5.18369338042977,-5.7578566432348826,0.6424222003069497,-0.3150495119786123,16.44170470562367,-23.3801568559199,-14.318431514280965,64.7525546203441,151.57488881559416,65.33561973821612,15.548096139408965,19.978602714712956
-2.0149060069900355,26.470647203658437,0.7736903271640048,-38.84168835271921,-20.97412757399471,19.714092151870698,-23.903529006434567,-24.49721787102462,36.9801751138027,65.33561973821612,118.77292666347923,35.682954021822134,27.39952406253211
1.7834251959506902,-14.797964581893616,-1.663780319107297,10.62580075096372,-7.3576164276103855,5.100211493172286,3.963058298291189,10.592570382133168,8.937727403411781,15.548096139408965,35.682954021822134,70.20782979674426,38.12739842900178
-1.3721881409506451,10.20709943736313,8.368636054576767,-7.008278498843855,-16.390577967315426,32.727477060091246,-13.080139663575235,-0.20224597813535075,30.679920761743432,19.978602714712956,27.39952406253211,38.12739842900178,66.92592152566637
