2.5975340830408133,-2.538084815144211,-3.177830704893867,-3.500895783804718,-2.4798915910981045,-3.804488276887181,0.33687935292339183,-0.8221782201177625,-2.173009557213302,-3.0735195406452056,-1.317766363194061,-0.1404564008443952,-2.1571349477753503
-2.538084815144211,86.7227210672391,51.4897529318931,-42.21333606264842,-31.679306933426194,23.91648240793894,23.184758941370806,6.1874950800800015,40.40283326556408,-11.67934549890291,15.943620696415081,-21.79359279353082,17.121643139885474
-3.177830704893867,51.4897529318931,93.40304053878108,35.8923840131373,-97.95760036467375,77.14813024240505,-23.869086464400926,18.214992052892683,21.567449513126643,-1.8522611920769343,5.689998422018155,14.143187973354442,23.561897049938786
-3.500895783804718,-42.21333606264842,35.8923840131373,135.40792149859504,38.97425892665548,-19.156125206425788,-31.534909436804828,18.00775686226222,-52.422503729454455,26.81726331466591,1.0227628795104435,60.57562616579146,-6.290338482580612
-2.4798915910981045,-31.679306933426194,-97.95760036467375,38.97425892665548,338.37024139179175,-178.4046273544601,105.90599096722197,7.990853974445954,-59.049665505129504,29.027057732462662,16.231122906653606,-3.380547767711725,-42.118275376089066
-3.804488276887181,23.91648240793894,77.14813024240505,-19.156125206425788,-178.4046273544601,394.79284464848223,-5.213523798488955,25.753925230411557,156.31554362187003,-3.1470238712889156,-27.391335623779533,-68.69393172501228,64.98701961113419
0.33687935292339183,23.184758941370806,-23.869086464400926,-31.534909436804828,105.90599096722197,-5.213523798488955,209.54024232118113,87.64683716649111,1.0194172191504838,0.6249645444931429,-37.35347044812797,-57.09164747696134,-42.32622938649039
-0.8221782201177625,6.1874950800800015,18.214992052892683,18.00775686226222,7.990853974445954,25.753925230411557,87.64683716649111,119.63376033522306,45.63789902209953,0.6784083507871967,-11.433835471691207,-13.601511251523945,-16.54919192205608
-2.173009557213302,40.40283326556408,21.567449513126643,-52.422503729454455,-59.049665505129504,156.31554362187003,1.0194172191504838,45.63789902209953,186.35925351102864,22.730269407498156,17.39303188576647,-43.66750748997417,37.69243368639231
-3.0735195406452056,-11.67934549890291,-1.8522611920769343,26.81726331466591,29.027057732462662,-3.1470238712889156,0.6249645444931429,0.6784083507871967,22.730269407498156,108.40958283709115,38.57984783208316,28.16974423903992,7.7807449301421645
-1.317766363194061,15.943620696415081,5.689998422018155,1.0227628795104435,16.231122906653606,-27.391335623779533,-37.35347044812797,-11.433835471691207,17.39303188576647,38.57984783208316,120.18443929069488,65.14638417528052,22.48931321403691
-0.1404564008443952,-21.79359279353082,14.143187973354442,60.57562616579146,-3.380547767711725,-68.69393172501228,-57.09164747696134,-13.601511251523945,-43.66750748997417,28.16974423903992,65.14638417528052,134.24782068309088,35.81888812075894
-2.1571349477753503,17.121643139885474,23.561897049938786,-6.290338482580612,-42.118275376089066,64.98701961113419,-42.32622938649039,-16.54919192205608,37.69243368639231,7.7807449301421645,22.48931321403691,35.81888812075894,84.80308439217491
