3.0289371040737922,-5.642320915145295,-5.735153468986202,-1.6365293164681236,2.7011330619236205,0.7862270992090346,-1.2616175785040749,-1.887371723954562,0.8120731046213758,-0.004714487469413399,-3.2888856698940505,-1.5669573718798637,2.326853681620133
-5.642320915145295,92.25663133079742,31.2869283995612,-49.73213947955634,-1.8101761485505536,-37.510552086930076,29.930803006350665,-8.108015735563047,-13.45352927874206,-18.50860851275616,17.393351574616446,10.578097234588128,1.1684271661106913
-5.735153468986202,31.2869283995612,52.34230272299925,32.96564136537355,-33.47941328239194,17.882095651147736,-13.253259990543508,9.929347097222987,-8.163202882735662,-13.453414714216333,13.98894886704764,12.727848531894868,-2.0637307136455267
-1.6365293164681236,-49.73213947955634,32.96564136537355,112.28816157616087,22.169825568021082,36.89682049092325,-22.721438928803313,19.37486632606144,9.514585807650278,19.7643529985072,-11.326120510030524,4.070727657466301,-8.367962347761285
2.7011330619236205,-1.8101761485505536,-33.47941328239194,22.169825568021082,206.35163590466846,-69.21759439779586,85.27943624846219,12.120041796733643,11.082767910297099,48.27661597713796,-24.292144806085265,-15.059250632593194,-10.491046578076077
0.7862270992090346,-37.510552086930076,17.882095651147736,36.89682049092325,-69.21759439779586,226.81987011892838,-19.649537349299575,45.629814944059014,67.07358166116772,-35.41177620693175,20.820605819566875,-10.747972155504415,30.458865756337683
-1.2616175785040749,29.930803006350665,-13.253259990543508,-22.721438928803313,85.27943624846219,-19.649537349299575,168.99979089917457,72.2268470815546,-5.833469332829429,20.910522481839642,-10.913510155419297,5.986512544097882,-27.660150262824274
-1.887371723954562,-8.108015735563047,9.929347097222987,19.37486632606144,12.120041796733643,45.629814944059014,72.2268470815546,120.62254048478839,71.22410953006738,13.237991783847445,-1.7255531078040582,-17.19775838463413,-6.507685428666243
0.8120731046213758,-13.45352927874206,-8.163202882735662,9.514585807650278,11.082767910297099,67.07358166116772,-5.833469332829429,71.22410953006738,161.4222352672527,46.357844253527546,4.200878357177939,-26.548280172656625,21.54587131714718
-0.004714487469413399,-18.50860851275616,-13.453414714216333,19.7643529985072,48.27661597713796,-35.41177620693175,20.910522481839642,13.237991783847445,46.357844253527546,137.03208879366656,19.843541761879028,6.835336675034159,-0.8291606432445711
-3.2888856698940505,17.393351574616446,13.98894886704764,-11.326120510030524,-24.292144806085265,20.820605819566875,-10.913510155419297,-1.7255531078040582,4.200878357177939,19.843541761879028,112.7956552916338,62.26034113167809,23.86849337209291
-1.5669573718798637,10.578097234588128,12.727848531894868,4.070727657466301,-15.059250632593194,-10.747972155504415,5.986512544097882,-17.19775838463413,-26.548280172656625,6.835336675034159,62.26034113167809,98.94348116606388,39.07169736623485
2.326853681620133,1.1684271661106913,-2.0637307136455267,-8.367962347761285,-10.491046578076077,30.458865756337683,-27.660150262824274,-6.507685428666243,21.54587131714718,-0.8291606432445711,23.86849337209291,39.07169736623485,77.01100802513317
