2.2384735601421624,-8.600383069341156,-5.817400753691426,1.666511720748444,4.245798839533745,-5.358150304960162,1.5568533908713966,2.0558315689125677,-1.0047388715573222,-0.31710936049399113,-3.5374542349778606,0.5326345757673974,-1.9822442689673716
-8.600383069341156,76.0284801359285,23.30777682326024,-39.97474742985312,10.626686340134965,-25.69269434744265,20.8365773672628,-15.673834668151992,-6.096018458129615,4.200566347171928,18.76991807934214,0.8486968134953614,5.603796211964166
-5.817400753691426,23.30777682326024,39.843194505855536,24.981094819112673,-29.42095522655957,35.086161351967824,-22.255907646215086,4.017911622174635,8.981815041842646,-1.140113471114161,11.983997539128593,3.684674475742615,7.726801493640654
1.666511720748444,-39.97474742985312,24.981094819112673,83.78066949506153,4.670578145868146,41.15849008537415,-25.537392594122803,18.38347168507131,21.018744403877236,10.923012218825507,-8.67958684141021,4.846634887126703,0.32889806063693566
4.245798839533745,10.626686340134965,-29.42095522655957,4.670578145868146,185.2257261591615,-96.34054088131396,75.79683434797768,3.657947436641044,1.2252542469062824,39.60864314679434,-11.178804707647103,-4.6733732346275785,-5.718771574328632
-5.358150304960162,-25.69269434744265,35.086161351967824,41.15849008537415,-96.34054088131396,218.63431980095572,-41.96586833224245,20.866009069447962,44.09137259234864,-37.88110430975035,17.76181362585115,-6.384248645754692,31.886745916759203
1.5568533908713966,20.8365773672628,-22.255907646215086,-25.537392594122803,75.79683434797768,-41.96586833224245,159.47640958385819,60.301870851368825,-31.17807610838086,17.13998331550711,-24.37352231112734,11.353182667905163,-13.425721396017458
2.0558315689125677,-15.673834668151992,4.017911622174635,18.38347168507131,3.657947436641044,20.866009069447962,60.301870851368825,97.0828163865644,30.396710927296002,0.0739047319723204,-9.407677843130866,-2.80824964663235,1.6390339821077566
-1.0047388715573222,-6.096018458129615,8.981815041842646,21.018744403877236,1.2252542469062824,44.09137259234864,-31.17807610838086,30.396710927296002,111.41972403171314,26.35052441176861,17.07543335407565,-6.497114071656415,14.574741585398938
-0.31710936049399113,4.200566347171928,-1.140113471114161,10.923012218825507,39.60864314679434,-37.88110430975035,17.13998331550711,0.0739047319723204,26.35052441176861,125.11319614956378,41.42720746102839,10.78184644341195,-9.449003973334131
-3.5374542349778606,18.76991807934214,11.983997539128593,-8.67958684141021,-11.178804707647103,17.76181362585115,-24.37352231112734,-9.407677843130866,17.07543335407565,41.42720746102839,99.72816693924506,40.96276884061297,20.837492373343135
0.5326345757673974,0.8486968134953614,3.684674475742615,4.846634887126703,-4.6733732346275785,-6.384248645754692,11.353182667905163,-2.80824964663235,-6.497114071656415,10.78184644341195,40.96276884061297,83.49271336531707,38.540875153998016
-1.9822442689673716,5.603796211964166,7.726801493640654,0.32889806063693566,-5.718771574328632,31.886745916759203,-13.425721396017458,1.6390339821077566,14.574741585398938,-9.449003973334131,20.837492373343135,38.540875153998016,70.22371269310621
