3.847197643194852,-8.69382480162973,-16.106621253403347,-9.985315800656208,8.163970195895102,-14.855169629855663,8.376502287309945,2.452925766681928,-2.397825904287102,1.3847967907870802,5.148423524582071,4.6277703409594935,0.6957991885625228
-8.69382480162973,67.96284294233048,43.47526187548442,-12.542651673584526,-4.694255076566113,-2.5309501161163204,1.7528367299334442,-19.1476015452534,-9.220272096421652,-5.093829045813991,-6.7752283930562065,-9.023849732418858,4.265933261588317
-16.106621253403347,43.47526187548442,120.54913842780353,99.75184314495742,-65.35737756615987,94.24158367478462,-61.47022371180945,1.7742612793024732,8.551718787101708,4.108768045826206,-14.108410261883684,-2.45178435561299,6.031493312706372
-9.985315800656208,-12.542651673584526,99.75184314495742,154.54550034089334,-10.417721920029166,84.41470049931972,-41.51516586151941,28.678520782777706,20.456984281361603,32.10324390198065,-3.517479193400409,15.844243840525063,0.49853475314082674
8.163970195895102,-4.694255076566113,-65.35737756615987,-10.417721920029166,236.57306277631577,-107.86142583187825,119.59420782423253,23.73694650315996,17.521699455979604,57.07825910302875,23.808626148704633,5.257620598031054,-0.6295273680982669
-14.855169629855663,-2.5309501161163204,94.24158367478462,84.41470049931972,-107.86142583187825,298.1240083713964,-75.93105216206227,20.587457094762154,90.19230699138494,-29.167299556864933,-14.626267150853103,-35.0103635857215,22.143817244048897
8.376502287309945,1.7528367299334442,-61.47022371180945,-41.51516586151941,119.59420782423253,-75.93105216206227,172.82283884410353,67.38982545447092,-9.267931908244622,34.79322270435326,9.44213776562207,15.894990033642472,-16.922036019595357
2.452925766681928,-19.1476015452534,1.7742612793024732,28.678520782777706,23.73694650315996,20.587457094762154,67.38982545447092,103.42836301506082,40.4646260819546,22.47990794008179,17.371222993646033,5.325779076008634,-5.118832248131168
-2.397825904287102,-9.220272096421652,8.551718787101708,20.456984281361603,17.521699455979604,90.19230699138494,-9.267931908244622,40.4646260819546,132.24828153943145,32.13338299827373,11.011455357034619,-20.550331743384458,10.336637536719659
1.3847967907870802,-5.093829045813991,4.108768045826206,32.10324390198065,57.07825910302875,-29.167299556864933,34.79322270435326,22.47990794008179,32.13338299827373,109.33913937197504,39.81056914855276,20.66540351954729,-5.646221259736569
5.148423524582071,-6.7752283930562065,-14.108410261883684,-3.517479193400409,23.808626148704633,-14.626267150853103,9.44213776562207,17.371222993646033,11.011455357034619,39.81056914855276,93.60239590797786,49.87397792404016,25.66001987436922
4.6277703409594935,-9.023849732418858,-2.45178435561299,15.844243840525063,5.257620598031054,-35.0103635857215,15.894990033642472,5.325779076008634,-20.550331743384458,20.66540351954729,49.87397792404016,96.02133735561442,42.04907213089537
0.6957991885625228,4.265933261588317,6.031493312706372,0.49853475314082674,-0.6295273680982669,22.143817244048897,-16.922036019595357,-5.118832248131168,10.336637536719659,-5.646221259736569,25.66001987436922,42.04907213089537,74.14247283356225
