1.8375503249092102,-5.425779998917527,-4.681726634598504,-0.30645673061093137,3.347275569504783,-0.7486824836479004,0.040888876954680076,-0.8251788222729151,0.5255969367749946,1.7076566844545642,-0.37285355732981823,0.5214469953287733,0.2312415145003684
-5.425779998917527,77.25249062705683,24.72808429636975,-39.4179988046644,11.97025455044539,-30.025073278999486,28.0061049265656,-11.04828326965092,-15.677745553690125,-18.092604154359506,12.575977743578616,1.9299769044054316,1.501543631009292
-4.681726634598504,24.72808429636975,45.42451625707727,28.301877476726258,-35.13644186825542,20.505958211022875,-13.876011034941868,10.412471588913045,-7.462537541988492,-16.533527306629527,8.020196202932084,10.482767971244963,4.221718020287316
-0.30645673061093137,-39.4179988046644,28.301877476726258,87.2473965614479,0.5375013982494151,25.883354518269122,-22.15268959633335,22.302547278486625,13.06777840867643,17.719580767045617,-4.868210367963739,14.085121122101066,2.235256721179873
3.347275569504783,11.97025455044539,-35.13644186825542,0.5375013982494151,191.46913590901258,-86.99061113219194,79.81785682503855,1.378429634504044,5.03277743949726,46.07983136344839,2.287325326722831,7.368508136209327,0.7146437794069924
-0.7486824836479004,-30.025073278999486,20.505958211022875,25.883354518269122,-86.99061113219194,220.28114668480214,-21.27931802044088,31.880159657057092,46.847610346392536,-30.324689637987195,16.83578987554124,-5.605156042445606,33.52515625813332
0.040888876954680076,28.0061049265656,-13.876011034941868,-22.15268959633335,79.81785682503855,-21.27931802044088,171.97707130199373,74.8531040040622,-12.048300087038555,22.8408629721412,-25.73934956554904,-5.01675568494018,-19.895217259042962
-0.8251788222729151,-11.04828326965092,10.412471588913045,22.302547278486625,1.378429634504044,31.880159657057092,74.8531040040622,118.1198853737739,52.774198191090285,21.965548343777513,-14.408273497355012,-19.851203280761965,-7.080844027394966
0.5255969367749946,-15.677745553690125,-7.462537541988492,13.06777840867643,5.03277743949726,46.847610346392536,-12.048300087038555,52.774198191090285,128.49080573880323,54.98369558414606,13.179734115379835,-17.1138982820405,14.313613788759518
1.7076566844545642,-18.092604154359506,-16.533527306629527,17.719580767045617,46.07983136344839,-30.324689637987195,22.8408629721412,21.965548343777513,54.98369558414606,149.54041260324968,22.696073661167567,-4.232665563529103,-0.19148189599477378
-0.37285355732981823,12.575977743578616,8.020196202932084,-4.868210367963739,2.287325326722831,16.83578987554124,-25.73934956554904,-14.408273497355012,13.179734115379835,22.696073661167567,98.90988477947566,54.37769142480745,29.490873618538593
0.5214469953287733,1.9299769044054316,10.482767971244963,14.085121122101066,7.368508136209327,-5.605156042445606,-5.01675568494018,-19.851203280761965,-17.1138982820405,-4.232665563529103,54.37769142480745,98.6067501531544,46.286551635037306
0.2312415145003684,1.501543631009292,4.221718020287316,2.235256721179873,0.7146437794069924,33.52515625813332,-19.895217259042962,-7.080844027394966,14.313613788759518,-0.19148189599477378,29.490873618538593,46.286551635037306,72.41743014210886
