1.0538676237108928,-3.4594761568273475,-3.9096330354364888,-0.28782496608852903,3.6579623369143737,-3.6554318482653487,1.6040616541010568,1.5052904156666285,-0.06207699952140619,0.6981359400432332,-0.5625844441442578,-0.36753426180727794,-2.3287578938430773
-3.4594761568273475,61.0425974167472,26.39435893575165,-24.22485216572467,15.388283182713705,-20.70409961162493,24.44183632917146,-18.49199247334372,-12.977381910350294,-3.4302552096600114,4.363689417386225,-9.456761313089304,6.445500949993338
-3.9096330354364888,26.39435893575165,54.45426012122355,30.033875109515517,-50.87858815203053,56.38548278892603,-22.36343111332651,-3.271216196100033,-5.275557901777242,-10.75245649891527,-3.5383197859650335,-0.9431515983681096,14.030224298837515
-0.28782496608852903,-24.22485216572467,30.033875109515517,73.09767913656813,-11.633634177903776,40.86258196439473,-17.626149444962333,23.30266425574533,3.179800115740624,0.8307896289176615,-10.028073038849431,13.599996167683727,-1.6143206152321379
3.6579623369143737,15.388283182713705,-50.87858815203053,-11.633634177903776,205.8971252128077,-137.7060443389217,101.6852880104183,22.156176601520325,-10.096099128479052,27.04315278531978,7.225978161207325,2.912532050276073,-27.131887415278545
-3.6554318482653487,-20.70409961162493,56.38548278892603,40.86258196439473,-137.7060443389217,239.89715139022434,-52.39637482131123,5.8396145099491115,37.50696527468116,-24.277041805597342,2.690404775040271,-4.875072769031866,40.09329852863058
1.6040616541010568,24.44183632917146,-22.36343111332651,-17.626149444962333,101.6852880104183,-52.39637482131123,125.22831250631224,41.3766037729964,-2.8618574567586545,33.31230255904741,2.7731630166380974,3.688314724338897,-14.019240511989214
1.5052904156666285,-18.49199247334372,-3.271216196100033,23.30266425574533,22.156176601520325,5.8396145099491115,41.3766037729964,81.2934765737948,36.06141860677329,21.871415828127578,9.64921452869585,7.932937466305868,-2.995728911671729
-0.06207699952140619,-12.977381910350294,-5.275557901777242,3.179800115740624,-10.096099128479052,37.50696527468116,-2.8618574567586545,36.06141860677329,84.01138650785337,27.387885506539035,21.032001604506576,14.027921754682342,15.69181126318176
0.6981359400432332,-3.4302552096600114,-10.75245649891527,0.8307896289176615,27.04315278531978,-24.277041805597342,33.31230255904741,21.871415828127578,27.387885506539035,79.13948628478421,32.446877395326034,23.8961471977624,5.353077851083352
-0.5625844441442578,4.363689417386225,-3.5383197859650335,-10.028073038849431,7.225978161207325,2.690404775040271,2.7731630166380974,9.64921452869585,21.032001604506576,32.446877395326034,74.69217189793457,39.67544564201405,26.119502676598888
-0.36753426180727794,-9.456761313089304,-0.9431515983681096,13.599996167683727,2.912532050276073,-4.875072769031866,3.688314724338897,7.932937466305868,14.027921754682342,23.8961471977624,39.67544564201405,73.6335525408709,41.34554153109895
-2.3287578938430773,6.445500949993338,14.030224298837515,-1.6143206152321379,-27.131887415278545,40.09329852863058,-14.019240511989214,-2.995728911671729,15.69181126318176,5.353077851083352,26.119502676598888,41.34554153109895,71.69127749231521
