1.7848752321327417,-5.366518014971146,-4.6747582280856586,-0.6111120029147203,1.9292879811280053,-3.492075388780506,-0.29233358649926494,-2.4840940751181697,-2.8843556738545573,2.3680997828656554,-0.7848048751651653,0.16343848919645335,-1.6175943875703018
-5.366518014971146,60.48838081660391,18.693292902340794,-26.76764628274465,21.18451461856429,-32.03596532591051,24.570828722236158,-1.4121414240495822,-1.798490564132005,-0.2940868450315026,5.459793505702988,0.14390940369703994,5.853278977204413
-4.6747582280856586,18.693292902340794,54.63320137950598,49.226415044761616,-27.64058722281693,19.937937408110805,-7.366659261842207,8.375702531643775,-24.002043386722352,-12.197687166583064,9.924405768487112,8.228153732012744,-2.8423199585830496
-0.6111120029147203,-26.76764628274465,49.226415044761616,100.84377772126403,1.8355833848300487,43.84799089644794,-7.105883533020607,4.768044358969935,-29.066139093237155,-7.167739414186911,4.952810876325206,15.540295260929277,-11.471980877383615
1.9292879811280053,21.18451461856429,-27.64058722281693,1.8355833848300487,199.40451982548544,-50.70003553289446,90.17843360107581,1.2437862975390217,-0.7625836020027893,15.118038237848795,-1.8525641072918069,-1.0822356329380312,-8.657731334371707
-3.492075388780506,-32.03596532591051,19.937937408110805,43.84799089644794,-50.70003553289446,234.85217386678812,-31.24838166285421,46.09846943703969,88.91083260501553,-58.9304519542387,5.996400751243623,-21.403920199164716,28.86792138947906
-0.29233358649926494,24.570828722236158,-7.366659261842207,-7.105883533020607,90.17843360107581,-31.24838166285421,159.84414972611424,65.48402907731631,-19.37165037881981,6.613272185883265,-24.902562342763016,-2.7195201563545486,-35.98927568142905
-2.4840940751181697,-1.4121414240495822,8.375702531643775,4.768044358969935,1.2437862975390217,46.09846943703969,65.48402907731631,121.37203888209477,74.87434949732976,-9.329481921365652,1.2239687882371413,-9.38042063212292,-1.0727366473085556
-2.8843556738545573,-1.798490564132005,-24.002043386722352,-29.066139093237155,-0.7625836020027893,88.91083260501553,-19.37165037881981,74.87434949732976,198.91546040190536,22.35652506985287,24.367228685513957,-1.9761554361449531,44.41613618158075
2.3680997828656554,-0.2940868450315026,-12.197687166583064,-7.167739414186911,15.118038237848795,-58.9304519542387,6.613272185883265,-9.329481921365652,22.35652506985287,155.4319471836972,32.55752906277271,30.16471399844339,16.310710608978106
-0.7848048751651653,5.459793505702988,9.924405768487112,4.952810876325206,-1.8525641072918069,5.996400751243623,-24.902562342763016,1.2239687882371413,24.367228685513957,32.55752906277271,95.45156925562293,48.08771816356542,24.84020281764773
0.16343848919645335,0.14390940369703994,8.228153732012744,15.540295260929277,-1.0822356329380312,-21.403920199164716,-2.7195201563545486,-9.38042063212292,-1.9761554361449531,30.16471399844339,48.08771816356542,90.59225600503073,46.31358654810197
-1.6175943875703018,5.853278977204413,-2.8423199585830496,-11.471980877383615,-8.657731334371707,28.86792138947906,-35.98927568142905,-1.0727366473085556,44.41613618158075,16.310710608978106,24.84020281764773,46.31358654810197,94.64249344243646
