3.1177943800185677,-17.407181370152152,-16.556742487206602,0.5447537781156384,15.852390130454028,-9.654159848221243,3.634632634062137,-0.1268151233775154,-1.0777763930670465,5.102766302466882,-0.5299813277135875,1.2937777113836946,-2.9007701570338287
-17.407181370152152,164.55999999556593,108.89913542395817,-47.64046714981286,-75.24678118364888,34.76851465144282,-5.628790066401191,-5.454888861961,24.28726810533841,-32.985236053186895,16.68350872056256,-13.963605213306169,32.4909065732994
-16.556742487206602,108.89913542395817,135.94715988800826,37.54235119569797,-111.00243262257536,96.97174022259922,-31.64539615635334,24.054068244474248,27.735633558519545,-13.173424632076031,22.04979430391885,9.66674062243843,33.97952397969508
0.5447537781156384,-47.64046714981286,37.54235119569797,119.38817836043337,21.386333153321964,38.217822519207466,-1.18753328575268,42.868647350164046,5.935677053356484,42.4443635317671,18.678081971571263,36.57674607066592,0.47535111932018886
15.852390130454028,-75.24678118364888,-111.00243262257536,21.386333153321964,276.9550599613689,-149.06128318256555,108.35439619016535,12.422695339659803,-28.66965426040945,62.09046013298075,16.09798601046069,9.192112653583866,-31.266373278375127
-9.654159848221243,34.76851465144282,96.97174022259922,38.217822519207466,-149.06128318256555,280.88911969607,-63.22147437314674,25.093274666411514,85.00772016848724,-59.392528283752476,7.7431357676089165,1.0514962289675676,61.34245918859969
3.634632634062137,-5.628790066401191,-31.64539615635334,-1.18753328575268,108.35439619016535,-63.22147437314674,150.97204162021495,46.876385511277334,-43.86801347527498,41.68556294438302,-5.013567993899398,9.739720136674295,-28.458443956763052
-0.1268151233775154,-5.454888861961,24.054068244474248,42.868647350164046,12.422695339659803,25.093274666411514,46.876385511277334,104.57967663043257,43.7915972841491,18.00539472728624,10.557238392248562,15.084829575430966,13.51111986620031
-1.0777763930670465,24.28726810533841,27.735633558519545,5.935677053356484,-28.66965426040945,85.00772016848724,-43.86801347527498,43.7915972841491,144.25203169760354,0.5851893845874785,18.017761773534993,6.917594938760168,50.367288025227815
5.102766302466882,-32.985236053186895,-13.173424632076031,42.4443635317671,62.09046013298075,-59.392528283752476,41.68556294438302,18.00539472728624,0.5851893845874785,153.62059796700746,52.62502823040336,44.175352127771234,-5.905830731736232
-0.5299813277135875,16.68350872056256,22.04979430391885,18.678081971571263,16.09798601046069,7.7431357676089165,-5.013567993899398,10.557238392248562,18.017761773534993,52.62502823040336,120.98693364170757,58.33795823358633,25.173274095998266
1.2937777113836946,-13.963605213306169,9.66674062243843,36.57674607066592,9.192112653583866,1.0514962289675676,9.739720136674295,15.084829575430966,6.917594938760168,44.175352127771234,58.33795823358633,91.91902510443185,39.34392267135698
-2.9007701570338287,32.4909065732994,33.97952397969508,0.47535111932018886,-31.266373278375127,61.34245918859969,-28.458443956763052,13.51111986620031,50.367288025227815,-5.905830731736232,25.173274095998266,39.34392267135698,90.63541517480687
