4.466699686417341,-7.373246631741802,-6.23819544486312,-0.8656906434207243,0.43552855651304984,-8.79478266317,-1.1284082966205915,-2.9651596939351297,-5.922130885645836,-0.3367555495943085,-1.3419702976669197,2.196995673135707,-1.192612775925383
-7.373246631741802,96.17471977182065,47.30113876219447,-36.848981165567025,-3.4344644630889016,-11.397425851898344,35.80225981699891,-19.81277719271494,-26.472769589386207,-5.262285369430444,26.967405438079854,-6.281143484557475,-2.2605407575264103
-6.23819544486312,47.30113876219447,68.63458566270492,35.92376147418508,-39.43542258655829,40.496145705905654,-7.942096134009344,3.148806141504245,-11.468481667725674,4.3086133380247595,27.854449420733047,5.982601790101742,-2.7359576384326996
-0.8656906434207243,-36.848981165567025,35.92376147418508,117.85661165928511,33.35326250965216,16.12557236308225,-31.23746857432285,42.069885882088634,36.75874080236936,34.417625385882936,-3.343420167252474,30.640029405690658,0.022624799831443585
0.43552855651304984,-3.4344644630889016,-39.43542258655829,33.35326250965216,223.89347310302585,-117.59639850756905,66.97489280314711,42.745664440141354,42.85665348481352,53.94083187188894,-22.165049942019408,19.051443246035777,3.5678238185756417
-8.79478266317,-11.397425851898344,40.496145705905654,16.12557236308225,-117.59639850756905,238.44737966860652,-19.04331563298726,22.828709715884116,47.060457552703795,-39.101157751466495,28.649461009542016,-21.83449180959275,28.706354043078946
-1.1284082966205915,35.80225981699891,-7.942096134009344,-31.23746857432285,66.97489280314711,-19.04331563298726,169.3208351654633,56.43129948746824,-23.33953728781047,25.22597153494225,-29.56732253531589,-22.748928348167855,-27.407705942473818
-2.9651596939351297,-19.81277719271494,3.148806141504245,42.069885882088634,42.745664440141354,22.828709715884116,56.43129948746824,136.3609855310594,94.5542158171365,29.56237584023777,-31.4590857252428,-16.236775052028396,2.6528411292168395
-5.922130885645836,-26.472769589386207,-11.468481667725674,36.75874080236936,42.85665348481352,47.060457552703795,-23.33953728781047,94.5542158171365,192.14643338128153,49.706553955696855,2.5020735611947083,6.015494392493632,35.69029296466496
-0.3367555495943085,-5.262285369430444,4.3086133380247595,34.417625385882936,53.94083187188894,-39.101157751466495,25.22597153494225,29.56237584023777,49.706553955696855,132.87912620008822,49.41675233351863,40.291105209444794,3.4023887264634385
-1.3419702976669197,26.967405438079854,27.854449420733047,-3.343420167252474,-22.165049942019408,28.649461009542016,-29.56732253531589,-31.4590857252428,2.5020735611947083,49.41675233351863,140.50027254299312,67.27711034360992,30.563006226543354
2.196995673135707,-6.281143484557475,5.982601790101742,30.640029405690658,19.051443246035777,-21.83449180959275,-22.748928348167855,-16.236775052028396,6.015494392493632,40.291105209444794,67.27711034360992,112.24074300905058,56.09412122760489
-1.192612775925383,-2.2605407575264103,-2.7359576384326996,0.022624799831443585,3.5678238185756417,28.706354043078946,-27.407705942473818,2.6528411292168395,35.69029296466496,3.4023887264634385,30.563006226543354,56.09412122760489,88.8903746200749
