2.136984665562004,-7.15985147687794,-6.742203034378961,-0.17260667018723247,6.339807161985832,-1.42180102285918,-1.787104854517274,-2.8704367344234667,1.508403215232144,2.7156940499965945,-0.11826898398280718,0.34984999795559146,0.46708487166936974
-7.15985147687794,66.10116366091783,22.31900668364259,-32.51963985473214,12.024735624222103,-26.551941362352498,27.732184083358216,-1.489651974128207,-8.090505228478385,-8.883580555723286,7.791064152487137,-1.8094725218307435,2.7610747792446872
-6.742203034378961,22.31900668364259,42.23175462156499,25.04745543177678,-37.985899111778764,26.93575713541461,-0.8827214838944606,21.177312415322405,-3.215687088490519,-7.873900537479265,3.1584588596698016,0.7548389092744724,-2.0999422970157737
-0.17260667018723247,-32.51963985473214,25.04745543177678,67.81604921778992,-18.331745117007102,34.735202221191024,-6.714510953639366,24.04483718192208,4.31224076537887,11.27848934535319,-7.225521326738117,7.038176761643811,-8.570867184484355
6.339807161985832,12.024735624222103,-37.985899111778764,-18.331745117007102,153.43744653756292,-87.0170600736217,62.72752176266096,-8.00065299088041,-5.826834849439867,35.205585548210294,-2.0449462332949375,1.500473876623917,-2.6978575665146933
-1.42180102285918,-26.551941362352498,26.93575713541461,34.735202221191024,-87.0170600736217,176.96428191514477,-51.261912059843745,21.09283394741435,53.397601005432,-33.5508277095623,20.918062273027367,-4.002264533779363,25.617001442910194
-1.787104854517274,27.732184083358216,-0.8827214838944606,-6.714510953639366,62.72752176266096,-51.261912059843745,111.09996468163507,40.59822895493938,-18.083316124847578,29.44267412740284,-14.649460359388751,8.09488066423608,-16.292050712030065
-2.8704367344234667,-1.489651974128207,21.177312415322405,24.04483718192208,-8.00065299088041,21.09283394741435,40.59822895493938,78.4068377274782,24.51870062637781,9.888540322505007,5.534627803464055,0.2892803911376045,-1.0017294978640916
1.508403215232144,-8.090505228478385,-3.215687088490519,4.31224076537887,-5.826834849439867,53.397601005432,-18.083316124847578,24.51870062637781,90.14592408944993,13.977043155958386,28.30675418474188,8.441244501116545,20.978932779508458
2.7156940499965945,-8.883580555723286,-7.873900537479265,11.27848934535319,35.205585548210294,-33.5508277095623,29.44267412740284,9.888540322505007,13.977043155958386,91.89075041589682,23.384005954076294,22.105733552250417,0.48285001035847624
-0.11826898398280718,7.791064152487137,3.1584588596698016,-7.225521326738117,-2.0449462332949375,20.918062273027367,-14.649460359388751,5.534627803464055,28.30675418474188,23.384005954076294,72.0423801329694,31.218926668408162,27.139666841580283
0.34984999795559146,-1.8094725218307435,0.7548389092744724,7.038176761643811,1.500473876623917,-4.002264533779363,8.09488066423608,0.2892803911376045,8.441244501116545,22.105733552250417,31.218926668408162,59.63355130198016,33.46184248929115
0.46708487166936974,2.7610747792446872,-2.0999422970157737,-8.570867184484355,-2.6978575665146933,25.617001442910194,-16.292050712030065,-1.0017294978640916,20.978932779508458,0.48285001035847624,27.139666841580283,33.46184248929115,61.365150812658555
