1.6749605873731004,-7.593071522900247,-6.1037248821946,0.0962684803104786,4.812695178774044,-1.6072186683697625,-0.917184643846344,-2.2880387222851906,-0.3941019889384309,-0.073482483591052,-0.37030454464465895,-0.9618499545679594,-2.060106077430522
-7.593071522900247,77.3516762594757,28.46015270940753,-33.99322203471477,5.364995217248541,-39.51274747908829,25.573178060709374,-5.526346901598296,-9.515483380832638,10.32617751860498,13.364301461484512,1.2580942056303142,-1.1449584509904747
-6.1037248821946,28.46015270940753,52.64176776519438,33.42217274916455,-42.388079494026044,7.4045573313086805,-10.05748095175514,19.571281575800974,-9.31506091232293,-12.645128590978533,6.556687451857796,8.09069496681816,-6.8967743898784155
0.0962684803104786,-33.99322203471477,33.42217274916455,82.51975059159291,-10.991307730635326,21.71762108991578,-14.319931756370215,26.966041119516788,-2.6762490949088806,-20.04764213091252,-12.12457820802522,13.471006823767233,-8.44722522464589
4.812695178774044,5.364995217248541,-42.388079494026044,-10.991307730635326,183.0943507695855,-81.82684316678171,81.9282421498328,1.1767890338450844,-4.089930686468279,13.873495969566132,-10.681026235421088,1.0159208243298905,-1.6929409244388696
-1.6072186683697625,-39.51274747908829,7.4045573313086805,21.71762108991578,-81.82684316678171,216.5660872650053,-42.72933037899712,16.07613320351159,57.81606718674503,-17.91055126971593,5.672385829461159,-11.985201192081723,48.154392385055345
-0.917184643846344,25.573178060709374,-10.05748095175514,-14.319931756370215,81.9282421498328,-42.72933037899712,152.94730098280937,57.395093742962615,-30.211781081836225,5.355505095390597,-30.337026521083363,6.740031189822021,-13.97929610457423
-2.2880387222851906,-5.526346901598296,19.571281575800974,26.966041119516788,1.1767890338450844,16.07613320351159,57.395093742962615,94.56713406470305,19.257354564138176,-19.241059358315752,-8.57792625621542,8.592412285804777,3.1308388239015184
-0.3941019889384309,-9.515483380832638,-9.31506091232293,-2.6762490949088806,-4.089930686468279,57.81606718674503,-30.211781081836225,19.257354564138176,108.85729406429213,28.457469019010123,30.362967937422205,7.6000284940465015,29.469780942545295
-0.073482483591052,10.32617751860498,-12.645128590978533,-20.04764213091252,13.873495969566132,-17.91055126971593,5.355505095390597,-19.241059358315752,28.457469019010123,131.43709349577105,37.95544658136907,13.26689665019698,13.241352617588541
-0.37030454464465895,13.364301461484512,6.556687451857796,-12.12457820802522,-10.681026235421088,5.672385829461159,-30.337026521083363,-8.57792625621542,30.362967937422205,37.95544658136907,100.85770834157626,33.00532447262897,10.099107118796422
-0.9618499545679594,1.2580942056303142,8.09069496681816,13.471006823767233,1.0159208243298905,-11.985201192081723,6.740031189822021,8.592412285804777,7.6000284940465015,13.26689665019698,33.00532447262897,72.86667928608806,33.88075938320099
-2.060106077430522,-1.1449584509904747,-6.8967743898784155,-8.44722522464589,-1.6929409244388696,48.154392385055345,-13.97929610457423,3.1308388239015184,29.469780942545295,13.241352617588541,10.099107118796422,33.88075938320099,87.53728146821504
