1.2408529245255424,-4.5825637943782205,-3.1683431925101733,0.8975795085453684,1.8253665118571818,-1.4465447197933297,0.19940685626009166,0.4096968559864489,0.17686888917378868,1.9780654376107536,-0.6770924673892383,-0.4493741450415863,-0.6302811483224685
-4.5825637943782205,57.06252510240839,12.186947437167747,-34.13133473226872,24.844692858943212,-27.2108168505709,32.33600107458055,-7.923916922728648,-9.999064544526705,-12.437411404456128,9.34374622006207,-2.0068780232269856,-7.199792747466115
-3.1683431925101733,12.186947437167747,27.47339712832996,18.942801831055327,-22.75672570310059,26.337104455196478,-14.742045288780885,7.196629809505704,4.374229386377206,-7.343095491664949,6.801790904358218,3.7427308916957527,3.762828960795035
0.8975795085453684,-34.13133473226872,18.942801831055327,66.28155355880506,-6.74468809291588,25.713083794719232,-32.68566823764454,9.574279291795854,17.550388986157472,20.386601229308088,-6.685805797975368,11.99578084442139,9.957320878603518
1.8253665118571818,24.844692858943212,-22.75672570310059,-6.74468809291588,156.0812591169047,-99.28813755163848,69.00517875150275,-4.9514748517747105,-6.9238782522837825,42.39976982062247,-6.951249485468657,4.394233294287467,-5.920475310732278
-1.4465447197933297,-27.2108168505709,26.337104455196478,25.713083794719232,-99.28813755163848,195.1082822381691,-21.114047030285803,33.834708863489034,26.600949284243356,-52.10562517270138,17.585369063511802,-12.093600038649488,15.21436979165926
0.19940685626009166,32.33600107458055,-14.742045288780885,-32.68566823764454,69.00517875150275,-21.114047030285803,147.70769910536615,48.86202909405002,-21.19618226047715,2.389646657760656,-19.188705180219696,-0.45702273802762877,-18.88386713765291
0.4096968559864489,-7.923916922728648,7.196629809505704,9.574279291795854,-4.9514748517747105,33.834708863489034,48.86202909405002,84.54480376517105,29.970925945939836,-5.57751871687257,-4.527797292699557,-3.825336728777096,5.000551659231206
0.17686888917378868,-9.999064544526705,4.374229386377206,17.550388986157472,-6.9238782522837825,26.600949284243356,-21.19618226047715,29.970925945939836,85.34985829226824,27.25155369528164,15.284955931999704,9.20707145896886,16.417541410128692
1.9780654376107536,-12.437411404456128,-7.343095491664949,20.386601229308088,42.39976982062247,-52.10562517270138,2.389646657760656,-5.57751871687257,27.25155369528164,127.63061345288021,26.76620945029994,28.884244693873384,12.312705841981652
-0.6770924673892383,9.34374622006207,6.801790904358218,-6.685805797975368,-6.951249485468657,17.585369063511802,-19.188705180219696,-4.527797292699557,15.284955931999704,26.76620945029994,97.44245381160133,37.55689454584961,15.126292794386
-0.4493741450415863,-2.0068780232269856,3.7427308916957527,11.99578084442139,4.394233294287467,-12.093600038649488,-0.45702273802762877,-3.825336728777096,9.20707145896886,28.884244693873384,37.55689454584961,67.62046127255608,33.6711232017916
-0.6302811483224685,-7.199792747466115,3.762828960795035,9.957320878603518,-5.920475310732278,15.21436979165926,-18.88386713765291,5.000551659231206,16.417541410128692,12.312705841981652,15.126292794386,33.6711232017916,57.758803573554886
