1.097091198334228,-5.357944692121965,-4.477357305299825,0.9127795344880789,4.567759586904719,-3.1252910411173147,4.582783555186419,2.852469743551802,-1.7942859224238181,0.4742320328014947,0.11881109682169078,1.7312090379840541,-2.1110776172315764
-5.357944692121965,70.58262077227278,23.431959608486046,-44.64827635358591,1.4566395793700846,-14.05310066297597,6.173672054175287,-23.712316754989285,3.371677844541329,-12.820000760351872,6.421973642367795,-16.775314083875326,12.385592456365101
-4.477357305299825,23.431959608486046,45.67913523628215,21.265121246574655,-54.4555462516555,32.64684331321065,-32.84098246115809,2.026932339699764,10.680788782905966,1.8714648811773298,4.116497098867829,-0.9788370722632963,7.911007380833831
0.9127795344880789,-44.64827635358591,21.265121246574655,93.89373720664221,3.2756993146539406,-4.228357516866299,-14.81313883525009,38.03653450868207,1.578934119538429,37.60366399030836,3.108085505432343,26.14985539371736,-20.056137098183466
4.567759586904719,1.4566395793700846,-54.4555462516555,3.2756993146539406,223.03277793396597,-133.84299247811697,93.83926814448587,8.467224744175217,-26.34334352277482,34.57892569942111,16.61697242730328,10.701444964849617,-25.751698394991298
-3.1252910411173147,-14.05310066297597,32.64684331321065,-4.228357516866299,-133.84299247811697,261.26101745979287,-57.15387424453139,-20.347838037798663,50.558904033616315,-63.35054140830978,0.8013184829831351,-15.95420207888566,47.62491695588797
4.582783555186419,6.173672054175287,-32.84098246115809,-14.81313883525009,93.83926814448587,-57.15387424453139,190.9686426137575,91.96144294709873,-44.81988104010854,-0.4328412339385717,-9.840665045196536,-0.9860960014317197,-53.98567060353149
2.852469743551802,-23.712316754989285,2.026932339699764,38.03653450868207,8.467224744175217,-20.347838037798663,91.96144294709873,151.64155682638744,30.384729980117775,16.31367519761316,-5.788776668108101,-0.6590690628404807,-44.4759983804039
-1.7942859224238181,3.371677844541329,10.680788782905966,1.578934119538429,-26.34334352277482,50.558904033616315,-44.81988104010854,30.384729980117775,133.91763948019715,35.315218473129086,9.559364241906684,-6.663696645355205,27.260250533337807
0.4742320328014947,-12.820000760351872,1.8714648811773298,37.60366399030836,34.57892569942111,-63.35054140830978,-0.4328412339385717,16.31367519761316,35.315218473129086,136.8440972126255,39.749828190534046,31.155997420563985,0.41388751526262557
0.11881109682169078,6.421973642367795,4.116497098867829,3.108085505432343,16.61697242730328,0.8013184829831351,-9.840665045196536,-5.788776668108101,9.559364241906684,39.749828190534046,108.7892344668174,51.01707824439514,11.71514709282422
1.7312090379840541,-16.775314083875326,-0.9788370722632963,26.14985539371736,10.701444964849617,-15.95420207888566,-0.9860960014317197,-0.6590690628404807,-6.663696645355205,31.155997420563985,51.01707824439514,90.86102752409396,36.119307485416
-2.1110776172315764,12.385592456365101,7.911007380833831,-20.056137098183466,-25.751698394991298,47.62491695588797,-53.98567060353149,-44.4759983804039,27.260250533337807,0.41388751526262557,11.71514709282422,36.119307485416,103.35604138111351
