1.5301346703928402,-3.9296273931640795,-3.34793440553455,-1.2065681853980537,-0.11289072911355566,-2.838883027739008,-0.5657348705656443,-0.9460373897503879,-1.8591421690575096,-1.872684629045381,-2.4582392392626264,-0.5432140574416022,-0.6661973006107861
-3.9296273931640795,67.36568277090026,14.331905489871597,-40.59791016687122,20.460198101641133,-33.15543243663223,25.22808294787197,-9.81394235871971,1.568519913545165,13.221191922767671,14.03262954410401,-5.254624147443548,0.28690012916934104
-3.34793440553455,14.331905489871597,44.99467910262277,45.704035969053855,-17.473286828130234,21.539199835507496,-19.389527173217296,0.648433239377601,-16.555568159168413,-11.114697625122712,5.2755137414269635,1.5483094216317728,-7.991771960983864
-1.2065681853980537,-40.59791016687122,45.704035969053855,119.53278156337346,19.177219295275716,39.10002472981967,-18.78634982258772,1.4027671417345176,-39.26088304630748,-22.53990918004243,-11.430133966041698,15.744328385111412,-17.15420623354982
-0.11289072911355566,20.460198101641133,-17.473286828130234,19.177219295275716,201.21098465312411,-73.528428142576,100.64058957977382,-6.579390921627354,-43.73175973735319,19.243113061477356,-2.6632528511370266,14.497154173588816,-9.468622505191208
-2.838883027739008,-33.15543243663223,21.539199835507496,39.10002472981967,-73.528428142576,236.17370019237703,-24.57934756594154,34.921648018056,60.56629982306131,-24.858750352127657,28.10719442838412,3.2708895906753916,47.26680029062056
-0.5657348705656443,25.22808294787197,-19.389527173217296,-18.78634982258772,100.64058957977382,-24.57934756594154,150.52545980975216,47.08770151631191,-16.518383699602722,24.56486056744577,-25.840882841730345,3.611756447025217,-14.716176736982172
-0.9460373897503879,-9.81394235871971,0.648433239377601,1.4027671417345176,-6.579390921627354,34.921648018056,47.08770151631191,107.45178752973493,80.0298477202908,24.465976440879473,12.44054571447275,-2.8197058515387643,9.86253212575112
-1.8591421690575096,1.568519913545165,-16.555568159168413,-39.26088304630748,-43.73175973735319,60.56629982306131,-16.518383699602722,80.0298477202908,196.42649307607135,68.53035867731965,60.33740873602938,14.591426565879047,46.097510175660794
-1.872684629045381,13.221191922767671,-11.114697625122712,-22.53990918004243,19.243113061477356,-24.858750352127657,24.56486056744577,24.465976440879473,68.53035867731965,122.10646334363825,48.47047654526701,27.635476717930626,20.072250648217736
-2.4582392392626264,14.03262954410401,5.2755137414269635,-11.430133966041698,-2.6632528511370266,28.10719442838412,-25.840882841730345,12.44054571447275,60.33740873602938,48.47047654526701,110.29146677998035,48.0300610619915,43.623290176521714
-0.5432140574416022,-5.254624147443548,1.5483094216317728,15.744328385111412,14.497154173588816,3.2708895906753916,3.611756447025217,-2.8197058515387643,14.591426565879047,27.635476717930626,48.0300610619915,79.96084971841422,45.60018659644068
-0.6661973006107861,0.28690012916934104,-7.991771960983864,-17.15420623354982,-9.468622505191208,47.26680029062056,-14.716176736982172,9.86253212575112,46.097510175660794,20.072250648217736,43.623290176521714,45.60018659644068,85.43058399145873
