3.0675089694924207,-8.828659118610512,-6.288386963657558,0.7720783343881363,4.068790752418249,-6.489889595577709,-4.219737827023949,-1.7441711530248516,2.370913938589936,-0.6856327682602795,-3.352438211439212,-1.5719513434562178,-0.23083498904434874
-8.828659118610512,107.42773648630177,43.31369309358018,-49.424111979655315,-17.326014423912085,0.6857222808415553,55.104876115644196,0.44800472250017087,-39.071564973870316,-8.140554386029086,24.930152487232387,10.531411065202342,-3.509857205187895
-6.288386963657558,43.31369309358018,71.15204280740619,47.74212467014916,-28.061659725602578,63.836466931025896,8.828016044430992,26.572294159622153,-7.812885697837955,-2.975936349230995,29.85255014037894,22.88279266521455,10.367688464832852
0.7720783343881363,-49.424111979655315,47.74212467014916,132.93191059755063,45.538946331490656,69.11640452312491,-22.89806694402674,38.64421299408695,44.620706683125874,15.143652543596344,5.6225812512345374,20.431423526066496,20.925253003009388
4.068790752418249,-17.326014423912085,-28.061659725602578,45.538946331490656,224.0645504617158,-63.136150377208914,69.31646444952084,27.78167330022977,36.014443959827496,33.76507011972621,-12.935518220326442,-8.331742671612425,2.879142728720806
-6.489889595577709,0.6857222808415553,63.836466931025896,69.11640452312491,-63.136150377208914,241.38805949171385,4.374919707967202,60.10174927978555,54.05914356720002,-15.282566583156823,29.03134935496649,-0.09947436401469986,20.51858876807509
-4.219737827023949,55.104876115644196,8.828016044430992,-22.89806694402674,69.31646444952084,4.374919707967202,168.37654643421604,69.47789115741696,-14.722013943934368,13.442713607852276,4.518442792362343,5.092741020966287,-22.868662457513963
-1.7441711530248516,0.44800472250017087,26.572294159622153,38.64421299408695,27.78167330022977,60.10174927978555,69.47789115741696,120.79660287913039,68.95938468576074,6.586102419206135,-2.466603538522294,-9.145386970999997,10.901882499013638
2.370913938589936,-39.071564973870316,-7.812885697837955,44.620706683125874,36.014443959827496,54.05914356720002,-14.722013943934368,68.95938468576074,140.94422014604558,33.25456151100852,-11.643488399667357,-15.939434914352734,18.55087471729529
-0.6856327682602795,-8.140554386029086,-2.975936349230995,15.143652543596344,33.76507011972621,-15.282566583156823,13.442713607852276,6.586102419206135,33.25456151100852,112.85002017171836,35.10063250785122,16.254453997431664,1.084635534512515
-3.352438211439212,24.930152487232387,29.85255014037894,5.6225812512345374,-12.935518220326442,29.03134935496649,4.518442792362343,-2.466603538522294,-11.643488399667357,35.10063250785122,120.058550964707,54.32699491394774,5.545267574913513
-1.5719513434562178,10.531411065202342,22.88279266521455,20.431423526066496,-8.331742671612425,-0.09947436401469986,5.092741020966287,-9.145386970999997,-15.939434914352734,16.254453997431664,54.32699491394774,84.8066782275066,37.375582211969224
-0.23083498904434874,-3.509857205187895,10.367688464832852,20.925253003009388,2.879142728720806,20.51858876807509,-22.868662457513963,10.901882499013638,18.55087471729529,1.084635534512515,5.545267574913513,37.375582211969224,77.57854541966091
