1.6266259843553197,-6.1512229679211625,-4.596639684812308,2.1210646921862333,4.50530900416486,-8.104505522634417,-0.83341371770463,0.4847691108092906,-2.578836504573544,-0.18016576558534214,-0.6225854743347454,3.0909881222307654,-1.8892759016739498
-6.1512229679211625,81.22181908081289,30.681807177033296,-46.347915294582826,0.1353763752808904,-2.918457721420581,11.935721429350712,-27.545786110873404,4.3407086824272225,-1.3213509789209832,24.684326343224853,-6.762568216342382,17.354170249764294
-4.596639684812308,30.681807177033296,49.00176847810161,13.835212529706704,-56.84551606754379,44.05874931636135,-20.51124421843199,-4.6148071568323745,-6.604494335432934,-15.991543438222012,15.827488944428055,5.82875026527197,9.944338333471439
2.1210646921862333,-46.347915294582826,13.835212529706704,72.83407446707152,-9.294327954608205,13.884109562794588,-10.107828186049582,23.35869796302823,-18.385445152288916,-9.424964364243412,-13.09813154282462,20.588540369309435,-14.948040550094179
4.50530900416486,0.1353763752808904,-56.84551606754379,-9.294327954608205,197.25171909753183,-120.48572529924894,86.6167078375201,11.279976874371691,-12.869774580787267,31.798864058677005,-14.37685944676814,-1.0026605716935784,-18.257076949586967
-8.104505522634417,-2.918457721420581,44.05874931636135,13.884109562794588,-120.48572529924894,256.12008688456075,-57.17109783606092,5.090514411437531,86.74099875674098,-11.00621912470241,12.26379497938164,-27.624708803609476,56.74248902261194
-0.83341371770463,11.935721429350712,-20.51124421843199,-10.107828186049582,86.6167078375201,-57.17109783606092,178.53233198838987,74.30419864219014,-31.583423582092507,43.5189852310042,-27.979219194131726,-14.402823353658107,-39.57444607519966
0.4847691108092906,-27.545786110873404,-4.6148071568323745,23.35869796302823,11.279976874371691,5.090514411437531,74.30419864219014,117.25387076995062,38.91493475652542,12.121292358406366,-16.215430458519183,-10.138818634594141,-15.046599050210215
-2.578836504573544,4.3407086824272225,-6.604494335432934,-18.385445152288916,-12.869774580787267,86.74099875674098,-31.583423582092507,38.91493475652542,167.29502088343273,32.10101787419729,13.85159791536055,-14.763321704487772,47.95693190864843
-0.18016576558534214,-1.3213509789209832,-15.991543438222012,-9.424964364243412,31.798864058677005,-11.00621912470241,43.5189852310042,12.121292358406366,32.10101787419729,121.03763989635462,25.79134948539968,4.969917934199757,7.226474246116636
-0.6225854743347454,24.684326343224853,15.827488944428055,-13.09813154282462,-14.37685944676814,12.26379497938164,-27.979219194131726,-16.215430458519183,13.85159791536055,25.79134948539968,105.35790957942285,43.354215914214286,21.7641283653549
3.0909881222307654,-6.762568216342382,5.82875026527197,20.588540369309435,-1.0026605716935784,-27.624708803609476,-14.402823353658107,-10.138818634594141,-14.763321704487772,4.969917934199757,43.354215914214286,89.44217323215892,29.27438132837499
-1.8892759016739498,17.354170249764294,9.944338333471439,-14.948040550094179,-18.257076949586967,56.74248902261194,-39.57444607519966,-15.046599050210215,47.95693190864843,7.226474246116636,21.7641283653549,29.27438132837499,88.2827155758342
