1.8741960478057305,-2.490556241035739,-3.1000959346946533,-2.582692783546609,-1.370874342728912,-2.6444173601882515,-1.526569823937697,-0.9141037959155256,-0.008975360518404352,0.9577785370898254,-1.0623551788083265,-0.4882125168615744,-0.7442039473959267
-2.490556241035739,70.60358614133149,23.659118083268382,-38.516643424992466,-5.044221289825705,-55.606687796900445,8.372127077279243,-20.12823229844331,-16.73367056915994,3.7657088566770733,20.46090276486036,11.199226201795955,5.217000086872155
-3.1000959346946533,23.659118083268382,44.41123035885953,25.896389042464,-44.24143340377397,9.424791621240223,-30.77583136005123,0.26990794584467653,-7.735162337245577,-6.010851967038737,14.487990815995472,17.965073477164733,7.727606692824238
-2.582692783546609,-38.516643424992466,25.896389042464,89.3378451233715,22.73309299030634,53.52098939968854,-7.965822438789163,22.79308593737355,10.472896287020337,-5.2039915588381,-14.232628687676874,6.352400887355533,-2.544374742180364
-1.370874342728912,-5.044221289825705,-44.24143340377397,22.73309299030634,250.83484591970085,-34.432660623904944,127.21525133977556,22.66883645563521,12.491551905121964,15.225050506087099,-29.21813893030008,-28.10530381680198,-20.766435302065
-2.6444173601882515,-55.606687796900445,9.424791621240223,53.52098939968854,-34.432660623904944,244.20844810642902,-5.6480739455919675,41.00417494487211,66.46421285781905,-19.141071382896563,6.329490860022244,-24.52971039498114,18.662094796279554
-1.526569823937697,8.372127077279243,-30.77583136005123,-7.965822438789163,127.21525133977556,-5.6480739455919675,161.69522456444227,57.60260150473793,2.6046565333511196,36.92497807980897,-12.3275905370368,-7.415876005163055,-24.930770237241624
-0.9141037959155256,-20.12823229844331,0.26990794584467653,22.79308593737355,22.66883645563521,41.00417494487211,57.60260150473793,91.6280559596464,44.71645106264449,15.76280939142196,3.0730163480595767,-5.647331333876355,-3.608651737384538
-0.008975360518404352,-16.73367056915994,-7.735162337245577,10.472896287020337,12.491551905121964,66.46421285781905,2.6046565333511196,44.71645106264449,110.2708906154183,26.424813393106845,12.720698716299683,-9.757145113587505,15.035030165322194
0.9577785370898254,3.7657088566770733,-6.010851967038737,-5.2039915588381,15.225050506087099,-19.141071382896563,36.92497807980897,15.76280939142196,26.424813393106845,118.48772106327112,40.44464110112235,22.927649917480487,7.726312559622914
-1.0623551788083265,20.46090276486036,14.487990815995472,-14.232628687676874,-29.21813893030008,6.329490860022244,-12.3275905370368,3.0730163480595767,12.720698716299683,40.44464110112235,103.9590016197667,57.0260988708431,28.43862881445475
-0.4882125168615744,11.199226201795955,17.965073477164733,6.352400887355533,-28.10530381680198,-24.52971039498114,-7.415876005163055,-5.647331333876355,-9.757145113587505,22.927649917480487,57.0260988708431,96.7525089758583,47.23277633944417
-0.7442039473959267,5.217000086872155,7.727606692824238,-2.544374742180364,-20.766435302065,18.662094796279554,-24.930770237241624,-3.608651737384538,15.035030165322194,7.726312559622914,28.43862881445475,47.23277633944417,79.88650308030564
