2.2469016614514516,-8.806325646706371,-6.299980862743523,1.1904174269170253,3.963368194761348,-6.258407796186851,-2.9629222023501938,-1.9910457702214914,-1.3183221798599178,-0.2913173408838983,-1.1900997644014644,1.6918309811192487,-1.2103103708423926
-8.806325646706371,100.58819066441093,41.66531454917435,-47.38579690558725,-14.343079803647923,-33.388880250201005,2.9627255213856283,-38.47629912667548,-26.17168456938012,0.5931032674432687,25.35687784442251,-13.983859464897058,-8.146006986263826
-6.299980862743523,41.66531454917435,55.377855272905364,21.0013032452467,-51.36047532464924,23.517012246227942,-34.72418092792998,-14.397725552485158,-16.397275692693977,-8.399949236993866,15.552196728197535,-4.871966219166282,-7.3434713845905595
1.1904174269170253,-47.38579690558725,21.0013032452467,85.56460481578625,2.8307769716218947,37.47076547272867,-12.789742127787864,26.151336263897154,4.698794743661127,-2.5622215474698327,-15.936570462400125,13.039345247243965,-4.35146249898592
3.963368194761348,-14.343079803647923,-51.36047532464924,2.8307769716218947,197.5060263639931,-72.98731793394849,122.83545326908778,39.89100583202338,-1.4032689521139956,28.080839071062233,-23.51895723217066,6.50733720163744,-2.617947256974788
-6.258407796186851,-33.388880250201005,23.517012246227942,37.47076547272867,-72.98731793394849,239.84862157684475,10.478179529858636,55.35399466314698,52.68032435050806,-29.958157350964733,4.175148784150455,-5.965524769004261,37.509840124627665
-2.9629222023501938,2.9627255213856283,-34.72418092792998,-12.789742127787864,122.83545326908778,10.478179529858636,222.98776383231544,104.2646420224697,-7.6700714099520635,25.710986182954326,-44.966261286539215,0.9635068561857846,-5.052153610467984
-1.9910457702214914,-38.47629912667548,-14.397725552485158,26.151336263897154,39.89100583202338,55.35399466314698,104.2646420224697,142.81570476872756,67.19552046300777,11.427957799917538,-21.943107406893436,6.100276748835696,21.316035277929796
-1.3183221798599178,-26.17168456938012,-16.397275692693977,4.698794743661127,-1.4032689521139956,52.68032435050806,-7.6700714099520635,67.19552046300777,147.09876696207556,40.49855281472876,24.962378475406624,13.918734195325104,37.49888271296314
-0.2913173408838983,0.5931032674432687,-8.399949236993866,-2.5622215474698327,28.080839071062233,-29.958157350964733,25.710986182954326,11.427957799917538,40.49855281472876,114.69895187327585,38.05174510466507,14.518869934600557,0.1277035808718414
-1.1900997644014644,25.35687784442251,15.552196728197535,-15.936570462400125,-23.51895723217066,4.175148784150455,-44.966261286539215,-21.943107406893436,24.962378475406624,38.05174510466507,110.3101587442134,36.55109240889206,12.396404320045349
1.6918309811192487,-13.983859464897058,-4.871966219166282,13.039345247243965,6.50733720163744,-5.965524769004261,0.9635068561857846,6.100276748835696,13.918734195325104,14.518869934600557,36.55109240889206,75.70090801435188,35.761650864004174
-1.2103103708423926,-8.146006986263826,-7.3434713845905595,-4.35146249898592,-2.617947256974788,37.509840124627665,-5.052153610467984,21.316035277929796,37.49888271296314,0.1277035808718414,12.396404320045349,35.761650864004174,78.65890318779178
