2.151336360883138,-4.572608754120634,-4.698227466937217,-2.958400216473427,-1.1123952248541253,-5.614523190584974,-0.7956676890072605,-0.7139764133455468,-0.43401679449558433,-0.9946741491091141,0.9202117690807405,1.4043093562297277,-2.7528247715389216
-4.572608754120634,64.96234426642626,15.491177915120877,-35.52177830928949,17.523633872846403,-24.38489599529382,26.898063526157955,-13.581695821840087,-17.87160207849249,11.588486576970794,22.144857414302713,0.7887606553202358,-5.576151768431629
-4.698227466937217,15.491177915120877,47.228395793819146,44.190392669416276,-18.53115141498443,25.1486768455293,-9.119879066900115,13.876720142382073,-7.47433760567767,-10.936696626098733,14.721950074856057,12.625763594926639,1.1455603361041131
-2.958400216473427,-35.52177830928949,44.190392669416276,105.56386965006715,14.333778902627266,40.15782805027671,-21.319963761374854,25.937767743998126,18.44454301537654,-10.939631493682779,-15.332908149753829,10.451447242070948,14.014265828887936
-1.1123952248541253,17.523633872846403,-18.53115141498443,14.333778902627266,184.76250911566945,-70.92321944688295,61.40804743167525,5.040525752591405,14.06170788226144,24.70852952661437,-24.9485628369324,-15.46292373509618,13.402876784512056
-5.614523190584974,-24.38489599529382,25.1486768455293,40.15782805027671,-70.92321944688295,216.10120396391287,-46.82552670063968,16.184815491000563,63.22059296669183,2.0628413589638273,18.119405138604343,-6.441996902765751,38.704627477099265
-0.7956676890072605,26.898063526157955,-9.119879066900115,-21.319963761374854,61.40804743167525,-46.82552670063968,116.53745830857103,35.83263630264413,-21.102873828791108,13.672380850599412,-1.1814032432749066,10.939112005000764,-19.5562558859865
-0.7139764133455468,-13.581695821840087,13.876720142382073,25.937767743998126,5.040525752591405,16.184815491000563,35.83263630264413,90.84217599815443,47.55410651624753,-14.559996220072248,-9.642461403096583,-4.981306977927258,8.18821555035509
-0.43401679449558433,-17.87160207849249,-7.47433760567767,18.44454301537654,14.06170788226144,63.22059296669183,-21.102873828791108,47.55410651624753,133.58193947202042,32.35537749955358,-7.304827937299237,-18.030588543949534,34.57134473929674
-0.9946741491091141,11.588486576970794,-10.936696626098733,-10.939631493682779,24.70852952661437,2.0628413589638273,13.672380850599412,-14.559996220072248,32.35537749955358,149.3689014792646,45.921917050411615,15.41681549956892,15.357561355322806
0.9202117690807405,22.144857414302713,14.721950074856057,-15.332908149753829,-24.9485628369324,18.119405138604343,-1.1814032432749066,-9.642461403096583,-7.304827937299237,45.921917050411615,149.5050128975444,73.03869399484964,-3.9774379296686346
1.4043093562297277,0.7887606553202358,12.625763594926639,10.451447242070948,-15.46292373509618,-6.441996902765751,10.939112005000764,-4.981306977927258,-18.030588543949534,15.41681549956892,73.03869399484964,102.87099138062027,25.300361568316134
-2.7528247715389216,-5.576151768431629,1.1455603361041131,14.014265828887936,13.402876784512056,38.704627477099265,-19.5562558859865,8.18821555035509,34.57134473929674,15.357561355322806,-3.9774379296686346,25.300361568316134,83.96112709290068
