1.5839843411998904,-5.590853847101327,-6.228580212287984,-0.783467138914964,5.932205151545668,-3.501388984972362,-0.9028188626299595,0.4260493179536079,2.064004876980483,-0.9231246671998438,-0.5632766993300524,1.8848458765733909,0.7520535805981726
-5.590853847101327,87.03427458816762,39.30866225867013,-50.46332111773508,-19.781488488858557,-3.6851964747838513,18.182387484287432,-35.05202685142667,-11.757250426815627,4.863397874205104,22.54723584240016,-9.499054988563675,11.295042670587339
-6.228580212287984,39.30866225867013,62.46306738195619,16.2996779412851,-71.84270157952636,58.81650599674903,-14.522081672513742,-8.242045616842212,-8.843456187191682,2.181899705164486,19.338106131359048,1.7015883438622605,6.9669461069049765
-0.783467138914964,-50.46332111773508,16.2996779412851,99.97938369138713,24.53161893588238,18.208400000001927,-3.6415086011237965,48.92707362962545,6.57823680519624,10.493934584446787,-9.37634268377807,16.520892500539084,-18.54311880363584
5.932205151545668,-19.781488488858557,-71.84270157952636,24.53161893588238,272.50874532721895,-137.48906453152543,94.48688883919935,42.79943520413652,14.393323137601573,25.191417515514395,-19.558982538668776,1.1925512618301857,-19.320532660065187
-3.501388984972362,-3.6851964747838513,58.81650599674903,18.208400000001927,-137.48906453152543,274.57480357512696,-36.31813407128815,-13.919316165674653,42.928244756622256,-15.965994900494684,18.781620068521946,-8.312295396999222,55.526622696114835
-0.9028188626299595,18.182387484287432,-14.522081672513742,-3.6415086011237965,94.48688883919935,-36.31813407128815,157.7991790230042,67.29008361592525,-15.956210377825007,39.82581461050265,-9.739395266229076,-8.277228316483278,-32.14819846123412
0.4260493179536079,-35.05202685142667,-8.242045616842212,48.92707362962545,42.79943520413652,-13.919316165674653,67.29008361592525,143.5642751440596,58.43907731741096,19.9630777012284,-14.509459830245484,-7.573211407116366,-25.89550494890585
2.064004876980483,-11.757250426815627,-8.843456187191682,6.57823680519624,14.393323137601573,42.928244756622256,-15.956210377825007,58.43907731741096,143.01411755888415,18.069235077890703,-2.7413692412592754,-4.449318146594666,29.486532424700822
-0.9231246671998438,4.863397874205104,2.181899705164486,10.493934584446787,25.191417515514395,-15.965994900494684,39.82581461050265,19.9630777012284,18.069235077890703,103.47025358436994,33.63175981738813,15.792936893260013,-1.7096991530322203
-0.5632766993300524,22.54723584240016,19.338106131359048,-9.37634268377807,-19.558982538668776,18.781620068521946,-9.739395266229076,-14.509459830245484,-2.7413692412592754,33.63175981738813,100.33549728364177,49.68842949412512,21.018312811904423
1.8848458765733909,-9.499054988563675,1.7015883438622605,16.520892500539084,1.1925512618301857,-8.312295396999222,-8.277228316483278,-7.573211407116366,-4.449318146594666,15.792936893260013,49.68842949412512,97.41316367733462,46.02848719913376
0.7520535805981726,11.295042670587339,6.9669461069049765,-18.54311880363584,-19.320532660065187,55.526622696114835,-32.14819846123412,-25.89550494890585,29.486532424700822,-1.7096991530322203,21.018312811904423,46.02848719913376,101.18129850117306
