1.8847275503457968,-7.396358754501679,-7.032763458787482,-1.2531177321044407,4.381626946660275,-3.4130929755297603,2.602578725184496,0.8474504165989472,-0.6754328742442007,-1.0297928778687053,-3.0275050934275316,-0.4501682887983646,-0.904877182066827
-7.396358754501679,75.32295439478737,32.50294906550739,-28.75738553741232,1.4699555387815137,-39.825545859164066,17.37643577330916,-9.727257271049506,-13.948157895160355,10.874115282200732,16.74832677432752,-1.4579195134647494,-8.376546855365316
-7.032763458787482,32.50294906550739,68.3405411657068,49.23414711874126,-48.07123010699286,1.069810642260914,-28.4068601497471,7.269836585792525,-16.567669819244408,3.401166446035022,17.197490573955438,11.25820641721065,-12.73564331232627
-1.2531177321044407,-28.75738553741232,49.23414711874126,100.42642777992904,-10.962010708556601,16.104651432126328,-31.925651095847858,11.619762851294837,-9.712567304586967,-0.4110190198617646,-2.43979486701369,19.270877771889964,-7.2660148914248195
4.381626946660275,1.4699555387815137,-48.07123010699286,-10.962010708556601,194.6550784622354,-65.92817852999993,74.27430716298966,-7.756590964069184,-7.086245468986446,4.896568381442667,-17.44167917051347,-0.10503287878191485,14.052598762423804
-3.4130929755297603,-39.825545859164066,1.069810642260914,16.104651432126328,-65.92817852999993,264.0060749041206,-53.268280759583995,18.81393420916039,89.7872698969909,-49.99351650282763,6.129033795052384,-10.962339046758006,71.86101716205025
2.602578725184496,17.37643577330916,-28.4068601497471,-31.925651095847858,74.27430716298966,-53.268280759583995,144.63459807462266,47.72956705118203,-24.554612909502488,17.50861508891888,-31.468722256379536,-2.7736290721208534,-16.051791988846073
0.8474504165989472,-9.727257271049506,7.269836585792525,11.619762851294837,-7.756590964069184,18.81393420916039,47.72956705118203,103.26956695602885,52.67157840838092,-4.79849535519818,-9.754978486198203,-9.472963390516684,4.51409917269409
-0.6754328742442007,-13.948157895160355,-16.567669819244408,-9.712567304586967,-7.086245468986446,89.7872698969909,-24.554612909502488,52.67157840838092,156.1338299317585,12.971864200018494,18.279249873046165,-4.322484639861576,40.91094157337729
-1.0297928778687053,10.874115282200732,3.401166446035022,-0.4110190198617646,4.896568381442667,-49.99351650282763,17.50861508891888,-4.79849535519818,12.971864200018494,139.57263101445847,49.55159311970061,16.566033539531592,-13.156016312817176
-3.0275050934275316,16.74832677432752,17.197490573955438,-2.43979486701369,-17.44167917051347,6.129033795052384,-31.468722256379536,-9.754978486198203,18.279249873046165,49.55159311970061,112.58812837114411,46.1997120590461,14.318198960416895
-0.4501682887983646,-1.4579195134647494,11.25820641721065,19.270877771889964,-0.10503287878191485,-10.962339046758006,-2.7736290721208534,-9.472963390516684,-4.322484639861576,16.566033539531592,46.1997120590461,84.57164231013527,33.20894078303109
-0.904877182066827,-8.376546855365316,-12.73564331232627,-7.2660148914248195,14.052598762423804,71.86101716205025,-16.051791988846073,4.51409917269409,40.91094157337729,-13.156016312817176,14.318198960416895,33.20894078303109,91.97220974424728
