1.6613205330441938,-7.75306163535877,-5.920911593205437,0.37134081665611474,4.489907834322481,-1.2930349825589234,-1.3631859054069486,-2.298104123392372,-0.3244737339434707,0.06328568032189644,-0.19608977647336445,-0.8679479660733485,-2.0831342062672773
-7.75306163535877,80.33554643354333,27.680270072072393,-36.70045612113557,9.2741466418976,-42.38528876807398,28.484096456081435,-5.786024031527343,-9.823957044500967,8.605105908982942,12.67514568729254,-0.32420718559548206,-1.5760962609530722
-5.920911593205437,27.680270072072393,51.703183656844445,32.83210793012113,-42.78276736701971,7.079882873923165,-9.141118883420429,19.38935460559105,-10.423921411102405,-12.974908971150267,6.366061390515487,7.314311717299626,-7.440330455260447
0.37134081665611474,-36.70045612113557,32.83210793012113,83.8557648170696,-12.905059272086385,21.9977952375286,-15.49028949324398,26.845946984381847,-4.3120551024622475,-18.696711907597027,-11.729184705112596,13.684068801245337,-8.88048105545114
4.489907834322481,9.2741466418976,-42.78276736701971,-12.905059272086385,189.96681258144102,-89.47292358624588,80.30070293396871,-1.058351693777044,-3.2777844665064735,13.912563983944109,-10.579986635074073,-0.10666216430760264,-3.5453323334297995
-1.2930349825589234,-42.38528876807398,7.079882873923165,21.9977952375286,-89.47292358624588,223.4994451820822,-46.76231851720436,14.371367409041275,60.9940760885297,-14.618840057845498,3.7723497000705732,-10.37690554504541,52.05114611067087
-1.3631859054069486,28.484096456081435,-9.141118883420429,-15.49028949324398,80.30070293396871,-46.76231851720436,154.63177859594046,57.39278604605981,-31.590295114651866,6.221499617648553,-30.021899663324874,6.450525037333119,-15.824726495019187
-2.298104123392372,-5.786024031527343,19.38935460559105,26.845946984381847,-1.058351693777044,14.371367409041275,57.39278604605981,95.32497847381995,19.387518074242504,-19.287229517868898,-8.927480727724834,8.299795584153742,1.1406949294317796
-0.3244737339434707,-9.823957044500967,-10.423921411102405,-4.3120551024622475,-3.2777844665064735,60.9940760885297,-31.590295114651866,19.387518074242504,112.4599031875965,28.226160967841313,29.22054173628733,5.999293776604506,31.16946320876519
0.06328568032189644,8.605105908982942,-12.974908971150267,-18.696711907597027,13.912563983944109,-14.618840057845498,6.221499617648553,-19.287229517868898,28.226160967841313,136.19087074986405,38.50982645678125,12.060201178185459,13.414319447445342
-0.19608977647336445,12.67514568729254,6.366061390515487,-11.729184705112596,-10.579986635074073,3.7723497000705732,-30.021899663324874,-8.927480727724834,29.22054173628733,38.50982645678125,99.64005676754267,31.432266967570897,6.881226908356476
-0.8679479660733485,-0.32420718559548206,7.314311717299626,13.684068801245337,-0.10666216430760264,-10.37690554504541,6.450525037333119,8.299795584153742,5.999293776604506,12.060201178185459,31.432266967570897,73.43497683328408,31.962833957099306
-2.0831342062672773,-1.5760962609530722,-7.440330455260447,-8.88048105545114,-3.5453323334297995,52.05114611067087,-15.824726495019187,1.1406949294317796,31.16946320876519,13.414319447445342,6.881226908356476,31.962833957099306,86.92704442414411
