0.9092540442329874,-2.7077002958325105,-2.3174425156225023,0.3192924914522034,3.2164631578652148,0.5677635524787487,0.4507845166232864,0.6759040347632398,1.5655805983038955,-0.9836846479697358,0.26233098256479825,1.140216033846046,0.7331849417709669
-2.7077002958325105,51.91667979362322,13.489283664077982,-28.618358237457706,15.20878922642676,-53.365061993417605,18.582732714800944,-15.241228805722113,-18.7152202808196,5.591701787082045,5.4220523926897535,-3.8867690420948264,-9.298454738808237
-2.3174425156225023,13.489283664077982,33.42944073821736,24.01737385204519,-33.095263406580855,15.98301356663094,-19.872968652665627,1.3137611476390272,-8.863811223058223,-0.3812155232393315,7.858236970120595,1.3814853533073694,-4.1736827396500615
0.3192924914522034,-28.618358237457706,24.01737385204519,68.49786918463865,-2.3158586165851025,51.08116610398841,-12.320525392390563,16.26949485885591,7.799721896343026,5.229726134976696,1.149172717921223,10.845637919444112,0.9760892056339163
3.2164631578652148,15.20878922642676,-33.095263406580855,-2.3158586165851025,194.30655057504632,-64.44713538671495,94.07016778642797,14.274486836091953,15.249506016250336,28.208343334136792,-1.7640433017348292,7.65616750819293,2.031954191185009
0.5677635524787487,-53.365061993417605,15.98301356663094,51.08116610398841,-64.44713538671495,199.6240105986363,-34.4037960476768,41.40450856650255,66.95948688798778,-20.069939643694514,15.481177256229078,-0.14202508585077303,37.485062960516494
0.4507845166232864,18.582732714800944,-19.872968652665627,-12.320525392390563,94.07016778642797,-34.4037960476768,153.6859139713365,60.91350614717457,-10.545738005367383,28.878651606748097,-30.14824099203524,-5.153260007007674,-16.25468492039522
0.6759040347632398,-15.241228805722113,1.3137611476390272,16.26949485885591,14.274486836091953,41.40450856650255,60.91350614717457,100.41861407169552,54.12527739277912,11.99806331517691,-1.7776837426742202,-6.284185783897886,8.382080918835635
1.5655805983038955,-18.7152202808196,-8.863811223058223,7.799721896343026,15.249506016250336,66.95948688798778,-10.545738005367383,54.12527739277912,140.37797564558215,28.33311864396957,31.547189447532155,14.68907058985608,36.805846321618965
-0.9836846479697358,5.591701787082045,-0.3812155232393315,5.229726134976696,28.208343334136792,-20.069939643694514,28.878651606748097,11.99806331517691,28.33311864396957,100.72047940169068,42.34977073819546,25.97387292152307,7.731209203978508
0.26233098256479825,5.4220523926897535,7.858236970120595,1.149172717921223,-1.7640433017348292,15.481177256229078,-30.14824099203524,-1.7776837426742202,31.547189447532155,42.34977073819546,100.16398574861313,49.65823755244389,29.181657593834412
1.140216033846046,-3.8867690420948264,1.3814853533073694,10.845637919444112,7.65616750819293,-0.14202508585077303,-5.153260007007674,-6.284185783897886,14.68907058985608,25.97387292152307,49.65823755244389,78.33788845744954,40.54123215988418
0.7331849417709669,-9.298454738808237,-4.1736827396500615,0.9760892056339163,2.031954191185009,37.485062960516494,-16.25468492039522,8.382080918835635,36.805846321618965,7.731209203978508,29.181657593834412,40.54123215988418,69.42445613280417
